1  82   4   0   0   -12.016275   0.000000

./DATA/2947/200/25/
0
          1.7026302644828291
          1.0031738561755554
          0.5664105128129083
          0.2447919817997393
          0.0618141995081932
          0.0069442243666151
          0.0000296370857523
          0.0000000005403461
          0.0415913919759437
          0.1157918889156400
          0.0153540646377787
          0.0895545615774749
          0.0220750393338780
          0.0614551496247185
          0.0081507172211534
          0.0475308275119939
          0.0206234452731796
          0.0159509597981391
          0.0044737494188745
          0.0034602185127440
          0.0022783193208214
          0.0003217097269782
          0.0005043352180431
          0.0003900810030246
          0.0002568519117101
          0.0000362751662761
          0.0000064121032078
          0.0000049594970830
          0.0000032656770917
          0.0000004612478983
          8.7126579577169370
          6.1618231257320950
          4.3604188242339994
          2.7271725942761176
          1.3286698724608825
          0.4410369999855940
          0.0287769123429193
          0.0001228740489097
          2.2121151158500760
          9.7375537583226563
          0.5891867320337995
          8.1146253745063781
          1.4848451203438713
          6.7395014251014507
          0.3801767695209060
          5.6348330742784913
          3.6366854939478008
          3.0551205349722208
          1.5778559163628185
          1.3321470598715437
          0.9690024457319757
          0.1747728304816262
          0.4975131225285662
          0.4219699857472687
          0.3072920510269907
          0.0517281682714397
          0.0530416109783624
          0.0451778791050488
          0.0329149981413962
          0.0051395969877891
          9.7682147760196383
         23.3975532226772529
          4.0896934952891764
         17.7190319419467599
          7.0945196097064667
         17.1078170369749643
          2.9019599037694230
         12.9152573310379655
         10.1874918416064446
          7.6539781062523655
          5.1159913300046833
          3.8238737111815087
          2.2892708059399425
          0.3119918517511022
          2.0183148596404492
          1.5021198935176954
          0.8746284143309453
          0.0879891660384145
          0.3502915406546298
          0.2603485209427517
          0.1473456533305442
          0.0085322204352871
1
          7.5110689029607878
          5.1110559399969517
          3.4733563956355735
          2.0629070446504838
          0.9475941144821148
          0.3009688910236777
          0.0192142453143652
          0.0000819165729526
          5.6251254095918757
         15.5455712660092473
          2.1835178762293066
         12.1039637326467062
          3.9756691330041631
         11.0289287260527100
          1.5199341606326431
          8.5731937536811724
          6.2442463249862490
          4.8388664287654519
          2.9304824375022029
          2.2607110702268374
          1.4453901492006960
          0.2219193444041226
          1.0562802728677785
          0.8099764762829306
          0.5054948966626911
          0.0640493709772878
          0.1574104303278343
          0.1196154911133034
          0.0718099027240508
          0.0062780513499505
          2.9042193192389791
          2.0539410419106972
          1.4534729414113328
          0.9090575314253726
          0.4428899574869606
          0.1470123333285313
          0.0095923041143064
          0.0000409580163032
          5.5440768592111107
         16.5664351399201202
          2.0985749239254994
         13.1209332046344915
          4.0269131595078171
         12.1079779382798094
          1.4793409340710884
          9.5604057128430977
          7.1972191859620693
          5.6513407620222473
          3.5990642577776226
          2.8042416779330632
          1.7811414910468037
          0.2640819171165582
          1.4087231417687369
          1.0869370437092254
          0.6678485479842826
          0.0755063102149285
          0.2406500360541910
          0.1832067631996429
          0.1077059272491346
          0.0073871086892602
          0.8527190150426682
          1.1388924639861213
          0.4121414918059401
          0.6983149407493932
          0.5988574768722232
          0.7718669473686649
          0.2910122958077473
          0.4640217663041887
          0.4033352698790679
          0.2348424102350359
          0.1687743005065561
          0.0945282414058984
          0.0340199307452432
          0.0010851304390259
          0.0513289027505423
          0.0275664402758299
          0.0088338726226722
          0.0001979282839138
          0.0052790973541749
          0.0027091052319373
          0.0007480871758469
          0.0000071186317638
1
          7.5110689029607851
          5.1110559399969508
          3.4733563956355735
          2.0629070446504847
          0.9475941144821148
          0.3009688910236777
          0.0192142453143652
          0.0000819165729526
          5.6251254095918624
         15.5455712660092260
          2.1835178762293048
         12.1039637326467133
          3.9756691330041725
         11.0289287260527136
          1.5199341606326424
          8.5731937536811600
          6.2442463249862543
          4.8388664287654564
          2.9304824375022021
          2.2607110702268418
          1.4453901492007029
          0.2219193444041226
          1.0562802728677807
          0.8099764762829307
          0.5054948966626907
          0.0640493709772880
          0.1574104303278344
          0.1196154911133034
          0.0718099027240507
          0.0062780513499505
          2.9042193192389791
          2.0539410419106967
          1.4534729414113328
          0.9090575314253725
          0.4428899574869605
          0.1470123333285312
          0.0095923041143064
          0.0000409580163032
          5.5440768592111125
         16.5664351399201202
          2.0985749239254998
         13.1209332046344915
          4.0269131595078171
         12.1079779382798218
          1.4793409340710881
          9.5604057128430942
          7.1972191859620755
          5.6513407620222509
          3.5990642577776235
          2.8042416779330628
          1.7811414910468026
          0.2640819171165580
          1.4087231417687369
          1.0869370437092267
          0.6678485479842821
          0.0755063102149285
          0.2406500360541912
          0.1832067631996429
          0.1077059272491345
          0.0073871086892602
          0.8527190150426683
          1.1388924639861213
          0.4121414918059401
          0.6983149407493932
          0.5988574768722230
          0.7718669473686649
          0.2910122958077473
          0.4640217663041885
          0.4033352698790679
          0.2348424102350359
          0.1687743005065561
          0.0945282414058984
          0.0340199307452432
          0.0010851304390259
          0.0513289027505423
          0.0275664402758299
          0.0088338726226722
          0.0001979282839138
          0.0052790973541749
          0.0027091052319373
          0.0007480871758469
          0.0000071186317638
1
          7.5110689029607824
          5.1110559399969464
          3.4733563956355726
          2.0629070446504851
          0.9475941144821144
          0.3009688910236776
          0.0192142453143652
          0.0000819165729526
          5.6251254095918570
         15.5455712660092296
          2.1835178762293093
         12.1039637326467169
          3.9756691330041742
         11.0289287260527082
          1.5199341606326429
          8.5731937536811849
          6.2442463249862588
          4.8388664287654644
          2.9304824375022021
          2.2607110702268369
          1.4453901492007017
          0.2219193444041224
          1.0562802728677756
          0.8099764762829311
          0.5054948966626897
          0.0640493709772880
          0.1574104303278345
          0.1196154911133035
          0.0718099027240505
          0.0062780513499505
          2.9042193192389791
          2.0539410419106972
          1.4534729414113328
          0.9090575314253726
          0.4428899574869605
          0.1470123333285312
          0.0095923041143064
          0.0000409580163032
          5.5440768592111125
         16.5664351399201202
          2.0985749239254994
         13.1209332046344915
          4.0269131595078171
         12.1079779382798289
          1.4793409340710879
          9.5604057128430959
          7.1972191859620791
          5.6513407620222571
          3.5990642577776240
          2.8042416779330619
          1.7811414910468020
          0.2640819171165583
          1.4087231417687356
          1.0869370437092261
          0.6678485479842819
          0.0755063102149286
          0.2406500360541913
          0.1832067631996428
          0.1077059272491346
          0.0073871086892602
          0.8527190150426683
          1.1388924639861211
          0.4121414918059401
          0.6983149407493932
          0.5988574768722230
          0.7718669473686650
          0.2910122958077473
          0.4640217663041886
          0.4033352698790678
          0.2348424102350359
          0.1687743005065561
          0.0945282414058984
          0.0340199307452432
          0.0010851304390259
          0.0513289027505423
          0.0275664402758299
          0.0088338726226722
          0.0001979282839138
          0.0052790973541749
          0.0027091052319373
          0.0007480871758469
          0.0000071186317638
