1  82   4   0   0   -7.991553   0.000000

./DATA/2947/200/13/
0
          2.6362084481296795
         11.1813163459468790
          1.6017592211145506
          7.9905266208358210
          0.9474378110685046
          5.7349450338095647
          0.4481319335347584
          3.6979270888749673
          0.1361642308891353
          1.9431339108836427
          0.0213298394805644
          0.7541634124913185
          0.0002157423372908
          0.0755646095754312
          0.0000000222183903
          0.0007668146302902
          0.2689384222380575
          4.9929416143727874
         17.8747050320174026
          0.7496082658488998
         20.3521216631685284
         41.8083918736958609
          0.1976001908895730
          3.0481047992398738
         16.0849165851044766
          1.1589398781112583
         33.7664648968312520
         63.9522902684612120
          0.1572778753229187
          3.4320603132411565
         13.2301167963713695
          0.4382450864148155
         14.3817472018866042
         31.0878141727660662
          0.1157056843712868
          2.0334469521678145
         11.7198612982409003
          0.6776401065550807
         23.9328207294587720
         47.4352560510301942
          0.1740772599304007
          8.0860233780967832
         19.1039739860833713
          0.2692103152671730
         13.5191509763780218
         29.0185515965884662
          0.0479390793976855
          3.7592239157465883
         10.0805857855777372
          0.0741472212392663
          6.3191869450141915
         15.2190686904868731
          0.1951649088315862
         18.4895706160582840
         37.9912375707224825
        112.5660941820943179
      17079.8940953073069977
      28467.2337594779928622
          0.0076210628708452
          1.3356911701287879
          4.3152472667184512
          0.0117884850891564
          2.2578544860893333
          6.4691362109468615
          0.0310412060726097
          6.6061335565634787
         15.6310336037612210
         17.9364471049204610
       5454.1300747706354741
       9304.9104827236315032
          0.0001933936501281
          0.1899140552361409
          0.9111195610432133
          0.0002991614125043
          0.3229414176282496
          1.3565178823590542
          0.0007879227096000
          0.9432749651435071
          3.1333821725026136
          0.4557481628721979
        664.4976851819875492
       1119.3664330509900537
1
          3.7271054486489610
         10.0904193454275983
          2.6635088736119412
          6.9287769683384290
          1.9116483446031871
          4.7707345002748811
          1.2326423629583219
          2.9134166594514026
          0.6477113036278808
          1.4315868381448971
          0.2513878041637730
          0.5241054478081103
          0.0251882031918104
          0.0505921487209116
          0.0002556048767634
          0.0005112319719171
          1.7380270580460389
         10.1047297767104602
         11.2938282338717553
          2.4861501548775089
         29.6840014937651446
         30.7399701540707326
          1.7340239090257421
          8.2712648384315184
          9.3253328277767498
          3.2302701026886851
         47.4298082725406758
         48.2176166681744007
          1.2452762786883842
          7.4735454112844835
          8.1006332949625097
          1.7236916404995812
         22.0717419014737004
         22.1123729190941773
          1.2463756988228987
          5.9983051185707605
          6.6243331173863966
          2.2032064224452932
         35.1946980989490541
         34.6478123656497843
          0.9391862415325581
         13.5529513003560602
         12.8719370822219119
          1.1661153893913192
         21.5198539444022892
         20.1209435544399859
          0.4198419259794358
          7.1337813103417886
          6.3341255444007407
          0.5008413365794707
         11.2507587688370467
          9.8608027513238277
          0.8380609639795140
         29.8145599912087320
         26.0233521404241088
        188.9076797671575889
      24293.6385118867583515
      21177.1477573134434351
          0.1427068114229148
          3.0366482783427431
          2.4792044099524397
          0.1618102880016610
          4.7417550599910383
          3.8352138341326691
          0.2407502794526476
         12.1412330291233257
          9.8862250578213260
         40.1827528685348696
       7940.9515076688840054
       6795.8427440617469983
          0.0192586389768400
          0.6322004478205098
          0.4497679231321355
          0.0203887354844921
          0.9712149231464684
          0.6881548027688454
          0.0250158170000426
          2.3533148027161608
          1.6991144406395269
          2.0756494789422528
        963.5922181367719759
        818.6519987801378875
1
          3.7271054486489614
         10.0904193454276037
          2.6635088736119412
          6.9287769683384308
          1.9116483446031871
          4.7707345002748820
          1.2326423629583221
          2.9134166594514048
          0.6477113036278809
          1.4315868381448968
          0.2513878041637732
          0.5241054478081103
          0.0251882031918104
          0.0505921487209116
          0.0002556048767634
          0.0005112319719171
          1.7380270580460384
         10.1047297767104691
         11.2938282338717428
          2.4861501548775089
         29.6840014937651411
         30.7399701540707966
          1.7340239090257417
          8.2712648384315202
          9.3253328277767444
          3.2302701026886842
         47.4298082725406829
         48.2176166681743723
          1.2452762786883835
          7.4735454112844879
          8.1006332949625115
          1.7236916404995812
         22.0717419014736969
         22.1123729190942555
          1.2463756988228989
          5.9983051185707694
          6.6243331173863860
          2.2032064224452950
         35.1946980989491180
         34.6478123656496990
          0.9391862415325583
         13.5529513003560762
         12.8719370822219332
          1.1661153893913194
         21.5198539444022821
         20.1209435544399149
          0.4198419259794358
          7.1337813103417895
          6.3341255444007176
          0.5008413365794707
         11.2507587688370450
          9.8608027513238188
          0.8380609639795139
         29.8145599912087178
         26.0233521404240165
        188.9076797671576173
      24293.6385118867656274
      21177.1477573133815895
          0.1427068114229148
          3.0366482783427413
          2.4792044099524460
          0.1618102880016610
          4.7417550599910339
          3.8352138341326758
          0.2407502794526475
         12.1412330291233275
          9.8862250578212851
         40.1827528685348909
       7940.9515076688876434
       6795.8427440617288084
          0.0192586389768400
          0.6322004478205112
          0.4497679231321344
          0.0203887354844921
          0.9712149231464687
          0.6881548027688462
          0.0250158170000426
          2.3533148027161621
          1.6991144406395238
          2.0756494789422542
        963.5922181367714074
        818.6519987801344769
1
          3.7271054486489614
         10.0904193454275930
          2.6635088736119408
          6.9287769683384308
          1.9116483446031873
          4.7707345002748829
          1.2326423629583221
          2.9134166594514017
          0.6477113036278809
          1.4315868381448975
          0.2513878041637732
          0.5241054478081106
          0.0251882031918104
          0.0505921487209116
          0.0002556048767634
          0.0005112319719171
          1.7380270580460382
         10.1047297767104620
         11.2938282338717411
          2.4861501548775085
         29.6840014937651411
         30.7399701540708037
          1.7340239090257417
          8.2712648384315148
          9.3253328277767569
          3.2302701026886842
         47.4298082725406971
         48.2176166681743581
          1.2452762786883838
          7.4735454112844915
          8.1006332949625115
          1.7236916404995812
         22.0717419014736862
         22.1123729190942520
          1.2463756988228991
          5.9983051185707721
          6.6243331173863913
          2.2032064224452954
         35.1946980989491038
         34.6478123656497630
          0.9391862415325583
         13.5529513003560851
         12.8719370822219403
          1.1661153893913192
         21.5198539444022821
         20.1209435544398865
          0.4198419259794358
          7.1337813103417922
          6.3341255444007176
          0.5008413365794708
         11.2507587688370450
          9.8608027513238135
          0.8380609639795139
         29.8145599912087356
         26.0233521404240165
        188.9076797671576458
      24293.6385118867838173
      21177.1477573134179693
          0.1427068114229149
          3.0366482783427418
          2.4792044099524522
          0.1618102880016610
          4.7417550599910374
          3.8352138341326771
          0.2407502794526475
         12.1412330291233328
          9.8862250578212869
         40.1827528685348909
       7940.9515076688912814
       6795.8427440617297179
          0.0192586389768400
          0.6322004478205108
          0.4497679231321342
          0.0203887354844921
          0.9712149231464690
          0.6881548027688469
          0.0250158170000426
          2.3533148027161630
          1.6991144406395240
          2.0756494789422542
        963.5922181367708390
        818.6519987801343632
