1  82   7   1   7   -25.032801   0.000000
  0 
./DATA/2947/114/M026/
0
          9.6805015030414090
          6.6663110683748190
          4.6075842824522732
          2.8308326363892453
          1.4057655165293819
          0.5274414416771115
          0.0580258286131855
          0.0009447511284943
         10.2622142428382368
         28.9376054243698562
          4.2872195284106027
         22.9626107099422505
          7.3904132156872206
         20.9989283971637555
          3.0423647383713699
         16.6508799198478954
         12.4062284715265818
          9.8173591741379340
          6.2259885138643076
          4.9071772367926751
          3.2799305135009784
          0.6820667104437017
          2.5001401928354672
          1.9573337133163713
          1.2771933713149199
          0.2268378431783767
          0.4745213179791773
          0.3666972502141657
          0.2292316916655815
          0.0296593618347702
          1.8199251278979607
          1.2742928163378089
          0.8919255077765866
          0.5521713352978534
          0.2704483611601346
          0.0944357787894314
          0.0075935684926140
          0.0000543978206926
          4.8173402984658074
         12.8260691561644364
          1.9324421092101383
          9.9411709669087571
          3.5153583712789955
          9.3135063984370188
          1.3992016822280342
          7.1973497093860637
          5.4923183249573180
          4.2230274674928046
          2.7363512109443247
          2.0902555069400410
          1.3355303191869365
          0.2549485824146728
          1.0809489945486201
          0.8194429473962155
          0.5095252005060871
          0.0799757462713243
          0.1962568427503292
          0.1474317717931758
          0.0879856827867029
          0.0092648402356219
          0.1838190105183426
          0.1288915381234310
          0.1195122838650755
          0.0645848114701639
          0.1180474227067514
          0.0773791418145415
          0.0783613443426304
          0.0376930634504205
          0.0327244283207946
          0.0151362551241779
          0.0101944603947438
          0.0043612297969677
          0.0012300113705997
          0.0000058149707106
          0.0020670398033994
          0.0007856611140916
          0.0001940132584423
          0.0000006866470925
          0.0001034084690199
          0.0000313230944584
          0.0000055586861686
          0.0000000115505221
0
          9.5972028065030290
          6.6989303603275605
          4.7025972887756078
          2.9474111740192206
          1.4908432025085760
          0.5573183559309745
          0.0560051960848986
          0.0007004417174152
         11.1392513518691061
         28.8551735134173803
          4.7845066820595834
         22.5004288436078603
          8.1218288072639613
         21.1404344467039884
          3.4364082667463069
         16.4550139061863234
         12.6956199312525388
          9.8496424907079998
          6.5099427211119218
          5.0281219767517147
          3.2794025925649137
          0.7137342051550828
          2.6835814938085201
          2.0615870465761987
          1.3126714146619238
          0.2388058592832290
          0.5265240598369835
          0.4018766529872000
          0.2471167902909201
          0.0318068609396326
          1.8371050871409222
          1.2720947556015212
          0.8728031685647714
          0.5210774784657440
          0.2417477622062119
          0.0811395011792049
          0.0070754502460723
          0.0000716898042987
          4.6656585369216321
         13.0771137368280410
          1.8449361858933162
         10.2563913857997235
          3.3759121277222519
          9.5230110754611186
          1.3154168773472319
          7.4625158250860988
          5.6352815056136301
          4.4085825776969534
          2.8131338757884294
          2.1948719847439158
          1.4261570010453937
          0.2299961720461424
          1.1098735382921925
          0.8622369651236431
          0.5490543724476933
          0.0750324506129992
          0.2002849200469131
          0.1541518032111346
          0.0945878927933134
          0.0093660816329077
          0.1621754217659394
          0.1466042655242281
          0.0924751070820819
          0.0769039508403707
          0.0999641312880477
          0.0882264598859160
          0.0574737406515579
          0.0457360692494262
          0.0371334736695836
          0.0188938520345622
          0.0112567763348127
          0.0055988350775249
          0.0015758212037474
          0.0000060397656238
          0.0021035625137296
          0.0010186001545871
          0.0002706334615581
          0.0000006981582456
          0.0000783313605103
          0.0000364431567816
          0.0000088842725109
          0.0000000112890754
0
          9.6503545678101066
          6.6703074152983923
          4.6255246362150864
          2.8501489081444231
          1.4151750570084622
          0.5257585598531904
          0.0546544126331368
          0.0007427999605474
         10.3810494701086604
         28.9746767281774495
          4.3328460525233137
         22.9264733105920584
          7.4869915629878339
         21.0952527493601494
          3.0756027129784349
         16.6838638993507580
         12.5349650411842415
          9.8991260052871581
          6.3420476413388327
          4.9934987742120436
          3.3333086461845127
          0.6759863516525876
          2.5768735407258694
          2.0186996558434140
          1.3185403357383016
          0.2285940359038122
          0.5006947733027393
          0.3886010822712998
          0.2445225787519653
          0.0309808490113049
          1.8120497038628947
          1.2758286398698317
          0.9001457266537664
          0.5654682817983118
          0.2848867242254237
          0.1045003691422282
          0.0096759253969980
          0.0000984379281268
          4.9329565821408110
         12.8314247972286744
          2.0031127922132130
          9.9015810073010879
          3.6151485411541220
          9.3475991598285511
          1.4546223413704666
          7.1870729600448939
          5.5419055007820823
          4.2342263059493304
          2.7800096228523956
          2.1060388224349809
          1.3284462228453531
          0.2577101951165168
          1.1077273898751643
          0.8301490128609872
          0.5067766134061913
          0.0816644807374168
          0.2042137859487514
          0.1506037114294424
          0.0871120984358712
          0.0095011720323831
          0.1863142501855475
          0.1251717615255357
          0.1241292099781673
          0.0629867213181556
          0.1200880896476674
          0.0750445512138073
          0.0817574888676452
          0.0367139504337851
          0.0316494439962868
          0.0146927794638213
          0.0098178726144258
          0.0042022910255745
          0.0012218718364774
          0.0000054882620381
          0.0019808728404255
          0.0007458477854862
          0.0001922328390991
          0.0000006520894111
          0.0000992639785659
          0.0000287622830898
          0.0000053544292778
          0.0000000112420638
0
          9.5761627235366351
          6.6850274919345321
          4.7144058748785671
          2.9976048644918922
          1.5730110084998377
          0.6329317709350217
          0.0786287550235266
          0.0016063799326104
         11.5117486405498557
         28.4117021469717379
          5.1987833446535863
         22.0987368510754472
          8.4658609665610864
         20.7861543713209862
          3.7906006232674176
         16.1108940280272890
         12.4658043227441286
          9.6005470559016270
          6.3913903676227113
          4.8788287267222357
          3.1664508177564259
          0.7147273381048151
          2.6409885848935226
          1.9934923597968190
          1.2524591599879018
          0.2361066432788168
          0.5236199387300032
          0.3892519428078302
          0.2323960824609985
          0.0302743894329121
          1.8934686712101318
          1.2601897813102658
          0.8266163006700179
          0.4651450997320270
          0.2028136815150042
          0.0663438147098385
          0.0058492412751671
          0.0000546214788473
          4.2701139003996929
         13.0044478974061430
          1.6100442109906075
         10.3443782079970426
          3.0656856798383472
          9.3397250492318218
          1.1449677350761696
          7.4190071044696424
          5.4035266628920864
          4.2781676559725179
          2.6232773155001534
          2.0642192712087599
          1.3696654951269296
          0.2611635449490375
          1.0028409738614725
          0.7807506556235309
          0.5043191786666087
          0.0846205706695151
          0.1741650996338674
          0.1325713662401115
          0.0809541875784483
          0.0101405869499713
          0.1357894526743309
          0.1676491328877889
          0.0655129912543763
          0.0973726714678343
          0.0801301005008103
          0.0977760303227700
          0.0389116876798994
          0.0565576175018591
          0.0387441813040777
          0.0222529103711921
          0.0106858421943996
          0.0060768257419736
          0.0021236494804991
          0.0000068657046444
          0.0017222742859635
          0.0009657951932837
          0.0003299377303202
          0.0000009846882883
          0.0000468586398640
          0.0000255909249337
          0.0000083553672464
          0.0000000208664014
0
          9.6757917443603549
          6.6435117373184491
          4.5801152852839939
          2.8044315558377813
          1.3814212693530901
          0.5058042369872083
          0.0500864478234248
          0.0006279218901777
         10.0801514379879968
         28.7191101058463865
          4.1107420503010603
         22.7497007181594917
          7.2644070518330288
         20.8163875179484812
          2.9193496392712799
         16.4713301053867198
         12.2893991715334572
          9.6999752185037984
          6.1763586571466673
          4.8550178895271294
          3.2361215059874113
          0.6811034270674967
          2.4958855996347373
          1.9507150558560926
          1.2700785136439097
          0.2234173155029798
          0.4848176743445367
          0.3759866132821714
          0.2361273435952508
          0.0290504916188178
          1.8028107735686625
          1.3236844995979484
          0.9730177821098294
          0.6432495608899792
          0.3463967595236451
          0.1385469114698658
          0.0153805875573971
          0.0002090885751817
          5.4652583057527337
         13.2076677218131540
          2.3360648739353298
         10.0784742899957465
          4.0440178522893682
          9.7439710110745050
          1.7122112536821583
          7.4121644124673018
          5.8952082162886761
          4.4610250536282221
          3.0309599819942461
          2.2783004549509003
          1.4152743465563007
          0.2423436498879560
          1.2410874831253804
          0.9255969617510589
          0.5588927215747480
          0.0784410876013861
          0.2360558316357297
          0.1742950797538631
          0.1008321383885649
          0.0095366900148958
          0.2237300985220958
          0.1042854419162867
          0.1703558485655291
          0.0509111919597199
          0.1466531899423363
          0.0634224284511956
          0.1136405717765374
          0.0304098102853966
          0.0271756974652554
          0.0125980422263028
          0.0084728403170225
          0.0037226191622044
          0.0010751594186312
          0.0000048137788738
          0.0016725029046391
          0.0006705744650577
          0.0001832684495042
          0.0000006432436875
          0.0000754912086995
          0.0000237996749436
          0.0000057602890377
          0.0000000124474176
0
          9.6432391885624398
          6.6377303889244086
          4.5968569469582246
          2.8434538686733877
          1.4367908387309909
          0.5583551072666336
          0.0686275761514394
          0.0014387358552688
         10.3277740797181963
         28.5273915258338100
          4.3773720844201138
         22.5769895305357338
          7.4784101474788942
         20.7051354809926984
          3.1334062221630061
         16.3601315556767837
         12.2519501459702749
          9.6471006536302806
          6.1752898235091962
          4.8340677116818354
          3.2096503759136619
          0.6683969230820213
          2.5014836286310573
          1.9408685384953341
          1.2539895963776753
          0.2203305392200693
          0.4834072059368020
          0.3691568875874035
          0.2273851564646040
          0.0284020774067852
          1.8319808828824198
          1.2593308209062468
          0.8596351756492842
          0.5103474522948053
          0.2336338295719597
          0.0748346271258254
          0.0052078825737122
          0.0000309615878000
          4.4789756406328101
         12.7143438985592105
          1.7688244393419696
         10.0041926972683708
          3.2236356468934235
          9.1729734568293200
          1.2586344803791156
          7.2079722903150119
          5.3503720253259059
          4.1940924575884813
          2.6289523695216515
          2.0538067254107180
          1.3481906758306108
          0.2468211474178513
          1.0234973107251830
          0.7960127450197599
          0.5117208867639002
          0.0788530105457983
          0.1840493104006429
          0.1422398219660168
          0.0884559152157372
          0.0096190014713284
          0.1439281126248257
          0.1492869722013464
          0.0776163259387262
          0.0829751855152469
          0.0871882678762628
          0.0886199522812967
          0.0473999438061685
          0.0488316282112024
          0.0363840621074601
          0.0197833068947885
          0.0106281206527208
          0.0056897013219210
          0.0017354785934219
          0.0000088332634445
          0.0018763878548771
          0.0009875329079429
          0.0002881730029358
          0.0000010418689645
          0.0000616826159811
          0.0000317687411500
          0.0000087528493120
          0.0000000164171789
1
          0.6140028716490524
          0.2855471875225620
          0.1225443080304116
          0.0347176157111075
          0.0043078064177885
          0.0001565887124503
          0.0000000415302491
          0.0000000000000031
          0.0025400565319358
          0.0075695326740766
          0.0006587717647170
          0.0056882479068578
          0.0011658172565526
          0.0034742583891063
          0.0003023351885227
          0.0026107763210763
          0.0009074955726901
          0.0006819441681857
          0.0001386199667653
          0.0001041659092848
          0.0000594100205135
          0.0000024871007552
          0.0000094731573329
          0.0000071184966410
          0.0000040595707403
          0.0000001696767627
          0.0000000443850443
          0.0000000333517093
          0.0000000190164115
          0.0000000007923855
         10.9973402465629935
          7.6654213136236233
          5.3241436614242552
          3.2574592084787208
          1.5799271182023789
          0.5598010024163943
          0.0507826555419608
          0.0005191971949472
          0.5155000333094402
          3.1997908836299560
          0.1100870294087286
          2.7943778797292458
          0.3064689606700751
          1.9786105711927315
          0.0643628456190179
          1.7365044561416736
          0.8762587808324309
          0.7755272546324254
          0.2882714191415146
          0.2580423405695694
          0.2126268512450977
          0.0986590759395707
          0.0620451905303489
          0.0563761623226041
          0.0476406271442904
          0.0239248053471141
          0.0033409312983216
          0.0031091937245083
          0.0027326986863385
          0.0015410620954354
         14.0093313836377789
         39.1363538525187451
          5.6883915663392992
         30.8154140352203001
         10.0875591757865486
         28.5527130092328498
          4.0257491574097015
         22.4909029908560001
         16.9521924088853915
         13.3519731781949211
          8.5053877661516086
          6.6907167406817871
          4.4527612512149846
          0.8466305178287610
          3.3828044234181500
          2.6537020230041954
          1.7366029670508216
          0.2853263795700844
          0.6203333901052025
          0.4841843092258732
          0.3080014788919301
          0.0379834547683413
   0    7 -0.279284 -0.909172 -0.096438 
         -0.0736771505282660           0.0229240867845606          -0.0064120563824987
         -0.0060070408286542           0.0000466645354228          -0.0097464301258577
          0.0173934305399647           0.0089258925596648          -0.0237856931756356
          0.0151899588084712           0.0295754843873045          -0.0465679001117959
          0.0045431313827774           0.0452649495703734          -0.0607989805131001
          0.0103407949620196           0.0452965530825968          -0.0422479235113948
          0.0146280310312925           0.0211667865966840          -0.0057606183814776
          0.0014254661670028           0.0012297943464584          -0.0001410443927789
          0.1072718203951405           0.1601993787889396          -0.2253298733476119
          0.0464726976505186          -0.1687069251058282          -0.0131343861917212
          0.0411235243845887           0.1928336899340204          -0.1874405146231596
         -0.0196755983600362          -0.1360726139607474           0.0247549725327301
          0.0788075113246137           0.1505425999200823          -0.2071956596502227
          0.1499261771161375          -0.1313818782753513          -0.0354330940616465
          0.0224969478624443           0.1628655264597655          -0.1579559292591333
          0.0936156136539659          -0.1190589517356677           0.0138066363294435
          0.1777945780461123          -0.0671399624957175          -0.0723693348558078
          0.1425477381572702          -0.0731011207876865          -0.0140943638143916
          0.1198224936168304          -0.0166868136300463          -0.1032595523774717
          0.1058814504047962          -0.0284954518921056          -0.0465208849471971
          0.0840606812685977          -0.0109968924573140           0.0027171819063753
          0.0166459876921594           0.0252861669854780          -0.0374594400337962
          0.0457360626197894           0.0008635907960738          -0.1065701562912834
          0.0436944624650351          -0.0069971607595514          -0.0632512556312499
          0.0397751262746289           0.0003334405927558          -0.0167049739249630
          0.0184168473561486           0.0089921808966373          -0.0090054493313608
          0.0060093535867909          -0.0021955305165108          -0.0610807157070800
          0.0050968110585744          -0.0035493426840934          -0.0428651685923747
          0.0049623437537125          -0.0003366415235820          -0.0197260715660147
          0.0053236266406856           0.0023804701536467           0.0001106546339451
          0.0732227744747212          -0.0269812317617993          -0.0697838587297279
         -0.0242762617941798          -0.0039575164931639           0.0165872907779133
         -0.0807720360840341           0.0257070802345393           0.0702706431059106
         -0.1125634356906694           0.0594841933254454           0.0983147855308727
         -0.1074740595844533           0.0779188334797630           0.0854381694967606
         -0.0668485463093539           0.0590776761072480           0.0424932540566381
         -0.0115694255058995           0.0122941647455037           0.0034379077906350
         -0.0001877732800593           0.0002338595579728          -0.0000220573834888
         -0.7429564209798352           0.4302168885400667           0.5624713717900056
         -0.2799753779462794          -0.2426144883031872           0.1946808354298775
         -0.3910140222406593           0.3137734495850379           0.2095882818897796
          0.0719670207928959          -0.3590579272582157          -0.1582022544703485
         -0.6570185191270653           0.4159792939639213           0.5005397624496849
         -0.4594212065451838          -0.1054357878231249           0.3804742098637606
         -0.3242234015895040           0.2842903462972819           0.1740518971488163
         -0.1266260890076220          -0.2371247354897646           0.0539863445628918
         -0.5560318068442007           0.0488603005142591           0.4841403409108609
         -0.2740092117527945          -0.0862091367479325           0.2176419320825534
         -0.4990066651584552           0.1383272488205315           0.4323921959733327
         -0.2921172941667362           0.0232390738643908           0.2465501868715402
         -0.0896696440602618          -0.0340865529682224           0.0485085275168112
          0.0324574540274472           0.0292967526091877          -0.0176543798993712
         -0.3378762593350445           0.1404477197514125           0.2808972144582103
         -0.2145444721954682           0.0644628667024541           0.1772600814729175
         -0.0850439964923939           0.0102761958204230           0.0618857340779564
          0.0089861330862047           0.0070483620385442          -0.0051893625016990
         -0.1202173993269516           0.0625002942527816           0.0901748389754246
         -0.0808226660780401           0.0373572920725878           0.0606086836626205
         -0.0365597627667786           0.0146586310301003           0.0263934748870698
          0.0005749425898281           0.0005626585800409          -0.0004388151410401
         -0.0339004019568977          -0.0009544391791633           0.0464863376608469
          0.0336242490812156          -0.0144041315909886          -0.0453094490830089
         -0.0478162782879817           0.0130481519862097           0.0641435857952322
          0.0197083727501317          -0.0004015404256156          -0.0276522009486236
         -0.0263380573384850           0.0006202205485429           0.0363528572056480
          0.0192697452684290          -0.0110574430546993          -0.0267920619324232
         -0.0345465735691673           0.0103131803045092           0.0465313361848945
          0.0110612290377467          -0.0013644832987330          -0.0166135829531767
          0.0076492927035983          -0.0064583602830330          -0.0107855166315926
          0.0042713232229663          -0.0014616987912564          -0.0069294619942289
          0.0022528193688857          -0.0027448324302657          -0.0029835952915420
          0.0012518154638049          -0.0008581599395848          -0.0020687140400724
          0.0002284991509939           0.0001691211167433          -0.0005676316553574
          0.0000045305743586          -0.0000002329335572          -0.0000001352132400
          0.0004327588244368          -0.0007182572991084          -0.0004519101437733
          0.0002613706044142          -0.0002819148473883          -0.0003838285989659
          0.0000273706843133           0.0000101275799111          -0.0000935727401151
          0.0000004840997147          -0.0000000197937796          -0.0000001140350971
          0.0000154574940332          -0.0000385127456990          -0.0000023038642084
          0.0000152542102359          -0.0000203130903855          -0.0000153684167739
          0.0000012842282396          -0.0000015450817025          -0.0000029650355050
          0.0000000052511862           0.0000000007478850          -0.0000000041354308
   3
         -0.0684231691918948          -0.0830159399931685           0.0329669364269602
          0.0000046176965837          -0.0007309623365862          -0.0175329988648528
          0.0700715449626204           0.0550785906960083          -0.0592487514899901
          0.1455145930127578           0.0867978105222378          -0.0948295531543508
          0.1949075932559526           0.0811742534668544          -0.1089970993915459
          0.1692835151579897           0.0508851198713551          -0.0864870074192415
          0.0532422199386368           0.0131453132158919          -0.0257968003396024
          0.0025250566101615           0.0006120426556415          -0.0012149550777218
          0.9489453837717151           0.5205197734971458          -0.6522690453319978
         -0.5843964464038535          -0.2154602345125991           0.1756345460231215
          0.6807553167685952           0.3627993386727913          -0.4937602847017329
         -0.8525865134069732          -0.3731806693369529           0.3341433066533880
          0.9018049510483377           0.4453252587939672          -0.5707006475783402
         -0.3249908572286000           0.0330003242970044           0.0389019581927688
          0.6189752072303137           0.2820959039201709          -0.4116013212666896
         -0.6078206010466253          -0.1302290305767913           0.1980012845044199
         -0.0455410434956827           0.2402013927071376          -0.0882238641630708
         -0.3153185081858795           0.0903693027317863           0.0579862131563506
          0.1287610779105152           0.2953466344707479          -0.1432276676518342
         -0.0901989249643157           0.1796322581887108          -0.0260373031772474
         -0.2236007120219998           0.0519564916828422           0.0457643857501148
         -0.0983433639733642          -0.0124123566518508           0.0087553260280309
          0.1770497592234136           0.2263559516751942          -0.1302293725943676
          0.0338935140612669           0.1547247556679666          -0.0530429034335741
         -0.0694817883938738           0.0720622040091330           0.0073266335997468
         -0.0414139988832046           0.0043096099405164           0.0093161184488576
          0.1049219791278523           0.0843173168884965          -0.0628593156345327
          0.0528773592712345           0.0600316222474248          -0.0340385065696329
          0.0072279426486342           0.0317615075629810          -0.0069870917102288
         -0.0074155813704511           0.0036167301214606           0.0034932641721539
          0.0000000000000000           0.0000000000000000           0.0000000000000000
          0.0000000000000000           0.0000000000000000           0.0000000000000000
          0.0000000000000000           0.0000000000000000           0.0000000000000000
          0.0000000000000000           0.0000000000000000           0.0000000000000000
          0.0000000000000000           0.0000000000000000           0.0000000000000000
          0.0000000000000000           0.0000000000000000           0.0000000000000000
          0.0000000000000000           0.0000000000000000           0.0000000000000000
          0.0000000000000000           0.0000000000000000           0.0000000000000000
          0.2595920509103972           0.0351050296121406          -0.1755311994274679
         -0.3498141148181352           0.0758806560495279           0.1926050454856018
          0.2814462349003881           0.0928960146073648          -0.1362628940881332
         -0.3279599308281444           0.1336716410447520           0.2318733508249367
          0.1899638061070100           0.0322933610722600          -0.1287854127937442
         -0.2932449316556457           0.1254656177492262           0.1401748144877446
          0.2106933956669292           0.0688480967827769          -0.1028421693708750
         -0.2725153420957266           0.1620203534597430           0.1661180579106138
         -0.2146377204177356           0.1493885834173672           0.0727719222997003
         -0.1966833372602211           0.1644307089146361           0.0860980803548744
         -0.1369565105786006           0.1267864929200180           0.0208296678995201
         -0.1232857209777508           0.1290674649155971           0.0268374024775990
         -0.0934132724689561           0.1289522104982092           0.0324565189555824
         -0.0102825007690620           0.0416871260467331           0.0336825353249080
         -0.0705214884265230           0.0760834101357277          -0.0040512037459385
         -0.0621444536667289           0.0738900781362505          -0.0015484387732877
         -0.0459814287505125           0.0678705756522659           0.0014101970128736
         -0.0051078662834980           0.0194517953728881           0.0078949601500985
         -0.0173802897829878           0.0196805929886380          -0.0048602611313941
         -0.0148907206941907           0.0183267513100763          -0.0042464230756277
         -0.0106694461597654           0.0156013806751466          -0.0032888093692399
         -0.0012138497874129           0.0039696112502828          -0.0001415112688314
          0.0000000000000000           0.0000000000000000           0.0000000000000000
          0.0000000000000000           0.0000000000000000           0.0000000000000000
          0.0000000000000000           0.0000000000000000           0.0000000000000000
          0.0000000000000000           0.0000000000000000           0.0000000000000000
          0.0000000000000000           0.0000000000000000           0.0000000000000000
          0.0000000000000000           0.0000000000000000           0.0000000000000000
          0.0000000000000000           0.0000000000000000           0.0000000000000000
          0.0000000000000000           0.0000000000000000           0.0000000000000000
          0.0000000000000000           0.0000000000000000           0.0000000000000000
          0.0000000000000000           0.0000000000000000           0.0000000000000000
          0.0000000000000000           0.0000000000000000           0.0000000000000000
          0.0000000000000000           0.0000000000000000           0.0000000000000000
          0.0000000000000000           0.0000000000000000           0.0000000000000000
          0.0000000000000000           0.0000000000000000           0.0000000000000000
          0.0000000000000000           0.0000000000000000           0.0000000000000000
          0.0000000000000000           0.0000000000000000           0.0000000000000000
          0.0000000000000000           0.0000000000000000           0.0000000000000000
          0.0000000000000000           0.0000000000000000           0.0000000000000000
          0.0000000000000000           0.0000000000000000           0.0000000000000000
          0.0000000000000000           0.0000000000000000           0.0000000000000000
          0.0000000000000000           0.0000000000000000           0.0000000000000000
          0.0000000000000000           0.0000000000000000           0.0000000000000000
   0
          0.0000000000000000           0.0000000000000000          -0.0000000000000000
          0.0000000000000000          -0.0000000000000000           0.0000000000000000
          0.0000000000000000           0.0000000000000000           0.0000000000000000
          0.0000000000000000          -0.0000000000000000           0.0000000000000000
          0.0000000000000000          -0.0000000000000000           0.0000000000000000
          0.0000000000000000           0.0000000000000000          -0.0000000000000000
          0.0000000000000000           0.0000000000000000           0.0000000000000000
          0.0000000000000000           0.0000000000000000           0.0000000000000000
         -0.0183996709789742          -0.0015771051703648           0.0073118950358627
          0.0124409032962227          -0.0040831392938826          -0.0130314986724781
         -0.0121892464835475           0.0040926246010289          -0.0022137419305341
          0.0186513277916484           0.0015865904775114          -0.0225571356388753
         -0.0085156762353239          -0.0028712223090977           0.0070576549657199
          0.0115539820179543          -0.0031761872685261          -0.0081448570147284
         -0.0070911950374791           0.0018609838859289          -0.0009677570036402
          0.0129784632157986           0.0015560189264998          -0.0161702689840890
          0.0075924181124831          -0.0014221448272521          -0.0038894260175242
          0.0062729153384754           0.0015099644832568          -0.0092124022712956
          0.0031081115059404          -0.0000756913939851          -0.0016753317386968
          0.0017523816636283           0.0012102325482152          -0.0042632142877245
         -0.0017964610952581           0.0034662904445438          -0.0084988049541946
         -0.0199674012669407           0.0118463272529422          -0.0151809746749558
          0.0005109531805884           0.0003115964890261          -0.0006448847823224
         -0.0000478055193523           0.0006624217143799          -0.0014297659586859
         -0.0012016864493134           0.0012550924290639          -0.0026287368650168
         -0.0062773911012167           0.0035622196321750          -0.0042193960237479
         -0.0000755741234450           0.0000932856340014          -0.0000990554847051
         -0.0001266732217403           0.0001164498480340          -0.0001539916924275
         -0.0002208969962166           0.0001563106358567          -0.0002328214837672
         -0.0006072265188438           0.0003275013163527          -0.0003193993993857
          0.0000000000000000           0.0000000000000000           0.0000000000000000
          0.0000000000000000           0.0000000000000000           0.0000000000000000
          0.0000000000000000           0.0000000000000000           0.0000000000000000
          0.0000000000000000           0.0000000000000000           0.0000000000000000
          0.0000000000000000           0.0000000000000000           0.0000000000000000
          0.0000000000000000           0.0000000000000000           0.0000000000000000
          0.0000000000000000           0.0000000000000000           0.0000000000000000
          0.0000000000000000           0.0000000000000000           0.0000000000000000
          0.0276644037699608          -0.0133060345138930          -0.0442406618341367
         -0.0279405566456429          -0.0020525362562588           0.0454175504119747
          0.0085351750899217          -0.0019934947142689          -0.0135964887684821
         -0.0470697853256820           0.0092600035433653           0.0760617234776293
          0.0165824000292068          -0.0096515624624840          -0.0275274868232568
         -0.0236507120992627          -0.0007856600436723           0.0370882820964816
          0.0050216380464927          -0.0015373757063572          -0.0085414024638223
         -0.0352114740819768           0.0073285267124544           0.0560743664559161
         -0.0154824942600242           0.0004911559163766           0.0238186880093864
         -0.0204573867192331           0.0048823602633112           0.0321068994657395
         -0.0075499658172138           0.0009207481302645           0.0115450482270064
         -0.0091498321462099           0.0026797578635814           0.0141244092758963
         -0.0112243623620298           0.0053341714374025           0.0168947676854571
         -0.0128812683771955           0.0095626269435074           0.0144264020939959
         -0.0024666956281777           0.0006045995587965           0.0037204009909088
         -0.0028047753221639           0.0010520138172360           0.0041976794398285
         -0.0032553884976933           0.0017185022703392           0.0046821894649262
         -0.0035317199381091           0.0026956797387929           0.0037916350283900
         -0.0002386444083398           0.0001036219462202           0.0003397214793960
         -0.0002552767628107           0.0001299656746026           0.0003532453140604
         -0.0002776496899433           0.0001689089006703           0.0003621253395033
         -0.0002745163667777           0.0002173802177552           0.0002688372103319
          0.0000000000000000           0.0000000000000000           0.0000000000000000
          0.0000000000000000           0.0000000000000000           0.0000000000000000
          0.0000000000000000           0.0000000000000000           0.0000000000000000
          0.0000000000000000           0.0000000000000000           0.0000000000000000
          0.0000000000000000           0.0000000000000000           0.0000000000000000
          0.0000000000000000           0.0000000000000000           0.0000000000000000
          0.0000000000000000           0.0000000000000000           0.0000000000000000
          0.0000000000000000           0.0000000000000000           0.0000000000000000
          0.0000000000000000           0.0000000000000000           0.0000000000000000
          0.0000000000000000           0.0000000000000000           0.0000000000000000
          0.0000000000000000           0.0000000000000000           0.0000000000000000
          0.0000000000000000           0.0000000000000000           0.0000000000000000
          0.0000000000000000           0.0000000000000000           0.0000000000000000
          0.0000000000000000           0.0000000000000000           0.0000000000000000
          0.0000000000000000           0.0000000000000000           0.0000000000000000
          0.0000000000000000           0.0000000000000000           0.0000000000000000
          0.0000000000000000           0.0000000000000000           0.0000000000000000
          0.0000000000000000           0.0000000000000000           0.0000000000000000
          0.0000000000000000           0.0000000000000000           0.0000000000000000
          0.0000000000000000           0.0000000000000000           0.0000000000000000
          0.0000000000000000           0.0000000000000000           0.0000000000000000
          0.0000000000000000           0.0000000000000000           0.0000000000000000
   1
         -0.0202944953101847           0.0380533712805999           0.0049368566518263
         -0.0282373866295158           0.0438131421593393           0.0041635090752470
         -0.0363390814822072           0.0612826131505527           0.0046747248537417
         -0.0428029120221704           0.0846322460729362           0.0049529738186352
         -0.0395520230113871           0.0939345995537483           0.0042597910408764
         -0.0232981925384696           0.0678079109495312           0.0035039327489790
         -0.0032214476005194           0.0148517993389210           0.0017323316705833
         -0.0000062915221625           0.0003753443446776           0.0000939584672516
         -0.3529205960894483           0.6054790999538755           0.0676173177051305
         -0.0091616488995179           0.0839658989582889          -0.0990039185507131
         -0.2830020195889651           0.4395036368873618          -0.0585605978254619
          0.0607569276009636          -0.0820095641082246          -0.2251818340813059
         -0.2633649813033701           0.5206227459493490           0.0749361268117483
         -0.0153781898130066           0.0958440877439894          -0.0921850923060706
         -0.2026966871569764           0.3667254327405210          -0.0290136755903368
          0.0452901043333876          -0.0580532254648382          -0.1961348947081557
         -0.0253841093772060           0.1086347794937475          -0.0714327848081044
          0.0242217286476668          -0.0206088073635745          -0.1451604078779158
         -0.0295863964781849           0.1042948295043536          -0.0434538194148059
          0.0082936810947669           0.0110790918620772          -0.0879495735881209
          0.0381893521921802          -0.0150208225134404          -0.1145487937337860
          0.0338677862235283           0.0798276813415123          -0.0571790445416864
         -0.0215411042177538           0.0767522415303624          -0.0187712153393349
          0.0026816571933767           0.0245158450379012          -0.0393936743741533
          0.0235375406924904           0.0020232561086232          -0.0503222152232183
          0.0180529882657888           0.0285896137995403          -0.0248094606343765
         -0.0025686029906944           0.0297502511992761          -0.0029145806456179
          0.0050741583991680           0.0161246701899161          -0.0068011683822041
          0.0109555766142267           0.0075851266662482          -0.0085381199603103
          0.0043570543836294           0.0045954156952633          -0.0040828562030470
          0.0000000000000000           0.0000000000000000           0.0000000000000000
          0.0000000000000000           0.0000000000000000           0.0000000000000000
          0.0000000000000000           0.0000000000000000           0.0000000000000000
          0.0000000000000000           0.0000000000000000           0.0000000000000000
          0.0000000000000000           0.0000000000000000           0.0000000000000000
          0.0000000000000000           0.0000000000000000           0.0000000000000000
          0.0000000000000000           0.0000000000000000           0.0000000000000000
          0.0000000000000000           0.0000000000000000           0.0000000000000000
          0.0834617054566946           0.0214609691424316          -0.0667027595214593
         -0.3986200518342100           0.2264295699350513           0.2691224539258459
          0.1002441252276127           0.0834592404438685           0.0183335690496743
         -0.3818376320632919           0.2884278412364884           0.3541587824969797
          0.0369135899128999           0.0201106106760657          -0.0430741050369936
         -0.3665310340112610           0.2287766143031029           0.2416278402069946
          0.0671573894626572           0.0601947592220730           0.0142444777430949
         -0.3362872344615037           0.2688607628491101           0.2989464229870832
         -0.3041588022347125           0.2131974682307553           0.1816056635409670
         -0.2650191109125294           0.2286582780278356           0.2120273374722854
         -0.2232051070402249           0.1722777083629733           0.1055262671373126
         -0.1857546248051988           0.1713569715842027           0.1204695929777938
         -0.1348191705265214           0.1496968690622690           0.1207331548528590
         -0.0343758612042500           0.0292963765689814           0.0332416456729727
         -0.1369048603081842           0.1119773867388976           0.0378128073809214
         -0.1095488375975279           0.1049396604710036           0.0460022619863966
         -0.0727477253904547           0.0844411658082641           0.0483236564234944
         -0.0126648681715643           0.0128256261202847           0.0124864469987278
         -0.0478273985062000           0.0385044054424374          -0.0026153730698285
         -0.0368057781572710           0.0340778650382182           0.0013992094643914
         -0.0221743268888268           0.0251722801084108           0.0049752055259605
         -0.0019916203847634           0.0027280064291142           0.0017949164805654
          0.0000000000000000           0.0000000000000000           0.0000000000000000
          0.0000000000000000           0.0000000000000000           0.0000000000000000
          0.0000000000000000           0.0000000000000000           0.0000000000000000
          0.0000000000000000           0.0000000000000000           0.0000000000000000
          0.0000000000000000           0.0000000000000000           0.0000000000000000
          0.0000000000000000           0.0000000000000000           0.0000000000000000
          0.0000000000000000           0.0000000000000000           0.0000000000000000
          0.0000000000000000           0.0000000000000000           0.0000000000000000
          0.0000000000000000           0.0000000000000000           0.0000000000000000
          0.0000000000000000           0.0000000000000000           0.0000000000000000
          0.0000000000000000           0.0000000000000000           0.0000000000000000
          0.0000000000000000           0.0000000000000000           0.0000000000000000
          0.0000000000000000           0.0000000000000000           0.0000000000000000
          0.0000000000000000           0.0000000000000000           0.0000000000000000
          0.0000000000000000           0.0000000000000000           0.0000000000000000
          0.0000000000000000           0.0000000000000000           0.0000000000000000
          0.0000000000000000           0.0000000000000000           0.0000000000000000
          0.0000000000000000           0.0000000000000000           0.0000000000000000
          0.0000000000000000           0.0000000000000000           0.0000000000000000
          0.0000000000000000           0.0000000000000000           0.0000000000000000
          0.0000000000000000           0.0000000000000000           0.0000000000000000
          0.0000000000000000           0.0000000000000000           0.0000000000000000
   2
          0.0388744338544758          -0.0097844455904437           0.0126784545758711
          0.0067182346492164          -0.0180567400298828          -0.0088379780127569
         -0.0315583771164368          -0.0166443263036672          -0.0128299937620632
         -0.0723556834096288          -0.0098009942457707          -0.0066187587846686
         -0.0941911590060361           0.0003077931621477           0.0085398657147019
         -0.0758149054975500           0.0083068824022373           0.0220006842316201
         -0.0215592532568239           0.0062417378536217           0.0140686992603547
         -0.0008720092235041           0.0004128679366077           0.0008919343398723
         -0.4756443591201486          -0.0768576183462991           0.0380798038527001
          0.4573603746111131          -0.1714497649420468          -0.2484656915279048
         -0.3876226257675621           0.0389931978579587           0.0466466474236866
          0.5453821079637022          -0.0555989487377892          -0.2398988479569202
         -0.4141557539063894          -0.0594946751311269           0.0407853423491947
          0.2959062617077008          -0.1525042605760466          -0.2552910145349588
         -0.3159491485782363           0.0328013236230800           0.0512918889020039
          0.3941128670358535          -0.0602082618218387          -0.2447844679821481
          0.1036506490643962          -0.1233736348641747          -0.2332958990512954
          0.2056101830692165          -0.0599460900899523          -0.2212786717641963
         -0.0285439940292260          -0.0947706853021646          -0.1848716411427974
          0.0609295921082838          -0.0547468872075514          -0.1723272921862063
          0.1299279463253506           0.0174942950652235          -0.1282508595323489
          0.0793660433814890           0.0845332511091423          -0.0446815247696740
         -0.0728018087311665          -0.0675831033422814          -0.1229834611781679
         -0.0116178384557623          -0.0441300491193099          -0.1116212118521857
          0.0439596575055435          -0.0020980585137924          -0.0795364163188546
          0.0383993577316764           0.0340834151129755          -0.0172777593467925
         -0.0375245423644005          -0.0309459011703308          -0.0481661002721888
         -0.0164942730495549          -0.0216683420778924          -0.0418189160491356
          0.0045495761007376          -0.0066203387649681          -0.0285383126353577
          0.0083534061435402           0.0060529849082601          -0.0034440697241533
          0.0000000000000000           0.0000000000000000           0.0000000000000000
          0.0000000000000000           0.0000000000000000           0.0000000000000000
          0.0000000000000000           0.0000000000000000           0.0000000000000000
          0.0000000000000000           0.0000000000000000           0.0000000000000000
          0.0000000000000000           0.0000000000000000           0.0000000000000000
          0.0000000000000000           0.0000000000000000           0.0000000000000000
          0.0000000000000000           0.0000000000000000           0.0000000000000000
          0.0000000000000000           0.0000000000000000           0.0000000000000000
          0.0573261098950857          -0.1101213369700227          -0.1810414931629825
         -0.3018104518606171           0.0934395969184394           0.2809853259576920
          0.0380589828773869          -0.0501427954075436          -0.2414540293866687
         -0.3210775788783158           0.1534181384809186           0.2205727897340060
          0.0120397537049176          -0.0833636896170511          -0.1084985080758466
         -0.3070975401314368           0.1103769338491490           0.2765264613678304
          0.0194878390556296          -0.0406513917721359          -0.1774837003903461
         -0.2996494547807246           0.1530892316940640           0.2075412690533308
         -0.2834986301776141           0.1187586919464314           0.2597099051904299
         -0.2531852557611425           0.1395494258267925           0.1865775616246110
         -0.2255282048676240           0.1062696522093338           0.2215696174731328
         -0.1881689236263585           0.1098266768106206           0.1552037238737804
         -0.1345310508760284           0.1042630647072646           0.0475514783457416
         -0.0393267205655665           0.0402593255562753          -0.0206093191639081
         -0.1457138269868535           0.0748612333371821           0.1582824914544180
         -0.1154047642659075           0.0697149533396334           0.1097466273296749
         -0.0748286477457480           0.0578373452889377           0.0401705966969870
         -0.0144374668179605           0.0160948560091134          -0.0099396887370867
         -0.0515324116146726           0.0283793387284668           0.0640498473652680
         -0.0388989748789737           0.0237924195453241           0.0443375009726987
         -0.0228277352139027           0.0168987303488412           0.0189092919717442
         -0.0022352910589457           0.0027166618639748          -0.0017193181302306
          0.0000000000000000           0.0000000000000000           0.0000000000000000
          0.0000000000000000           0.0000000000000000           0.0000000000000000
          0.0000000000000000           0.0000000000000000           0.0000000000000000
          0.0000000000000000           0.0000000000000000           0.0000000000000000
          0.0000000000000000           0.0000000000000000           0.0000000000000000
          0.0000000000000000           0.0000000000000000           0.0000000000000000
          0.0000000000000000           0.0000000000000000           0.0000000000000000
          0.0000000000000000           0.0000000000000000           0.0000000000000000
          0.0000000000000000           0.0000000000000000           0.0000000000000000
          0.0000000000000000           0.0000000000000000           0.0000000000000000
          0.0000000000000000           0.0000000000000000           0.0000000000000000
          0.0000000000000000           0.0000000000000000           0.0000000000000000
          0.0000000000000000           0.0000000000000000           0.0000000000000000
          0.0000000000000000           0.0000000000000000           0.0000000000000000
          0.0000000000000000           0.0000000000000000           0.0000000000000000
          0.0000000000000000           0.0000000000000000           0.0000000000000000
          0.0000000000000000           0.0000000000000000           0.0000000000000000
          0.0000000000000000           0.0000000000000000           0.0000000000000000
          0.0000000000000000           0.0000000000000000           0.0000000000000000
          0.0000000000000000           0.0000000000000000           0.0000000000000000
          0.0000000000000000           0.0000000000000000           0.0000000000000000
          0.0000000000000000           0.0000000000000000           0.0000000000000000
   4
          0.0503758725171657           0.0330298593408171          -0.0605643320343327
         -0.0046328533261053           0.0031734441052208           0.0275046791407710
         -0.0568058836365369          -0.0268512493189289           0.0777475469966529
         -0.1056575891841181          -0.0574597020627162           0.0996166260855517
         -0.1228765894625894          -0.0727829278479772           0.0833417880339820
         -0.0846176421825704          -0.0542229030379059           0.0446369811249980
         -0.0147506349780497          -0.0102578229097921           0.0067618719810979
         -0.0002188530994182          -0.0001552771207990           0.0000990128951619
         -0.6390480609983273          -0.4228175176771025           0.6681118396331335
          0.3837304064496893           0.2725033339421608          -0.1082074557173895
         -0.4268888568893425          -0.2506822184575010           0.3829618488394560
          0.5958896105586673           0.4446386331617617          -0.3933574465110677
         -0.5587066773928352          -0.3874336858105824           0.5621801224396810
          0.1623518478132491           0.1706214213657319           0.0624446432581417
         -0.3507910630289695          -0.2243050521888815           0.3093003136892228
          0.3702674621771148           0.3337500549874336          -0.1904351654923161
         -0.0809352328272774           0.0555644739149062           0.1874002989421389
          0.1080284396647345           0.1937990591923706          -0.0056415926139352
         -0.2248334438020992          -0.0241540936078923           0.2040524782315618
         -0.0732664096979046           0.0773770930460470           0.0803039833745551
          0.0651447359919042           0.1496565183841478          -0.0176835571925342
          0.1070455607576746           0.0511666408758339          -0.0609918389302588
         -0.2371866529739714          -0.0556043130734663           0.1464321138493506
         -0.1377025500085048           0.0053556599282679           0.0840547866651228
         -0.0338095419011903           0.0558284518868035           0.0283203527137731
          0.0416677882827705           0.0252894243094245          -0.0175691385006446
         -0.1179353418751800          -0.0358772898896099           0.0527429813344104
         -0.0824980342343510          -0.0160917194583482           0.0370354393448728
         -0.0405179585769974           0.0034214795951265           0.0204244053172698
          0.0052316904353508           0.0055602744816446          -0.0003655978667666
          0.0000000000000000           0.0000000000000000           0.0000000000000000
          0.0000000000000000           0.0000000000000000           0.0000000000000000
          0.0000000000000000           0.0000000000000000           0.0000000000000000
          0.0000000000000000           0.0000000000000000           0.0000000000000000
          0.0000000000000000           0.0000000000000000           0.0000000000000000
          0.0000000000000000           0.0000000000000000           0.0000000000000000
          0.0000000000000000           0.0000000000000000           0.0000000000000000
          0.0000000000000000           0.0000000000000000           0.0000000000000000
         -0.0734473033285343          -0.1440795802774618           0.0218899406556775
         -0.2611537519014959           0.1636496811770030           0.3426486532240726
         -0.1144304321937080          -0.0925727774868238           0.0190039549560530
         -0.3021368807666697           0.2151564839676409           0.3397626675244482
         -0.0923536162988089          -0.1239147308592871           0.0433359326152412
         -0.2725699897175330           0.1388557603907065           0.3587429698648289
         -0.1023314390167306          -0.0799370223350093           0.0183227236197133
         -0.2825478124354546           0.1828334689149845           0.3337297608693011
         -0.2485109699073121           0.1005827976093282           0.3287576098095678
         -0.2322117543299148           0.1330080039313776           0.2889352333884734
         -0.1853137202689942           0.0593733709783458           0.2478488655298900
         -0.1604764241903406           0.0799799225755673           0.2094190642549262
         -0.1379781544300279           0.0928962126650667           0.1389166638352768
         -0.0600572552079665           0.0470641565542966           0.0020295016745400
         -0.1056130761659218           0.0238940986877659           0.1443467310290235
         -0.0862042058069202           0.0347632866935658           0.1184365460295115
         -0.0660332883029252           0.0416188127869942           0.0758377427900693
         -0.0237153415002179           0.0185648303044837           0.0011369722267770
         -0.0286413513290056           0.0008447732725062           0.0411462116659651
         -0.0219648635861697           0.0041894701957441           0.0327206195026460
         -0.0144747500322598           0.0069218073520656           0.0200872116069710
         -0.0036605123902506           0.0030139308282565           0.0004194183941116
          0.0000000000000000           0.0000000000000000           0.0000000000000000
          0.0000000000000000           0.0000000000000000           0.0000000000000000
          0.0000000000000000           0.0000000000000000           0.0000000000000000
          0.0000000000000000           0.0000000000000000           0.0000000000000000
          0.0000000000000000           0.0000000000000000           0.0000000000000000
          0.0000000000000000           0.0000000000000000           0.0000000000000000
          0.0000000000000000           0.0000000000000000           0.0000000000000000
          0.0000000000000000           0.0000000000000000           0.0000000000000000
          0.0000000000000000           0.0000000000000000           0.0000000000000000
          0.0000000000000000           0.0000000000000000           0.0000000000000000
          0.0000000000000000           0.0000000000000000           0.0000000000000000
          0.0000000000000000           0.0000000000000000           0.0000000000000000
          0.0000000000000000           0.0000000000000000           0.0000000000000000
          0.0000000000000000           0.0000000000000000           0.0000000000000000
          0.0000000000000000           0.0000000000000000           0.0000000000000000
          0.0000000000000000           0.0000000000000000           0.0000000000000000
          0.0000000000000000           0.0000000000000000           0.0000000000000000
          0.0000000000000000           0.0000000000000000           0.0000000000000000
          0.0000000000000000           0.0000000000000000           0.0000000000000000
          0.0000000000000000           0.0000000000000000           0.0000000000000000
          0.0000000000000000           0.0000000000000000           0.0000000000000000
          0.0000000000000000           0.0000000000000000           0.0000000000000000
   5
         -0.0742097923978278           0.0446412417467558           0.0035700279971765
          0.0201403467811668          -0.0281522193626683          -0.0150436414642659
          0.0720252278125253          -0.0639397356643000          -0.0341292197739772
          0.0904915504116307          -0.0745938758993827          -0.0496891880769634
          0.0662553096068373          -0.0573687687643999          -0.0479433259111146
          0.0247880200226200          -0.0274804571026210          -0.0259025141977504
          0.0009171469280488          -0.0028142409019586          -0.0025267209539110
         -0.0000024365980738          -0.0000151834696694          -0.0000109950173430
          0.5421689750939721          -0.6138742022104896          -0.2238205789918734
          0.0424137753588742           0.0066363831675375          -0.0888857325362563
          0.3705309576215629          -0.3181850644428780          -0.1718367949448618
         -0.1292242421135348           0.3023255209351493          -0.0369019484892440
          0.4538039339358481          -0.5167738760393595          -0.1905514806466639
          0.2171585362379338          -0.1048384877258413          -0.1546902633602233
          0.2881104647868885          -0.2644273925996229          -0.1324965389011392
          0.0514650670889742           0.1475079957138960          -0.0966353216146986
          0.3182725096863971          -0.1724148206657702          -0.2153805023008610
          0.1849316542907134           0.0121291915113980          -0.1550743037567484
          0.2887996306522669          -0.1627821674002125          -0.2260006244043154
          0.2038911406129839          -0.0478603799802129          -0.1724822243468936
          0.1309453949464893           0.0517999469918465          -0.1038407786758241
         -0.0022396130091434           0.0456644346152080           0.0198505920532839
          0.1838871307211919          -0.1081781676442323          -0.1781254392465850
          0.1441710696146642          -0.0505585581926453          -0.1401452680657709
          0.1041527091290422           0.0057519726740770          -0.0875946869726236
          0.0129887895196697           0.0191987312812179           0.0056546325702180
          0.0563528621940737          -0.0357295127820452          -0.0746672506845386
          0.0484623901625098          -0.0208855128161395          -0.0599677093120190
          0.0382382847738370          -0.0043694840513113          -0.0386394401786718
          0.0073892495683174           0.0038471057104338          -0.0009264020231125
          0.0000000000000000           0.0000000000000000           0.0000000000000000
          0.0000000000000000           0.0000000000000000           0.0000000000000000
          0.0000000000000000           0.0000000000000000           0.0000000000000000
          0.0000000000000000           0.0000000000000000           0.0000000000000000
          0.0000000000000000           0.0000000000000000           0.0000000000000000
          0.0000000000000000           0.0000000000000000           0.0000000000000000
          0.0000000000000000           0.0000000000000000           0.0000000000000000
          0.0000000000000000           0.0000000000000000           0.0000000000000000
          0.1836838211192145          -0.1418812562417364          -0.1784697842947174
         -0.2218736596888322          -0.0169223583383417           0.2504691357997831
          0.0668873555268218          -0.0781966021738673          -0.1116556941325790
         -0.3386701252812247           0.0467622957295275           0.3172832259619218
          0.1385542843902477          -0.1143805341055679          -0.1278283370475319
         -0.1550457359025827          -0.0132392148116512           0.2192315214516973
          0.0472945679853880          -0.0641790623505911          -0.0829189232276483
         -0.2463054523074422           0.0369622569433256           0.2641409352715810
         -0.0780938085756175           0.0039759394316301           0.1630204316269967
         -0.1388314543274930           0.0342295705314549           0.1850890918862318
         -0.0237864455220194           0.0236315817613218           0.0990080069675344
         -0.0590714892092352           0.0356016263385535           0.1065507966299123
         -0.0949938828642050           0.0374003131432440           0.0976868673649588
         -0.0446387331891449           0.0174808092645766           0.0176616862567606
          0.0015559493967185           0.0301969507352194           0.0441628811964998
         -0.0151141381793396           0.0308712706134042           0.0452987436588742
         -0.0324490308583944           0.0252356973722693           0.0398255313218046
         -0.0154558426537849           0.0051695258316105           0.0069132902480202
          0.0040521907492839           0.0153545791768655           0.0072713084639153
          0.0003213492833822           0.0133504638033690           0.0070873163179572
         -0.0036695068253681           0.0094394089156639           0.0059283152490543
         -0.0020558883866959           0.0008945460936976           0.0009562318539469
          0.0000000000000000           0.0000000000000000           0.0000000000000000
          0.0000000000000000           0.0000000000000000           0.0000000000000000
          0.0000000000000000           0.0000000000000000           0.0000000000000000
          0.0000000000000000           0.0000000000000000           0.0000000000000000
          0.0000000000000000           0.0000000000000000           0.0000000000000000
          0.0000000000000000           0.0000000000000000           0.0000000000000000
          0.0000000000000000           0.0000000000000000           0.0000000000000000
          0.0000000000000000           0.0000000000000000           0.0000000000000000
          0.0000000000000000           0.0000000000000000           0.0000000000000000
          0.0000000000000000           0.0000000000000000           0.0000000000000000
          0.0000000000000000           0.0000000000000000           0.0000000000000000
          0.0000000000000000           0.0000000000000000           0.0000000000000000
          0.0000000000000000           0.0000000000000000           0.0000000000000000
          0.0000000000000000           0.0000000000000000           0.0000000000000000
          0.0000000000000000           0.0000000000000000           0.0000000000000000
          0.0000000000000000           0.0000000000000000           0.0000000000000000
          0.0000000000000000           0.0000000000000000           0.0000000000000000
          0.0000000000000000           0.0000000000000000           0.0000000000000000
          0.0000000000000000           0.0000000000000000           0.0000000000000000
          0.0000000000000000           0.0000000000000000           0.0000000000000000
          0.0000000000000000           0.0000000000000000           0.0000000000000000
          0.0000000000000000           0.0000000000000000           0.0000000000000000
   6
          0.0000000000000000           0.0000000000000000           0.0000000000000000
          0.0000000000000000           0.0000000000000000           0.0000000000000000
          0.0000000000000000           0.0000000000000000           0.0000000000000000
          0.0000000000000000           0.0000000000000000           0.0000000000000000
          0.0000000000000000           0.0000000000000000           0.0000000000000000
          0.0000000000000000           0.0000000000000000           0.0000000000000000
          0.0000000000000000           0.0000000000000000           0.0000000000000000
          0.0000000000000000           0.0000000000000000           0.0000000000000000
          0.0000000000000000           0.0000000000000000           0.0000000000000000
          0.0000000000000000           0.0000000000000000           0.0000000000000000
          0.0000000000000000           0.0000000000000000           0.0000000000000000
          0.0000000000000000           0.0000000000000000           0.0000000000000000
          0.0000000000000000           0.0000000000000000           0.0000000000000000
          0.0000000000000000           0.0000000000000000           0.0000000000000000
          0.0000000000000000           0.0000000000000000           0.0000000000000000
          0.0000000000000000           0.0000000000000000           0.0000000000000000
          0.0000000000000000           0.0000000000000000           0.0000000000000000
          0.0000000000000000           0.0000000000000000           0.0000000000000000
          0.0000000000000000           0.0000000000000000           0.0000000000000000
          0.0000000000000000           0.0000000000000000           0.0000000000000000
          0.0000000000000000           0.0000000000000000           0.0000000000000000
          0.0000000000000000           0.0000000000000000           0.0000000000000000
          0.0000000000000000           0.0000000000000000           0.0000000000000000
          0.0000000000000000           0.0000000000000000           0.0000000000000000
          0.0000000000000000           0.0000000000000000           0.0000000000000000
          0.0000000000000000           0.0000000000000000           0.0000000000000000
          0.0000000000000000           0.0000000000000000           0.0000000000000000
          0.0000000000000000           0.0000000000000000           0.0000000000000000
          0.0000000000000000           0.0000000000000000           0.0000000000000000
          0.0000000000000000           0.0000000000000000           0.0000000000000000
          0.0732227744747211          -0.0269812317617993          -0.0697838587297279
         -0.0242762617941797          -0.0039575164931639           0.0165872907779133
         -0.0807720360840341           0.0257070802345392           0.0702706431059106
         -0.1125634356906694           0.0594841933254454           0.0983147855308727
         -0.1074740595844533           0.0779188334797630           0.0854381694967606
         -0.0668485463093539           0.0590776761072480           0.0424932540566381
         -0.0115694255058995           0.0122941647455037           0.0034379077906350
         -0.0001877732800593           0.0002338595579728          -0.0000220573834888
          0.0192324762031068          -0.0046283614797398          -0.0264536782140664
         -0.0197847819544710          -0.0260887800605640           0.0288074553697423
          0.0024847184297166           0.0027842146635607          -0.0035407116784369
         -0.0365325397278612          -0.0186762039172635           0.0517204219053718
          0.0108492311413835          -0.0041445164539694          -0.0156851741815462
         -0.0249858552814955          -0.0167299285583433           0.0348067647279958
          0.0012301743978885           0.0015437708282501          -0.0021466196578413
         -0.0346049120249904          -0.0110416412761238           0.0483453192517008
         -0.0211216012970057          -0.0068051952548914           0.0297923519583636
         -0.0249521942314265          -0.0034914530167250           0.0352389401546925
         -0.0118994972822307          -0.0011227694197403           0.0172674306539654
         -0.0130307306107921           0.0002786148878116           0.0187750299218315
         -0.0149362934108915           0.0029801066934342           0.0210536553191260
         -0.0177430313865106           0.0102284740321744           0.0223531004947202
         -0.0042616113054329           0.0004862068044932           0.0062878965154628
         -0.0044789536845473           0.0008502429261451           0.0065174495749580
         -0.0048379291676774           0.0015034327556803           0.0068409102133062
         -0.0050797208682571           0.0029916165270334           0.0064097356686286
         -0.0004432567307811           0.0001643194716701           0.0006376287647133
         -0.0004509460556700           0.0001835669033972           0.0006390639095516
         -0.0004611827545509           0.0002147511729987           0.0006363836803049
         -0.0004153874940296           0.0002554359947992           0.0005213395770792
         -0.6827669575757619           0.2590061611338996           0.6040741968071596
         -0.3401648413503558          -0.0714037608970198           0.1530780104127237
         -0.5034155539237953           0.2899592935003827           0.3558041934382384
         -0.1608134376983874          -0.0404506285305356          -0.0951919929561978
         -0.5797480392468196           0.2438305377796506           0.5320939578415613
         -0.5366916864254292           0.0667129683611464           0.3489200144718859
         -0.3932424815520702           0.2291835447830514           0.2885055987517838
         -0.3501861287306812           0.0520659753645473           0.1053316553821076
         -0.6421410756252917           0.1994054390450459           0.4707622840233542
         -0.4694336761467320           0.1428012745268348           0.2629903251961070
         -0.5756866734281954           0.2459088789119828           0.4373654712875688
         -0.4408840852841397           0.1758513929803868           0.2907450526388217
         -0.2824411492796888           0.1061045225838819           0.1304767356027299
          0.0725323238685034           0.0312617454132853          -0.0649009817644653
         -0.3902606793473981           0.1984161184571910           0.2956505580832925
         -0.3063245391396587           0.1431833817604763           0.2153301617364984
         -0.2004167848591640           0.0855615074896054           0.1209930193078524
          0.0164436543694579           0.0203248549650196          -0.0140982321183838
         -0.1386872748412093           0.0764497666070510           0.1001002583915842
         -0.1108053687189529           0.0560263916680612           0.0784013639144652
         -0.0732042967822944           0.0336104418570304           0.0500561086264510
         -0.0020016866418648           0.0061574117988992           0.0020849056031761
