1  82   4   0   0   -11.739883   0.000000

./DATA/2947/200/23/
0
          1.8341678235994270
          9.0705264335137947
          1.0856848301590889
          6.4283330344887588
          0.6180413262078224
          4.5611715250141742
          0.2715402064251442
          2.8692275514582888
          0.0708898487497590
          1.4175792255588842
          0.0084419231847429
          0.4838222927318706
          0.0000418280908105
          0.0340051911873373
          0.0000000010283426
          0.0001686074881116
          0.0614799436369919
          2.5297807159009906
         10.8048513291049524
          0.1711793403360095
         11.0056261413313834
         25.7590060139738810
          0.0453736311534301
          1.3738763298864924
          9.1807831535136959
          0.2647724245514650
         18.3255671807472922
         39.0890925232516651
          0.0331909648322496
          1.7053519427493955
          7.8731629411024588
          0.0924078559875553
          7.6452034815817811
         18.8914696051252768
          0.0245024849566768
          0.8924536739597390
          6.5428392073334436
          0.1429362672672881
         12.7721567516245091
         28.5794525353788664
          0.0319386800311183
          4.1566076153627689
         11.3124169467202620
          0.0494042603775205
          6.9776108253826550
         17.0304353034470850
          0.0072221555403916
          1.8267738937143214
          5.7307667113698244
          0.0111718398524828
          3.0822942584914665
          8.5802676126607889
          0.0294223333167810
          8.9748375276479333
         20.6929076695789114
         17.0138197512416340
       6869.7596605198286852
      12241.4785963892554719
          0.0008641651983005
          0.5888272240445265
          2.2939209058311287
          0.0013367827447201
          0.9982978032533669
          3.4178078644291041
          0.0035208060952190
          2.9095602731155732
          8.0054845787837259
          2.0365642749050852
       2059.0196755556630706
       3533.8054499555860275
          0.0000123814103333
          0.0661119169134440
          0.4123129796545059
          0.0000191530111820
          0.1125928582666731
          0.6129266452154243
          0.0000504465871417
          0.3282037216316780
          1.3911072293065299
          0.0291842791803282
        212.4035030360768133
        352.7682968099385903
1
          3.0235088111712667
          7.8811854459419548
          2.1427776781629206
          5.3712401864849308
          1.5203905083380587
          3.6588223428839384
          0.9564091838194300
          2.1843585740640030
          0.4725264085196281
          1.0159426657890149
          0.1612740975772902
          0.3309901183393235
          0.0113350637291124
          0.0227119555490354
          0.0000562024960372
          0.0001124060204170
          0.9601331833401663
          6.1262280913566425
          6.3097507139461353
          1.2957679595318963
         18.2496768040292459
         17.3903667320800999
          0.9336227738911398
          4.7112353311890258
          4.9551750094734617
          1.6048923262745995
         28.9581327565343116
         27.1164070457414219
          0.6766542412078820
          4.4639174592356792
          4.4711341482405516
          0.8817716628473115
         13.3791709049161422
         12.3681383749311529
          0.6610490918134621
          3.3372791792486041
          3.4614670951877686
          1.0712839350923213
         21.1677860706094698
         19.2554755485689029
          0.4643089863155543
          7.9985291969700132
          7.0381250588286113
          0.5464669466815085
         12.5865599173959275
         10.9244235251298161
          0.1966872254465995
          4.0360613212581198
          3.3320142139198059
          0.2225326539701194
          6.3025445199974470
          5.1486565370371782
          0.3285109986721707
         16.1298622915909604
         13.2387942402805745
         45.6417416851853375
      10359.6221343957386125
       8722.9882005793970166
          0.0610614742160235
          1.6034333968035461
          1.2191174240543847
          0.0661155400524112
          2.4790734305990383
          1.8722534797757453
          0.0867715516867797
          6.1333000401874500
          4.6984940661202943
          8.6595354254180688
       3024.8911209714406141
       2561.3110333892959716
          0.0065965063146141
          0.2837196127782580
          0.1881211588854124
          0.0067979146149017
          0.4325528870027029
          0.2861878548756734
          0.0076182929359239
          1.0215694742097303
          0.6901736303796943
          0.3375819259650238
        305.3048683667208252
        259.5585338325095677
1
          3.0235088111712667
          7.8811854459419548
          2.1427776781629206
          5.3712401864849326
          1.5203905083380587
          3.6588223428839384
          0.9564091838194300
          2.1843585740640030
          0.4725264085196281
          1.0159426657890147
          0.1612740975772901
          0.3309901183393235
          0.0113350637291124
          0.0227119555490354
          0.0000562024960372
          0.0001124060204170
          0.9601331833401664
          6.1262280913566407
          6.3097507139461335
          1.2957679595318967
         18.2496768040292530
         17.3903667320801070
          0.9336227738911400
          4.7112353311890205
          4.9551750094734590
          1.6048923262745993
         28.9581327565343152
         27.1164070457414645
          0.6766542412078823
          4.4639174592356801
          4.4711341482405436
          0.8817716628473115
         13.3791709049161405
         12.3681383749311387
          0.6610490918134619
          3.3372791792486045
          3.4614670951877664
          1.0712839350923209
         21.1677860706094876
         19.2554755485688993
          0.4643089863155543
          7.9985291969700141
          7.0381250588286246
          0.5464669466815083
         12.5865599173959204
         10.9244235251298019
          0.1966872254465995
          4.0360613212581189
          3.3320142139198139
          0.2225326539701194
          6.3025445199974497
          5.1486565370371808
          0.3285109986721708
         16.1298622915909569
         13.2387942402805745
         45.6417416851853517
      10359.6221343957404315
       8722.9882005793879216
          0.0610614742160236
          1.6034333968035464
          1.2191174240543843
          0.0661155400524112
          2.4790734305990396
          1.8722534797757528
          0.0867715516867796
          6.1333000401874482
          4.6984940661202952
          8.6595354254180705
       3024.8911209714415236
       2561.3110333892955168
          0.0065965063146141
          0.2837196127782577
          0.1881211588854116
          0.0067979146149017
          0.4325528870027027
          0.2861878548756725
          0.0076182929359239
          1.0215694742097294
          0.6901736303796951
          0.3375819259650239
        305.3048683667211094
        259.5585338325093403
1
          3.0235088111712667
          7.8811854459419575
          2.1427776781629206
          5.3712401864849326
          1.5203905083380587
          3.6588223428839424
          0.9564091838194300
          2.1843585740640026
          0.4725264085196281
          1.0159426657890149
          0.1612740975772901
          0.3309901183393233
          0.0113350637291124
          0.0227119555490354
          0.0000562024960372
          0.0001124060204170
          0.9601331833401664
          6.1262280913566380
          6.3097507139461309
          1.2957679595318967
         18.2496768040292565
         17.3903667320800643
          0.9336227738911400
          4.7112353311890196
          4.9551750094734484
          1.6048923262745993
         28.9581327565343187
         27.1164070457414645
          0.6766542412078823
          4.4639174592356818
          4.4711341482405436
          0.8817716628473115
         13.3791709049161387
         12.3681383749311369
          0.6610490918134621
          3.3372791792486041
          3.4614670951877673
          1.0712839350923207
         21.1677860706094876
         19.2554755485689775
          0.4643089863155544
          7.9985291969700159
          7.0381250588286246
          0.5464669466815084
         12.5865599173959062
         10.9244235251298019
          0.1966872254465994
          4.0360613212581198
          3.3320142139198139
          0.2225326539701194
          6.3025445199974515
          5.1486565370371915
          0.3285109986721707
         16.1298622915909569
         13.2387942402805745
         45.6417416851853446
      10359.6221343957386125
       8722.9882005793733697
          0.0610614742160236
          1.6034333968035461
          1.2191174240543841
          0.0661155400524112
          2.4790734305990383
          1.8722534797757526
          0.0867715516867796
          6.1333000401874456
          4.6984940661202783
          8.6595354254180688
       3024.8911209714424331
       2561.3110333892977906
          0.0065965063146141
          0.2837196127782577
          0.1881211588854116
          0.0067979146149017
          0.4325528870027028
          0.2861878548756727
          0.0076182929359239
          1.0215694742097292
          0.6901736303796956
          0.3375819259650240
        305.3048683667210526
        259.5585338325088287
