1  82   4   0   0   -10.489726   0.000000

./DATA/2947/200/50/
0
          0.7316564815457995
          5.2726146268355762
          0.3725346165631968
          3.6854279117933517
          0.1759765778200239
          2.5040565100991583
          0.0571330248558965
          1.4168258328170404
          0.0087620918541694
          0.5532631466493769
          0.0004362754101254
          0.1233938603451446
          0.0000002413476475
          0.0029021741779029
          0.0000000000000739
          0.0000016054833352
          0.0000000000000000
          0.3813554568948189
          2.7551220019841538
          0.0000000000000000
          2.1074065605835015
          6.9869007919426158
          0.0000000000000000
          0.1308903252722733
          1.8033315727183630
          0.0000000000000000
          3.5829925326496412
         10.2668891526353132
          0.0000000000000000
          0.2425337289039504
          1.9177489695819565
          0.0000000000000000
          1.3538161596689764
          4.9312797038988414
          0.0000000000000000
          0.0810086413668941
          1.2258737481564579
          0.0000000000000000
          2.3035735028969424
          7.2529352167902807
          0.0000000000000000
          0.6333410703809741
          2.7249508472709936
          0.0000000000000000
          1.0787573947488405
          4.0153776697146508
          0.0000000000000000
          0.2197190460480855
          1.2020588553395934
          0.0000000000000000
          0.3745864496971190
          1.7763202020064688
          0.0000000000000000
          1.0909770956874654
          3.9635154644538835
          0.0000000000000000
        674.7689902461498832
        733.3391498183275417
          0.0000000000000000
          0.0487040087752813
          0.3793373927334645
          0.0000000000000000
          0.0830908561426643
          0.5626775744892408
          0.0000000000000000
          0.2420777248554495
          1.2553544359725961
          0.0000000000000000
        148.9682865336319253
        195.8245446214827439
          0.0000000000000000
          0.0024138884159451
          0.0388793693626993
          0.0000000000000000
          0.0041201892284230
          0.0579837744278243
          0.0000000000000000
          0.0120063810899276
          0.1297459898491631
          0.0000000000000000
          7.3619425416888582
         17.5593539095115716
1
          1.7575382089451916
          4.2467328994361839
          1.2284759705977835
          2.8294865577587642
          0.8346855033663866
          1.8453475845527969
          0.4722752776056801
          1.0016835800672568
          0.1844210488831256
          0.3776041896204206
          0.0411312867817149
          0.0826988489735553
          0.0009673913926343
          0.0019350241329162
          0.0000005351611117
          0.0000010703222973
          0.2019412776877647
          1.5599839315788451
          1.3745522496123612
          0.2128523918919556
          4.9346979310390040
          3.9467570295951737
          0.1996482225288794
          0.8465547118452409
          0.8880189636165158
          0.2214704509372610
          7.5959827107655631
          6.0324285235821193
          0.1302026793638299
          1.0989385306282951
          0.9311414884937826
          0.1358556353983244
          3.4670805850255757
          2.6821596431439239
          0.1290134044930521
          0.5862252369071664
          0.5916437481231340
          0.1403193165620410
          5.3225093457017500
          4.0936800574234180
          0.0630212305947155
          1.9017051271182204
          1.3935655599390298
          0.0644603137675367
          2.9075836171909746
          2.1220911335049806
          0.0216958077148693
          0.8312206368126861
          0.5688614568601253
          0.0219918435267664
          1.2650919308498183
          0.8638228773270016
          0.0231963740821656
          2.9596099267007476
          2.0716862593584389
          0.5028153338000173
        712.8101326266684055
        694.7951921040096295
          0.0047806713589907
          0.2595649220294221
          0.1636958081203330
          0.0048117239608344
          0.3931918871187131
          0.2477648195523576
          0.0049380160636452
          0.9077195001395925
          0.5847746446248104
          0.0550110156873350
        180.0957698941577121
        164.6420502452694166
          0.0002359545754582
          0.0262522998961981
          0.0148050033069881
          0.0002362984128611
          0.0395566492023018
          0.0223110160410846
          0.0002376963712853
          0.0900240608535139
          0.0514906137142915
          0.0007903051762428
         14.1586361765515072
         10.7618699694726754
1
          1.7575382089451916
          4.2467328994361839
          1.2284759705977835
          2.8294865577587642
          0.8346855033663867
          1.8453475845527969
          0.4722752776056801
          1.0016835800672568
          0.1844210488831256
          0.3776041896204206
          0.0411312867817149
          0.0826988489735553
          0.0009673913926343
          0.0019350241329162
          0.0000005351611117
          0.0000010703222973
          0.2019412776877647
          1.5599839315788444
          1.3745522496123639
          0.2128523918919556
          4.9346979310390120
          3.9467570295951693
          0.1996482225288794
          0.8465547118452407
          0.8880189636165164
          0.2214704509372610
          7.5959827107655684
          6.0324285235821202
          0.1302026793638299
          1.0989385306282955
          0.9311414884937823
          0.1358556353983243
          3.4670805850255761
          2.6821596431439270
          0.1290134044930521
          0.5862252369071658
          0.5916437481231335
          0.1403193165620410
          5.3225093457017412
          4.0936800574234171
          0.0630212305947156
          1.9017051271182221
          1.3935655599390286
          0.0644603137675367
          2.9075836171909759
          2.1220911335049837
          0.0216958077148693
          0.8312206368126867
          0.5688614568601251
          0.0219918435267664
          1.2650919308498179
          0.8638228773270028
          0.0231963740821656
          2.9596099267007485
          2.0716862593584384
          0.5028153338000171
        712.8101326266682918
        694.7951921040094021
          0.0047806713589907
          0.2595649220294221
          0.1636958081203330
          0.0048117239608344
          0.3931918871187132
          0.2477648195523576
          0.0049380160636452
          0.9077195001395922
          0.5847746446248110
          0.0550110156873350
        180.0957698941577974
        164.6420502452696439
          0.0002359545754582
          0.0262522998961981
          0.0148050033069881
          0.0002362984128611
          0.0395566492023017
          0.0223110160410846
          0.0002376963712853
          0.0900240608535139
          0.0514906137142915
          0.0007903051762428
         14.1586361765515054
         10.7618699694726807
1
          1.7575382089451914
          4.2467328994361830
          1.2284759705977835
          2.8294865577587642
          0.8346855033663867
          1.8453475845527969
          0.4722752776056800
          1.0016835800672566
          0.1844210488831255
          0.3776041896204206
          0.0411312867817149
          0.0826988489735553
          0.0009673913926343
          0.0019350241329162
          0.0000005351611117
          0.0000010703222973
          0.2019412776877647
          1.5599839315788435
          1.3745522496123639
          0.2128523918919556
          4.9346979310390111
          3.9467570295951693
          0.1996482225288794
          0.8465547118452404
          0.8880189636165166
          0.2214704509372610
          7.5959827107655711
          6.0324285235821211
          0.1302026793638299
          1.0989385306282953
          0.9311414884937826
          0.1358556353983244
          3.4670805850255766
          2.6821596431439270
          0.1290134044930521
          0.5862252369071659
          0.5916437481231344
          0.1403193165620410
          5.3225093457017394
          4.0936800574234224
          0.0630212305947156
          1.9017051271182233
          1.3935655599390293
          0.0644603137675367
          2.9075836171909764
          2.1220911335049841
          0.0216958077148693
          0.8312206368126871
          0.5688614568601255
          0.0219918435267664
          1.2650919308498183
          0.8638228773270030
          0.0231963740821656
          2.9596099267007494
          2.0716862593584398
          0.5028153338000172
        712.8101326266680644
        694.7951921040094021
          0.0047806713589907
          0.2595649220294220
          0.1636958081203330
          0.0048117239608344
          0.3931918871187132
          0.2477648195523577
          0.0049380160636452
          0.9077195001395921
          0.5847746446248115
          0.0550110156873350
        180.0957698941578542
        164.6420502452696439
          0.0002359545754582
          0.0262522998961981
          0.0148050033069881
          0.0002362984128611
          0.0395566492023017
          0.0223110160410846
          0.0002376963712853
          0.0900240608535139
          0.0514906137142915
          0.0007903051762428
         14.1586361765515054
         10.7618699694726789
