1  82   4   1   4   -13.003299   0.000000
  0 
./DATA/2947/110/M026/
0
          9.5682518388083029
          6.5494654791975524
          4.4991566501228091
          2.7416751247179318
          1.3469770693518508
          0.4995244242262038
          0.0532441452163732
          0.0007510451866643
          9.8511202442065642
         29.2042793168127055
          3.8734373492500045
         23.2265964218561365
          7.1278717856527019
         21.2443546779567107
          2.7633341551172701
         16.8798170474212625
         12.6080697763639265
          9.9963654205217942
          6.3702835886875357
          5.0324618073641219
          3.3816527918991599
          0.7243128725489287
          2.5861679646344342
          2.0319201233008046
          1.3366505218539557
          0.2444402648544906
          0.5061396789569758
          0.3940137400258145
          0.2497703411712240
          0.0328810259854302
          3.5650177968524028
          2.5202335853586697
          1.7789002025672591
          1.1125969127920854
          0.5558107169485543
          0.2050087095425246
          0.0210845280461825
          0.0003054383377648
          8.7990217873533751
         23.1218751938139135
          3.7282406243684223
         18.0510940308289456
          6.3561854594785743
         16.6795384622105054
          2.6660294451931539
         12.9893824479250988
          9.7152115424462977
          7.5293003218435395
          4.7484722461499853
          3.6526482645627358
          2.3722737302714001
          0.4827192841162040
          1.8204665225077086
          1.3851550993980639
          0.8757158751950018
          0.1554282968915463
          0.3098245614837641
          0.2313312210186562
          0.1394490467521639
          0.0186864725766275
          1.4067254983640445
          3.5777320681992437
          0.6011956305139228
          2.7722022003491209
          1.0270823372142635
          2.6768423241708090
          0.4321068534750665
          2.0818668404316134
          1.6567992039359811
          1.2963017443433031
          0.8751702801536065
          0.6898531848418512
          0.4682476363265230
          0.0843800643779718
          0.3684386763244647
          0.2929522882833988
          0.1987869061701744
          0.0318865991756197
          0.0718291555558102
          0.0577836173134918
          0.0391041444744300
          0.0052323519392675
0
          9.6040036575582430
          6.6766883825290124
          4.6683159709436106
          2.9164941689935207
          1.4848654344491401
          0.5796274609140097
          0.0718574797873168
          0.0015026253896959
         10.9865201160366901
         30.0108553197577059
          4.5771527722249203
         23.6014879759459610
          8.0427996850893617
         22.0489510969234033
          3.3126755190465964
         17.3188269308806504
         13.3054369920402848
         10.4260748718857403
          6.8676759386601347
          5.3618375555552245
          3.5759553172264122
          0.7860824263619153
          2.8573855586420307
          2.2191645194591683
          1.4511086617981510
          0.2770739805317616
          0.5729349509861786
          0.4408711417659580
          0.2785437939033688
          0.0406070603082055
          3.5663826502687948
          2.5142366231030815
          1.7709941112949634
          1.1068471957775137
          0.5547542093445308
          0.2057212618830111
          0.0203322901150090
          0.0002198356968444
          9.1857334816893417
         23.7115227509500919
          3.9287201893328021
         18.4545094585935558
          6.6902425569497055
         17.2616805284141570
          2.8283832249927490
         13.3998211964572054
         10.2300926200122486
          7.9034913678031549
          5.1395827277244228
          3.9437087023971884
          2.5142332874068392
          0.4269263524803452
          2.0624359661618192
          1.5684051672873822
          0.9723610513292751
          0.1378642422156578
          0.3928612919456458
          0.2948074487368861
          0.1746355425654482
          0.0172054026101063
          1.3920503413608136
          3.5633836716232286
          0.5884874958416486
          2.7598208261040647
          1.0170616327793824
          2.6612608240782794
          0.4232532106022605
          2.0674524019011558
          1.6430580706909192
          1.2823656349216983
          0.8664863646895704
          0.6797137444369480
          0.4583818482481710
          0.0894178101940492
          0.3657568832919356
          0.2882695498300170
          0.1928775925017337
          0.0333185914163074
          0.0733573535869942
          0.0579863325396842
          0.0379919597037681
          0.0051351543442814
0
          9.8373427216560216
          7.0030240867170042
          5.0093599312841128
          3.2202340388619706
          1.7013328423058702
          0.6907002044545415
          0.0879045258751653
          0.0017542541774652
         13.0719054017139005
         32.7341109921871478
          5.8002775544316210
         25.4624831449048550
          9.6947428922574552
         24.3526766633128915
          4.2534774712863426
         18.9114112423417957
         14.9659978466132806
         11.5849626476001291
          7.8821123945616147
          6.0724505724140823
          3.9605205467917304
          0.7723399452875697
          3.3550592865513162
          2.5677786662339002
          1.6373626950080582
          0.2791510645834551
          0.7012920300152595
          0.5310444436617812
          0.3253039531680973
          0.0419303502221941
          3.3323701403889840
          2.1899096418895176
          1.4355567152860844
          0.8135682153671903
          0.3525832508424018
          0.1070141275234055
          0.0076025624567561
          0.0000652938743680
          7.9933166726817078
         21.7549459306555022
          3.2129750884017243
         16.9746043463755072
          5.7345269279315509
         15.6395141138567944
          2.2737946709288028
         12.1787818568540747
          9.0940420785017970
          7.0569793303813837
          4.4700498318725774
          3.4523867377190731
          2.2344311436520536
          0.4577981514883637
          1.7501408272965697
          1.3438031218405651
          0.8477672889042839
          0.1422717275288249
          0.3202889801810282
          0.2439295920534652
          0.1480819207781816
          0.0167079202142781
          0.5930822682262068
          2.7728758563484597
          0.1570386194453972
          2.3368322075676518
          0.4051496115095515
          1.9695338390755459
          0.1017312299310706
          1.6661154574970665
          1.1257871664668222
          0.9571438940654633
          0.5420637257074036
          0.4628414931900017
          0.3413585432896936
          0.0685658631846890
          0.2052387180770355
          0.1756522676467867
          0.1295284808916618
          0.0242591324308458
          0.0335765810480050
          0.0287095330454393
          0.0210487659227139
          0.0035494667250917
1
          2.6691652831185753
          1.8418245121136285
          1.2848600760109914
          0.8086747545180903
          0.4242378354449463
          0.1743634727143029
          0.0221139621854200
          0.0003718663724466
          0.5580817906653627
          1.4008851149692354
          0.3120677022092547
          1.1548710265131275
          0.3737027924128266
          0.9353732205328622
          0.2114030861362777
          0.7730735142563131
          0.4702845941977555
          0.3903198035427884
          0.1822343541154023
          0.1521001556907732
          0.1173900604724769
          0.0691085875691423
          0.0480379271200996
          0.0404059029709217
          0.0315696901283413
          0.0194782574209721
          0.0034941634421706
          0.0029836128865006
          0.0023884018811229
          0.0015910817800368
         10.4637705875101812
          7.2243798503512693
          4.9854510291483054
          3.0330123239367897
          1.4631481771354866
          0.5177440989489411
          0.0490193806179476
          0.0005905679089773
          7.2860384534231155
         19.3256609548208793
          2.9267431698768793
         14.9663656712746480
          5.3669573722625072
         14.1469037653931444
          2.1450925849961258
         10.9250389781267732
          8.4719329203063420
          6.5096579661669010
          4.3113458059224294
          3.2895888686127241
          2.1087992007322445
          0.3565953778488877
          1.7454615060624432
          1.3195927057464285
          0.8259803401030930
          0.1241636331177815
          0.3255253870819811
          0.2426283856811917
          0.1456611121689544
          0.0172904986108723
         12.1096588202756905
         35.1735490882962694
          4.8854348350843217
         27.9493251031049326
          8.6816727084806757
         25.4991713159399538
          3.4413224862459977
         20.2588210937052970
         15.0023431246026817
         11.9105152245610189
          7.4572035250444699
          5.9105568682866840
          3.9927218997491312
          0.8653577329626845
          2.9424451661713973
          2.3256034397239334
          1.5450710537443300
          0.2875964142595084
          0.5381608306317918
          0.4233547052119558
          0.2738153422397212
          0.0378144096529673
   0    4  1.532619  0.477193 -0.811230 
          0.0085399408752691           0.1010201655625355          -0.0840966654731181
          0.0350005022757177           0.4015478615725332          -0.1563901906056757
          0.0286674108275534           0.5653823572399458          -0.1928105963840645
         -0.0018022279350757           0.6299875768576345          -0.1958695489583731
         -0.0433525321961448           0.5532527746000595          -0.1478622402513793
         -0.0567145151557946           0.3547239893804344          -0.0713203131107306
         -0.0205291446513928           0.0771150427999641          -0.0081223715160575
         -0.0008104725416805           0.0019589056482726          -0.0000227824045550
          0.1354531546426603           3.7010540232908209          -1.2349969855593379
          0.4253055185669045           4.0918395897318529          -1.6114167849896419
         -0.0269069946641284           1.8836203899800199          -0.6068639028768054
          0.2629453692601198           2.2744059564210541          -0.9832837023071085
          0.0916297405713175           3.1304795483332821          -1.0288781065416575
          0.3687660482355850           4.0178160687531559          -1.4833686938266681
         -0.0234363303583702           1.5286161204923168          -0.4885409486768686
          0.2536999773058969           2.4159526409121881          -0.9430315359618761
          0.2491718792022097           3.5119945373262591          -1.2229139825924227
          0.1937108323352180           2.2628452442671283          -0.8156870207585810
          0.1081490830030752           2.6206032859064607          -0.8776389704565710
          0.1010099844806582           1.7681566441401366          -0.6119344510948466
          0.0978129337980748           0.8643810729227516          -0.3135214152488822
         -0.0381643310988537           0.0650420880063032           0.0061824134570541
         -0.0034951595225039           1.5810043754579217          -0.5101610778806558
          0.0162410096685160           1.1003096734227207          -0.3709214929476784
          0.0398725020715091           0.5667444571274517          -0.2037268961930021
         -0.0153833177004996           0.0442941088617219           0.0024446036394537
         -0.0449578239505934           0.5233964582496626          -0.1517162910817449
         -0.0254527347270573           0.3736111941292882          -0.1159065057863087
         -0.0026108963702948           0.1980736503411225          -0.0690054184978764
         -0.0017461369354914           0.0122786830992962          -0.0012502252560948
          0.0230954658350978          -0.0985059809171145           0.0381834269757487
         -0.0150521741553762          -0.3433638087953733           0.1193240766687859
         -0.0337310191795892          -0.4681577560778565           0.1631932728547973
         -0.0392391418403620          -0.5030036776273389           0.1760167742702784
         -0.0348476043116845          -0.4132543845310963           0.1438194144418820
         -0.0323486249273132          -0.2365717933246847           0.0826700218005891
         -0.0184679019125003          -0.0429244683899870           0.0180029157189177
         -0.0011449616202438          -0.0010669627108539           0.0007149023002189
         -0.3421201191183378          -1.7457774400902843           0.7075228949544708
          0.0557736990530777          -2.4834654353973389           0.7610815813347201
         -0.2029044584215506          -0.6664506656224491           0.3258851431516033
          0.1949893597498651          -1.4041386609295046           0.3794438295318512
         -0.3162816658538407          -1.4930617386320395           0.6143755753387804
         -0.0429334395208515          -2.3340565835760714           0.7569986384820461
         -0.1859820918307721          -0.5601295248309230           0.2784543474372174
          0.0873661345022194          -1.4011243697749525           0.4210774105804818
         -0.1231636875378979          -1.9362397780734872           0.6699979353106051
         -0.0127182492471697          -1.2316253554311378           0.4094204669373135
         -0.1405405503276262          -1.3671373676402130           0.5030591222357998
         -0.0582245713067871          -0.9084684057907463           0.3277758292101390
         -0.0265323890330886          -0.4047217231504432           0.1484143780929806
          0.0220765147742741          -0.0039034862649492          -0.0152209850084521
         -0.1054759409849359          -0.7674422562127859           0.3007001043506665
         -0.0551023071337277          -0.5280844555485373           0.2053937800444552
         -0.0312756976276400          -0.2555505614050489           0.1033905522478299
          0.0061562785992345          -0.0028127914930126          -0.0059792343677072
         -0.0373465458919878          -0.2156913998888389           0.0917984153530147
         -0.0210637864955732          -0.1538666837461586           0.0656876309434322
         -0.0122845439082381          -0.0803224823612669           0.0362304223876532
         -0.0001496703805094          -0.0015640616934058          -0.0005351692888297
         -0.0381387545630763          -1.0190288830367245           0.3446743376866646
         -0.0394697242927086          -0.7844711681713945           0.2783053158677115
         -0.0291812917336022          -0.6740087285206875           0.2253129241058655
         -0.0305122614632347          -0.4394510136553573           0.1589439022869120
         -0.0285175985330245          -0.8176730267007172           0.2766852019382226
         -0.0550869814965876          -0.7845328766281762           0.2738882142564947
         -0.0201566082857861          -0.5173804830177418           0.1721138757689689
         -0.0467259912493488          -0.4842403329452006           0.1693168880872408
         -0.0616755631932608          -0.6886907564484620           0.2394753109355362
         -0.0562657953934233          -0.4606985763321410           0.1594029071189385
         -0.0514937477489142          -0.5054244180185479           0.1777236229819623
         -0.0502157188296137          -0.3564316183759519           0.1251242760549965
         -0.0392143856409659          -0.2071862406813128           0.0693017802822467
          0.0239201585471048          -0.0182485601250297           0.0022167405267183
         -0.0295566607339757          -0.2922976299728337           0.1049581681001984
         -0.0314654487902859          -0.2138669783901218           0.0774281202137098
         -0.0283598545047807          -0.1276331819419526           0.0452398104177609
          0.0069448589016804          -0.0112471352175348           0.0011410401346475
         -0.0044792550973083          -0.0861481724113579           0.0314249808605970
         -0.0068373613260172          -0.0651689965689076           0.0244131354395764
         -0.0083331891523517          -0.0395494376563014           0.0152295522921669
         -0.0004050834228360          -0.0030297083815958           0.0006207732889529
   3
          0.0000000000000000           0.0000000000000000           0.0000000000000000
          0.0000000000000000           0.0000000000000000           0.0000000000000000
          0.0000000000000000           0.0000000000000000           0.0000000000000000
          0.0000000000000000           0.0000000000000000           0.0000000000000000
          0.0000000000000000           0.0000000000000000           0.0000000000000000
          0.0000000000000000           0.0000000000000000           0.0000000000000000
          0.0000000000000000           0.0000000000000000           0.0000000000000000
          0.0000000000000000           0.0000000000000000           0.0000000000000000
          0.0000000000000000           0.0000000000000000           0.0000000000000000
          0.0000000000000000           0.0000000000000000           0.0000000000000000
          0.0000000000000000           0.0000000000000000           0.0000000000000000
          0.0000000000000000           0.0000000000000000           0.0000000000000000
          0.0000000000000000           0.0000000000000000           0.0000000000000000
          0.0000000000000000           0.0000000000000000           0.0000000000000000
          0.0000000000000000           0.0000000000000000           0.0000000000000000
          0.0000000000000000           0.0000000000000000           0.0000000000000000
          0.0000000000000000           0.0000000000000000           0.0000000000000000
          0.0000000000000000           0.0000000000000000           0.0000000000000000
          0.0000000000000000           0.0000000000000000           0.0000000000000000
          0.0000000000000000           0.0000000000000000           0.0000000000000000
          0.0000000000000000           0.0000000000000000           0.0000000000000000
          0.0000000000000000           0.0000000000000000           0.0000000000000000
          0.0000000000000000           0.0000000000000000           0.0000000000000000
          0.0000000000000000           0.0000000000000000           0.0000000000000000
          0.0000000000000000           0.0000000000000000           0.0000000000000000
          0.0000000000000000           0.0000000000000000           0.0000000000000000
          0.0000000000000000           0.0000000000000000           0.0000000000000000
          0.0000000000000000           0.0000000000000000           0.0000000000000000
          0.0000000000000000           0.0000000000000000           0.0000000000000000
          0.0000000000000000           0.0000000000000000           0.0000000000000000
          0.0230954658350977          -0.0985059809171146           0.0381834269757488
         -0.0150521741553764          -0.3433638087953733           0.1193240766687859
         -0.0337310191795893          -0.4681577560778565           0.1631932728547973
         -0.0392391418403620          -0.5030036776273389           0.1760167742702783
         -0.0348476043116846          -0.4132543845310963           0.1438194144418820
         -0.0323486249273132          -0.2365717933246847           0.0826700218005891
         -0.0184679019125003          -0.0429244683899870           0.0180029157189177
         -0.0011449616202438          -0.0010669627108539           0.0007149023002189
         -0.0373268316152238          -0.5602027592492993           0.2009114060622846
         -0.1178901260963466          -3.0467973431669395           1.0450479010464671
         -0.0020671465821786          -0.3185010755635403           0.1176193616924600
         -0.0826304410633010          -2.8050956594811804           0.9617558566766429
         -0.0501372960133708          -0.5592769238876700           0.1951723565741004
         -0.1170718640458533          -2.6451348827701184           0.9059744758153339
         -0.0129644916963026          -0.2864817302763004           0.0999302514023288
         -0.0798990597287854          -2.3723396891587494           0.8107323706435628
         -0.0971359150756404          -2.0013063199461074           0.6867021303930074
         -0.0646311963646218          -1.7369094221364452           0.5926961371512784
         -0.0610486669494590          -1.3021102382995244           0.4492772600744618
         -0.0395585282089841          -1.0947907258360248           0.3741642684851778
         -0.0515890424455158          -0.8412676447461359           0.2816755338836938
         -0.0448080379824257          -0.2725003622038643           0.0966315429629262
         -0.0222539847745642          -0.6814648746792453           0.2365599326348381
         -0.0133719852846821          -0.5555106866531925           0.1902536444746880
         -0.0255663023896613          -0.4025796884626294           0.1349274039723365
         -0.0257349107761498          -0.1089641427038532           0.0390574806852490
          0.0053336088345469          -0.1808420739928065           0.0620447129172464
          0.0046954670480500          -0.1418216471897782           0.0478600636486209
         -0.0031768225396916          -0.0945160381201828           0.0315995136076235
         -0.0073344041150309          -0.0185485698742205           0.0071191507641649
         -0.1514920920398770          -4.1353673883186710           1.3628357412505598
         -0.1348543280253814          -0.0938754871689565           0.1057687350386317
         -0.1294124009956165          -2.4775592830888717           0.8212097551822009
         -0.1127746369811196           1.5639326180608417          -0.4358572510297247
         -0.1147380294555728          -3.2489044561513154           1.0746286322161411
         -0.2444770759191200          -0.5782138660567999           0.2967455816046849
         -0.0879623217738025          -1.8854542811259407           0.6241335958882236
         -0.2177013682373483           0.7852363089685753          -0.1537494547232296
         -0.3111324555618589          -0.8998215705093840           0.4246207199649153
         -0.2812688002283154           0.0670389075442013           0.1000420254054298
         -0.2854787223282543          -0.8649681940726954           0.4059364197771820
         -0.2571750542041264          -0.2709599572417626           0.2023643155162974
         -0.2076237484223459           0.3017965397130790           0.0014871191012789
         -0.0334618304862049           0.4506854664127710          -0.0939326216063465
         -0.1921551861395455          -0.5824937767750118           0.2781007851207699
         -0.1707045366871967          -0.2870484164360354           0.1736653045684031
         -0.1360925523437135           0.0176172763193880           0.0613617508709986
         -0.0221331279433588           0.1574065317354107          -0.0268411101259746
         -0.0629042557119913          -0.1865310084502385           0.0920371260679096
         -0.0543112060953039          -0.1133655711391353           0.0645933419749742
         -0.0422847290895585          -0.0326991318128038           0.0326037249343141
         -0.0072537616335399           0.0203619654929922          -0.0014406453335761
   0
          0.0000000000000001           0.0000000000000000          -0.0000000000000000
          0.0000000000000000           0.0000000000000000           0.0000000000000000
          0.0000000000000000          -0.0000000000000000           0.0000000000000000
         -0.0000000000000001           0.0000000000000000           0.0000000000000000
         -0.0000000000000000           0.0000000000000000          -0.0000000000000000
          0.0000000000000000           0.0000000000000000           0.0000000000000000
          0.0000000000000000           0.0000000000000000           0.0000000000000000
          0.0000000000000000          -0.0000000000000000           0.0000000000000000
          0.0742971382280050          -0.3566859877554356           0.0439809051198175
          0.0936589550390506           2.4782106418545200          -0.8376930664889669
         -0.0183262813445649          -0.2729721398751031           0.0720618548116207
          0.0010355354664822           2.5619244897348534          -0.8096121167971643
          0.0827344066559334          -0.2073476351116211           0.0162665789328202
          0.0484220674420932           2.1137350809225426          -0.6959840215408802
          0.0006007778614137          -0.1909016489296549           0.0578036259966962
         -0.0337115613524271           2.1301810671045094          -0.6544469744770050
         -0.0083222983685421           1.5742780980324842          -0.4956345767937015
         -0.0684925738634537           1.5363607023816972          -0.4473111641928149
         -0.0513744313888687           1.0211904119752995          -0.2999392523751638
         -0.0846467764194462           0.9663775349956691          -0.2573744920136230
         -0.1094768648931270           0.8457188660522609          -0.1919156371965313
         -0.0544565662940481           0.3239704296794454          -0.0735277255535847
         -0.0676579684850185           0.5444267163542532          -0.1416110774243562
         -0.0775910932517298           0.5001377974079526          -0.1136111945179041
         -0.0760355616831317           0.4162925754870545          -0.0771767438891590
         -0.0220675332247238           0.1287384372729765          -0.0283327283633284
         -0.0450974978849721           0.1570280009439570          -0.0292131972435992
         -0.0418811968425596           0.1388775195743470          -0.0202605737608559
         -0.0323558892430212           0.1073207594799236          -0.0109683972423104
         -0.0039945872602603           0.0222552033028474          -0.0043339513213826
          0.0000000000000000           0.0000000000000000           0.0000000000000000
          0.0000000000000000           0.0000000000000000           0.0000000000000000
          0.0000000000000000           0.0000000000000000           0.0000000000000000
          0.0000000000000000           0.0000000000000000           0.0000000000000000
          0.0000000000000000           0.0000000000000000           0.0000000000000000
          0.0000000000000000           0.0000000000000000           0.0000000000000000
          0.0000000000000000           0.0000000000000000           0.0000000000000000
          0.0000000000000000           0.0000000000000000           0.0000000000000000
          0.0465018598343065           0.2624118496592121          -0.0912449430851217
         -0.1241103386900918          -2.0659119008673321           0.7142245966394980
          0.0425685499005846           0.2032582532713292          -0.0753082671235068
         -0.1280436486238146          -2.1250654972552145           0.7301612726011130
          0.0246291191503022           0.1433253299010885          -0.0535792373221898
         -0.1082336991799152          -1.7455312332299815           0.6041526535169068
          0.0299126968524044           0.1397648639601316          -0.0586481497361717
         -0.1029501214778127          -1.7490916991709389           0.5990837411029248
         -0.0805723047032502          -1.2780469596951805           0.4428855379795168
         -0.0697357418857315          -1.2380748896642728           0.4210341917832153
         -0.0486640239511033          -0.8068103417336593           0.2789807972109790
         -0.0390223703125347          -0.7558499397852152           0.2531848329873735
         -0.0389767178330951          -0.6470317633642321           0.2096634832189548
         -0.0598319967278637          -0.2404639835053360           0.1000695192339543
         -0.0196499289475135          -0.4106274413370507           0.1400093531399468
         -0.0148762699843936          -0.3720559676909666           0.1203809946675265
         -0.0183172776887738          -0.3016694182632032           0.0933143170053180
         -0.0320535162786251          -0.0930584730446429           0.0421698772321714
          0.0007322361597377          -0.1054372165267301           0.0335214445684482
          0.0006938466061301          -0.0914635559532703           0.0262593364671043
         -0.0026747055895986          -0.0686529253888117           0.0181683485751162
         -0.0081187859993738          -0.0152713237547954           0.0078999669339788
          0.0000000000000000           0.0000000000000000           0.0000000000000000
          0.0000000000000000           0.0000000000000000           0.0000000000000000
          0.0000000000000000           0.0000000000000000           0.0000000000000000
          0.0000000000000000           0.0000000000000000           0.0000000000000000
          0.0000000000000000           0.0000000000000000           0.0000000000000000
          0.0000000000000000           0.0000000000000000           0.0000000000000000
          0.0000000000000000           0.0000000000000000           0.0000000000000000
          0.0000000000000000           0.0000000000000000           0.0000000000000000
          0.0000000000000000           0.0000000000000000           0.0000000000000000
          0.0000000000000000           0.0000000000000000           0.0000000000000000
          0.0000000000000000           0.0000000000000000           0.0000000000000000
          0.0000000000000000           0.0000000000000000           0.0000000000000000
          0.0000000000000000           0.0000000000000000           0.0000000000000000
          0.0000000000000000           0.0000000000000000           0.0000000000000000
          0.0000000000000000           0.0000000000000000           0.0000000000000000
          0.0000000000000000           0.0000000000000000           0.0000000000000000
          0.0000000000000000           0.0000000000000000           0.0000000000000000
          0.0000000000000000           0.0000000000000000           0.0000000000000000
          0.0000000000000000           0.0000000000000000           0.0000000000000000
          0.0000000000000000           0.0000000000000000           0.0000000000000000
          0.0000000000000000           0.0000000000000000           0.0000000000000000
          0.0000000000000000           0.0000000000000000           0.0000000000000000
   1
         -0.0131285040229233           0.0149295887717366          -0.0282750242638843
         -0.0003504395665906           0.0645527335206846          -0.0284278490776308
          0.0086326344092542           0.0933059617369268          -0.0345096259553930
          0.0169089947267933           0.1088634348420742          -0.0419278319735032
          0.0217385106107094           0.1067447653726102          -0.0411265800024809
          0.0181822442464819           0.0808691184059377          -0.0264070758143212
          0.0046527456100073           0.0203699948203065          -0.0050874871690199
          0.0001002759517539           0.0004471107941552          -0.0001058714866333
          0.1583346122322351           0.1209670573588635          -0.1438527659028513
          0.0874560738703808           4.4454008893061792          -1.5274347165701996
         -0.0568150830237549          -0.3475336612291826           0.0933568975904229
         -0.1276936213856065           3.9769001707181317          -1.2902250530769241
          0.1708470867157715           0.3098928431421010          -0.1862096429622074
          0.0788712814735692           3.9563724538046210          -1.3158343931015393
         -0.0197809361040950          -0.1906237880341444           0.0503409360072632
         -0.1117567413462999           3.4558558226283740          -1.0792838141320698
          0.0643007663235562           3.1219356448864901          -1.0161612531583417
         -0.0841909279900003           2.6479206760234755          -0.8019744875088750
          0.0468117003584548           2.1514128648833766          -0.7035041236477835
         -0.0527260666960881           1.7750041820580729          -0.5365125787196403
         -0.1644407267887713           1.2546448820716356          -0.3003986937641314
         -0.1285351104662090           0.3370899976516186          -0.0285302868968315
          0.0279606506937274           1.2196232079069751          -0.4079878608510054
         -0.0254709794126170           0.9805851695986348          -0.3035778154015155
         -0.0809650571059786           0.6630259746626814          -0.1632549577921509
         -0.0563447744285932           0.1403410866900004          -0.0067484456395141
          0.0091162123864686           0.3773118632960928          -0.1270034828417881
         -0.0055341050125316           0.2944753365604452          -0.0930659406879913
         -0.0195432358807278           0.1873558639721187          -0.0495029440596859
         -0.0108069680533209           0.0262695960764758          -0.0010432838394962
          0.0000000000000000           0.0000000000000000           0.0000000000000000
          0.0000000000000000           0.0000000000000000           0.0000000000000000
          0.0000000000000000           0.0000000000000000           0.0000000000000000
          0.0000000000000000           0.0000000000000000           0.0000000000000000
          0.0000000000000000           0.0000000000000000           0.0000000000000000
          0.0000000000000000           0.0000000000000000           0.0000000000000000
          0.0000000000000000           0.0000000000000000           0.0000000000000000
          0.0000000000000000           0.0000000000000000           0.0000000000000000
          0.0898592360675599           0.6583113290023324          -0.2459567152581578
         -0.2669841812196628          -3.0820673139407084           1.0873786791115088
          0.1569114642448445           0.7740968304451236          -0.3007397682288205
         -0.1999319530423779          -2.9662818124979178           1.0325956261408471
          0.0462331115738241           0.3830138754317026          -0.1408504800420085
         -0.2351824013018622          -2.6272979419938363           0.9329583394366092
          0.1082169836970728           0.5519386100925081          -0.2131065531087105
         -0.1731985291786134          -2.4583732073330311           0.8607022663699073
         -0.1886646429911134          -1.9530019146717845           0.6998241601432154
         -0.1390022377929935          -1.7615745027092329           0.6220298603108546
         -0.1380773564713889          -1.2556324677325952           0.4562566583181367
         -0.1047996087031381          -1.0933749332907288           0.3916563898305679
         -0.0584107686486868          -0.7921415964318345           0.2745903727593536
         -0.0160937104729210          -0.1873561623360440           0.0578936961225442
         -0.0863824382455979          -0.6498732203905710           0.2418947106603389
         -0.0688892393767835          -0.5486087548201763           0.2017935765197508
         -0.0451497629778087          -0.3806003475512525           0.1369121310955171
         -0.0120276230270928          -0.0678456337274758           0.0228324461648179
         -0.0299637669593549          -0.1664653041421397           0.0649031890645163
         -0.0253773690920887          -0.1366148914615387           0.0530414495071324
         -0.0188477873108602          -0.0912136198529595           0.0354043087826616
         -0.0046543552460512          -0.0110111511970466           0.0047351159233976
          0.0000000000000000           0.0000000000000000           0.0000000000000000
          0.0000000000000000           0.0000000000000000           0.0000000000000000
          0.0000000000000000           0.0000000000000000           0.0000000000000000
          0.0000000000000000           0.0000000000000000           0.0000000000000000
          0.0000000000000000           0.0000000000000000           0.0000000000000000
          0.0000000000000000           0.0000000000000000           0.0000000000000000
          0.0000000000000000           0.0000000000000000           0.0000000000000000
          0.0000000000000000           0.0000000000000000           0.0000000000000000
          0.0000000000000000           0.0000000000000000           0.0000000000000000
          0.0000000000000000           0.0000000000000000           0.0000000000000000
          0.0000000000000000           0.0000000000000000           0.0000000000000000
          0.0000000000000000           0.0000000000000000           0.0000000000000000
          0.0000000000000000           0.0000000000000000           0.0000000000000000
          0.0000000000000000           0.0000000000000000           0.0000000000000000
          0.0000000000000000           0.0000000000000000           0.0000000000000000
          0.0000000000000000           0.0000000000000000           0.0000000000000000
          0.0000000000000000           0.0000000000000000           0.0000000000000000
          0.0000000000000000           0.0000000000000000           0.0000000000000000
          0.0000000000000000           0.0000000000000000           0.0000000000000000
          0.0000000000000000           0.0000000000000000           0.0000000000000000
          0.0000000000000000           0.0000000000000000           0.0000000000000000
          0.0000000000000000           0.0000000000000000           0.0000000000000000
   2
          0.0216684448981925           0.0860905767907991          -0.0558216412092340
          0.0353509418423083           0.3369951280518485          -0.1279623415280449
          0.0200347764182991           0.4720763955030189          -0.1583009704286715
         -0.0187112226618691           0.5211241420155603          -0.1539417169848699
         -0.0650910428068543           0.4465080092274494          -0.1067356602488984
         -0.0748967594022765           0.2738548709744967          -0.0449132372964094
         -0.0251818902614000           0.0567450479796576          -0.0030348843470376
         -0.0009107484934343           0.0015117948541174           0.0000830890820784
         -0.1210056901583355           3.0255882467650932          -0.9292461522178167
          0.8287762572077929           5.8723063785161305          -2.2985817450379269
         -0.2550895976401000           1.9294411536731062          -0.5132196064154196
          0.6946923497260276           4.7761592854241472          -1.8825551992355298
         -0.1297928538353460           2.6391082904893901          -0.7755716355552134
          0.6697095891617898           5.4848302009258347          -2.0671604865096302
         -0.2265317962959726           1.5626038137536213          -0.3870017771555599
          0.5729706467011623           4.4083257241900631          -1.6785906281099809
          0.4157550231774049           4.5565212367517658          -1.6337775352031119
          0.3740048294608968           3.6153929578425621          -1.3127807219167782
          0.1587559241618517           3.2693056412255816          -1.1027936226724417
          0.1663826797134058           2.5656230475998543          -0.8770596222055855
          0.1289718843767155           1.7122006672751788          -0.5682077467560334
         -0.0536763929499932           0.3100095392907855          -0.0595699769020052
         -0.0248667671717360           1.9146270659052294          -0.5882334227965470
          0.0100828124227921           1.4869478814704646          -0.4630044728756076
          0.0327476257210501           0.9556805697028297          -0.2927673306058445
         -0.0142590242057979           0.1402435204391745          -0.0275352433871175
         -0.0801268974066876           0.6193272189873112          -0.1506122089854386
         -0.0512846140289856           0.4741629576581051          -0.1170444808449540
         -0.0193119011021483           0.2888769070544071          -0.0720310572689326
         -0.0004430851330136           0.0282035048895817          -0.0056975372873728
          0.0000000000000000           0.0000000000000000           0.0000000000000000
          0.0000000000000000           0.0000000000000000           0.0000000000000000
          0.0000000000000000           0.0000000000000000           0.0000000000000000
          0.0000000000000000           0.0000000000000000           0.0000000000000000
          0.0000000000000000           0.0000000000000000           0.0000000000000000
          0.0000000000000000           0.0000000000000000           0.0000000000000000
          0.0000000000000000           0.0000000000000000           0.0000000000000000
          0.0000000000000000           0.0000000000000000           0.0000000000000000
          0.0941807206192953           1.6580545628114665          -0.5666412898267225
         -0.1257937166766678          -1.6600414021525922           0.5708441487081847
          0.0111052651029209           1.0034200672883866          -0.3187606161196583
         -0.2088691721930430          -2.3146758976756705           0.8187248224152484
          0.0428146918923382           1.2469794982121678          -0.4141623017312520
         -0.1294759275093807          -1.2276078505292525           0.4428552399627611
         -0.0073938694261516           0.7582636594670934          -0.2348759784413592
         -0.1796844888278708          -1.7163236892743257           0.6221415632526532
         -0.1280164855567097          -0.7281444014774447           0.2887545197150482
         -0.1459127043907093          -1.0262492677528980           0.3912155259634104
         -0.1137676421371455          -0.3491447203145110           0.1628927660665510
         -0.1135834130447182          -0.5012490808339515           0.2095984199351202
         -0.1116010705754120          -0.5627150369575763           0.2237007667098825
         -0.0399574707521890          -0.2259748345783440           0.0792026790338904
         -0.0839155543329988          -0.1209309065937893           0.0762204736840923
         -0.0782775141733316          -0.1811344734787137           0.0911839845112544
         -0.0710843938827489          -0.2085756373650002           0.0937594792986258
         -0.0239601785864266          -0.0828764975553667           0.0318099691307299
         -0.0349416163348874          -0.0132753507018781           0.0195867000093873
         -0.0316061628436344          -0.0236852610280724           0.0207612590203114
         -0.0267060759282761          -0.0299367195618226           0.0197513991253876
         -0.0074437688853760          -0.0121488735886322           0.0060442298997471
          0.0000000000000000           0.0000000000000000           0.0000000000000000
          0.0000000000000000           0.0000000000000000           0.0000000000000000
          0.0000000000000000           0.0000000000000000           0.0000000000000000
          0.0000000000000000           0.0000000000000000           0.0000000000000000
          0.0000000000000000           0.0000000000000000           0.0000000000000000
          0.0000000000000000           0.0000000000000000           0.0000000000000000
          0.0000000000000000           0.0000000000000000           0.0000000000000000
          0.0000000000000000           0.0000000000000000           0.0000000000000000
          0.0000000000000000           0.0000000000000000           0.0000000000000000
          0.0000000000000000           0.0000000000000000           0.0000000000000000
          0.0000000000000000           0.0000000000000000           0.0000000000000000
          0.0000000000000000           0.0000000000000000           0.0000000000000000
          0.0000000000000000           0.0000000000000000           0.0000000000000000
          0.0000000000000000           0.0000000000000000           0.0000000000000000
          0.0000000000000000           0.0000000000000000           0.0000000000000000
          0.0000000000000000           0.0000000000000000           0.0000000000000000
          0.0000000000000000           0.0000000000000000           0.0000000000000000
          0.0000000000000000           0.0000000000000000           0.0000000000000000
          0.0000000000000000           0.0000000000000000           0.0000000000000000
          0.0000000000000000           0.0000000000000000           0.0000000000000000
          0.0000000000000000           0.0000000000000000           0.0000000000000000
          0.0000000000000000           0.0000000000000000           0.0000000000000000
