1  82   4   0   0   -10.219100   0.000000

./DATA/2947/200/52/
0
          0.6781800286024440
          0.3398336715902909
          0.1577051056316514
          0.0498556947473902
          0.0073141377872103
          0.0003392192748360
          0.0000001571353804
          0.0000000000000337
          0.0000000000000000
          0.0000000000000000
          0.0000000000000000
          0.0000000000000000
          0.0000000000000000
          0.0000000000000000
          0.0000000000000000
          0.0000000000000000
          0.0000000000000000
          0.0000000000000000
          0.0000000000000000
          0.0000000000000000
          0.0000000000000000
          0.0000000000000000
          0.0000000000000000
          0.0000000000000000
          0.0000000000000000
          0.0000000000000000
          0.0000000000000000
          0.0000000000000000
          0.0000000000000000
          0.0000000000000000
          5.0851872950813970
          3.5464563201944941
          2.3964013213394755
          1.3408904026851713
          0.5126087360894741
          0.1103591179355526
          0.0023751897758833
          0.0000011002509995
          0.3292516821990699
          1.8474790256718983
          0.0541919310937661
          1.5724192745665950
          0.2082459165551459
          1.1771802046416011
          0.0335551666199347
          1.0024894547063898
          0.5425231017260043
          0.4623512867468799
          0.1840617986545225
          0.1569636164063614
          0.1143102623689565
          0.0172092275393682
          0.0394563380348108
          0.0336638696954671
          0.0245213898336336
          0.0036785186771065
          0.0018242006450452
          0.0015569110478847
          0.0011342479996800
          0.0001697346922923
          2.4936670710675388
          6.3679011415895150
          0.7973968548740117
          4.6716309253959674
          1.7287027010040716
          4.4767315116618853
          0.5407832063321727
          3.2888120169899855
          2.4534836601683860
          1.8069085100169915
          1.0675101583874771
          0.7888089119250801
          0.4389060733960643
          0.0179575193654157
          0.3293877039588652
          0.2443871765075852
          0.1361881325212010
          0.0048931879948976
          0.0321249240131641
          0.0239650147205084
          0.0134080231312541
          0.0004360377833871
1
          4.0683048919900440
          2.7041378850532878
          1.7553059865246345
          0.9437826298708381
          0.3490532951801930
          0.0739119645652044
          0.0015836169859692
          0.0000007335007001
          1.2287360107803176
          3.5390623166645021
          0.3902213381240870
          2.7005476440082741
          0.8287894069784287
          2.3942104315741828
          0.2591295231765474
          1.8245505477723023
          1.2331852224841178
          0.9378036014722027
          0.4966553914388063
          0.3767192833846019
          0.2248806166833560
          0.0174676352931495
          0.1399663046384526
          0.1058465435032093
          0.0622376538594353
          0.0040843627587669
          0.0121026801019074
          0.0091154826333799
          0.0052478932148507
          0.0002585161437727
          1.6950624316938001
          1.1821521067314991
          0.7988004404464917
          0.4469634675617238
          0.1708695786964914
          0.0367863726451842
          0.0007917299252944
          0.0000003667503332
          1.4161702101945319
          4.4915419315768350
          0.3730730154067857
          3.4484447367890749
          0.9944346483071502
          3.1425214934701566
          0.2587105064563605
          2.4067973516193666
          1.7091462714662888
          1.3041896216563800
          0.7368057593965592
          0.5599126764748381
          0.3259639684429693
          0.0176901344665354
          0.2250115593929329
          0.1702629311628072
          0.0979778520321200
          0.0044863896041737
          0.0216682062221460
          0.0163172394403926
          0.0092719910781041
          0.0003472425774578
          0.1780125322917575
          0.1847759190200708
          0.0882944324369054
          0.0950578191652186
          0.1137245622736400
          0.1171797912591510
          0.0564983433192000
          0.0599535723047110
          0.0536752679439853
          0.0272665736352866
          0.0181108062066330
          0.0091405684720012
          0.0023717506386965
          0.0000089771450989
          0.0038661779622903
          0.0019415715370360
          0.0004940164632793
          0.0000009543090634
          0.0001782383341559
          0.0000892036946206
          0.0000223868379793
          0.0000000137544488
1
          4.0683048919900422
          2.7041378850532878
          1.7553059865246345
          0.9437826298708379
          0.3490532951801931
          0.0739119645652044
          0.0015836169859692
          0.0000007335007001
          1.2287360107803174
          3.5390623166645048
          0.3902213381240874
          2.7005476440082687
          0.8287894069784290
          2.3942104315741819
          0.2591295231765473
          1.8245505477723030
          1.2331852224841158
          0.9378036014722041
          0.4966553914388066
          0.3767192833846016
          0.2248806166833558
          0.0174676352931495
          0.1399663046384525
          0.1058465435032094
          0.0622376538594354
          0.0040843627587669
          0.0121026801019074
          0.0091154826333799
          0.0052478932148507
          0.0002585161437727
          1.6950624316938001
          1.1821521067314991
          0.7988004404464917
          0.4469634675617237
          0.1708695786964914
          0.0367863726451842
          0.0007917299252944
          0.0000003667503332
          1.4161702101945319
          4.4915419315768306
          0.3730730154067859
          3.4484447367890767
          0.9944346483071504
          3.1425214934701580
          0.2587105064563602
          2.4067973516193684
          1.7091462714662893
          1.3041896216563802
          0.7368057593965590
          0.5599126764748374
          0.3259639684429697
          0.0176901344665355
          0.2250115593929329
          0.1702629311628073
          0.0979778520321200
          0.0044863896041737
          0.0216682062221460
          0.0163172394403926
          0.0092719910781041
          0.0003472425774578
          0.1780125322917575
          0.1847759190200708
          0.0882944324369054
          0.0950578191652186
          0.1137245622736400
          0.1171797912591510
          0.0564983433192000
          0.0599535723047110
          0.0536752679439853
          0.0272665736352866
          0.0181108062066330
          0.0091405684720012
          0.0023717506386965
          0.0000089771450989
          0.0038661779622903
          0.0019415715370360
          0.0004940164632793
          0.0000009543090634
          0.0001782383341559
          0.0000892036946206
          0.0000223868379793
          0.0000000137544488
1
          4.0683048919900440
          2.7041378850532873
          1.7553059865246345
          0.9437826298708382
          0.3490532951801929
          0.0739119645652044
          0.0015836169859692
          0.0000007335007001
          1.2287360107803174
          3.5390623166645048
          0.3902213381240872
          2.7005476440082696
          0.8287894069784291
          2.3942104315741823
          0.2591295231765475
          1.8245505477723034
          1.2331852224841160
          0.9378036014722041
          0.4966553914388069
          0.3767192833846018
          0.2248806166833558
          0.0174676352931495
          0.1399663046384526
          0.1058465435032094
          0.0622376538594354
          0.0040843627587669
          0.0121026801019074
          0.0091154826333799
          0.0052478932148507
          0.0002585161437727
          1.6950624316938001
          1.1821521067314991
          0.7988004404464917
          0.4469634675617237
          0.1708695786964914
          0.0367863726451842
          0.0007917299252944
          0.0000003667503332
          1.4161702101945335
          4.4915419315768332
          0.3730730154067858
          3.4484447367890771
          0.9944346483071506
          3.1425214934701584
          0.2587105064563602
          2.4067973516193679
          1.7091462714662891
          1.3041896216563802
          0.7368057593965590
          0.5599126764748374
          0.3259639684429695
          0.0176901344665354
          0.2250115593929329
          0.1702629311628073
          0.0979778520321200
          0.0044863896041737
          0.0216682062221460
          0.0163172394403926
          0.0092719910781041
          0.0003472425774578
          0.1780125322917575
          0.1847759190200708
          0.0882944324369054
          0.0950578191652186
          0.1137245622736400
          0.1171797912591511
          0.0564983433192000
          0.0599535723047110
          0.0536752679439853
          0.0272665736352866
          0.0181108062066330
          0.0091405684720012
          0.0023717506386965
          0.0000089771450989
          0.0038661779622903
          0.0019415715370360
          0.0004940164632793
          0.0000009543090634
          0.0001782383341559
          0.0000892036946206
          0.0000223868379793
          0.0000000137544488
