1  82   4   0   0   -9.399388   0.000000

./DATA/2947/200/58/
0
          0.5289541369128251
          4.6034829746358312
          0.2523704813924094
          3.1718361217377309
          0.1109047801074952
          2.0999552776227230
          0.0323085768627251
          1.1326202147366946
          0.0041361578150320
          0.4051472967192654
          0.0001542566646295
          0.0782385282716062
          0.0000000414343973
          0.0012822674250153
          0.0000000000000030
          0.0000003444258183
          0.0000000000000000
          0.2116741250544605
          1.8644937446811862
          0.0000000000000000
          1.2261644219589591
          4.8705687789246062
          0.0000000000000000
          0.0632693684425479
          1.1218077407168161
          0.0000000000000000
          2.0922499622515489
          7.1339578092036451
          0.0000000000000000
          0.1310988966971212
          1.2735473910499457
          0.0000000000000000
          0.7604039762919095
          3.3724251304194270
          0.0000000000000000
          0.0390195777425666
          0.7536887873688487
          0.0000000000000000
          1.2976297369321459
          4.9514442661077895
          0.0000000000000000
          0.3337828866378624
          1.7943297875420166
          0.0000000000000000
          0.5696688698268332
          2.6440712059353744
          0.0000000000000000
          0.1054671280357225
          0.7451827373277465
          0.0000000000000000
          0.1800198091597702
          1.1026662056062717
          0.0000000000000000
          0.5245859532934821
          2.4453763758664642
          0.0000000000000000
        321.6422883401805848
        327.7921403110143501
          0.0000000000000000
          0.0203533370623051
          0.2137908227123272
          0.0000000000000000
          0.0347432979046616
          0.3177476675850981
          0.0000000000000000
          0.1012468318761013
          0.7078601021180436
          0.0000000000000000
         62.0437582960874963
         92.9279944466907182
          0.0000000000000000
          0.0007587341031947
          0.0178463224289705
          0.0000000000000000
          0.0012952255774860
          0.0266590402254664
          0.0000000000000000
          0.0037745455486794
          0.0597112161440960
          0.0000000000000000
          2.3122209474223703
          7.7490426492788336
1
          1.5344943248786098
          3.5979427866700471
          1.0572787072459102
          2.3669278958842299
          0.6999850925409077
          1.5108749651893103
          0.3775400715788984
          0.7873887200205214
          0.1350490989064218
          0.2742343556278757
          0.0260795094238688
          0.0523132755123670
          0.0004274224750051
          0.0008548863844075
          0.0000001148086061
          0.0000002296172152
          0.1194631346325749
          1.0746276022071273
          0.8820771328959439
          0.1201766232029953
          3.4154140801967316
          2.5611424974838348
          0.1193124515487475
          0.5303367135279002
          0.5354279440827199
          0.1207394286895883
          5.2119096695071008
          3.8935586732584961
          0.0741175584616861
          0.7444961093422995
          0.5860326199430831
          0.0744662537031524
          2.3528189049706141
          1.7055439480375665
          0.0740439070083812
          0.3673779034766586
          0.3512865546263751
          0.0747412974913138
          3.5840234947332763
          2.5903092108153367
          0.0326537174488727
          1.2421733856762209
          0.8532855710547854
          0.0327337757765584
          1.8871362090127426
          1.2938700909729073
          0.0103086250586082
          0.5113269507798545
          0.3290142895250045
          0.0103228551784691
          0.7744716964338327
          0.4978914631537398
          0.0103807110726729
          1.7843514795301272
          1.1752301385571498
          0.0332499273045984
        325.6756897994608835
        323.7254889244300102
          0.0019881153647089
          0.1453354300995690
          0.0868206143103550
          0.0019893223956231
          0.2194342329003728
          0.1310674101937636
          0.0019942296260818
          0.5016672194518994
          0.3054454849161642
          0.0039330610215062
         82.6253829411133296
         72.3424367406434357
          0.0000740832047377
          0.0120022932442366
          0.0065286800831910
          0.0000740918952639
          0.0180562515522785
          0.0098239223554100
          0.0000741272258502
          0.0409174048272569
          0.0224942296396685
          0.0000880821571728
          5.9365925843456644
          4.1245829301983656
1
          1.5344943248786100
          3.5979427866700471
          1.0572787072459102
          2.3669278958842304
          0.6999850925409077
          1.5108749651893101
          0.3775400715788983
          0.7873887200205216
          0.1350490989064218
          0.2742343556278757
          0.0260795094238687
          0.0523132755123670
          0.0004274224750051
          0.0008548863844075
          0.0000001148086061
          0.0000002296172152
          0.1194631346325749
          1.0746276022071279
          0.8820771328959440
          0.1201766232029953
          3.4154140801967316
          2.5611424974838419
          0.1193124515487475
          0.5303367135279009
          0.5354279440827195
          0.1207394286895883
          5.2119096695070999
          3.8935586732585037
          0.0741175584616861
          0.7444961093422996
          0.5860326199430834
          0.0744662537031524
          2.3528189049706123
          1.7055439480375676
          0.0740439070083812
          0.3673779034766587
          0.3512865546263758
          0.0747412974913138
          3.5840234947332772
          2.5903092108153341
          0.0326537174488727
          1.2421733856762196
          0.8532855710547854
          0.0327337757765584
          1.8871362090127430
          1.2938700909729044
          0.0103086250586082
          0.5113269507798540
          0.3290142895250038
          0.0103228551784691
          0.7744716964338327
          0.4978914631537399
          0.0103807110726729
          1.7843514795301272
          1.1752301385571498
          0.0332499273045983
        325.6756897994607698
        323.7254889244293281
          0.0019881153647089
          0.1453354300995689
          0.0868206143103547
          0.0019893223956231
          0.2194342329003728
          0.1310674101937634
          0.0019942296260818
          0.5016672194519001
          0.3054454849161651
          0.0039330610215062
         82.6253829411133580
         72.3424367406434641
          0.0000740832047377
          0.0120022932442366
          0.0065286800831910
          0.0000740918952639
          0.0180562515522785
          0.0098239223554100
          0.0000741272258502
          0.0409174048272569
          0.0224942296396684
          0.0000880821571728
          5.9365925843456635
          4.1245829301983710
1
          1.5344943248786100
          3.5979427866700462
          1.0572787072459102
          2.3669278958842290
          0.6999850925409077
          1.5108749651893107
          0.3775400715788983
          0.7873887200205216
          0.1350490989064219
          0.2742343556278756
          0.0260795094238688
          0.0523132755123670
          0.0004274224750051
          0.0008548863844075
          0.0000001148086061
          0.0000002296172152
          0.1194631346325749
          1.0746276022071275
          0.8820771328959439
          0.1201766232029953
          3.4154140801967312
          2.5611424974838415
          0.1193124515487475
          0.5303367135279007
          0.5354279440827197
          0.1207394286895883
          5.2119096695071008
          3.8935586732585037
          0.0741175584616861
          0.7444961093422995
          0.5860326199430832
          0.0744662537031524
          2.3528189049706132
          1.7055439480375674
          0.0740439070083812
          0.3673779034766589
          0.3512865546263757
          0.0747412974913138
          3.5840234947332781
          2.5903092108153349
          0.0326537174488727
          1.2421733856762196
          0.8532855710547851
          0.0327337757765584
          1.8871362090127430
          1.2938700909729046
          0.0103086250586082
          0.5113269507798541
          0.3290142895250038
          0.0103228551784691
          0.7744716964338326
          0.4978914631537398
          0.0103807110726729
          1.7843514795301272
          1.1752301385571498
          0.0332499273045983
        325.6756897994607698
        323.7254889244297260
          0.0019881153647089
          0.1453354300995689
          0.0868206143103548
          0.0019893223956231
          0.2194342329003728
          0.1310674101937635
          0.0019942296260818
          0.5016672194519000
          0.3054454849161650
          0.0039330610215062
         82.6253829411133580
         72.3424367406434783
          0.0000740832047377
          0.0120022932442366
          0.0065286800831910
          0.0000740918952639
          0.0180562515522785
          0.0098239223554100
          0.0000741272258502
          0.0409174048272569
          0.0224942296396684
          0.0000880821571728
          5.9365925843456644
          4.1245829301983656
