1  82   2   0   0   -4.017911   0.000000

./DATA/2947/100/M022/
0
          1.6713474858867305
          1.0653699868048305
          0.6576835116765396
          0.3266458284181530
          0.1052771441892684
          0.0177804266314984
          0.0002150919273653
          0.0000000319740579
          0.1205925726473044
          0.3371310226379810
          0.0437119651703569
          0.2602504151610334
          0.0726054707584727
          0.2030280409332291
          0.0262864061952396
          0.1567089763699960
          0.0847392000403334
          0.0653926593228739
          0.0249666479955487
          0.0192609406152874
          0.0125414359506049
          0.0016799098859590
          0.0043675157478968
          0.0033680342279883
          0.0021895187503770
          0.0002904997247442
          0.0001347343956389
          0.0001038235418984
          0.0000672933086847
          0.0000087689829987
          2.2418308329059800
          1.4671860534702321
          0.9283759246952302
          0.4772871887254064
          0.1640685358540963
          0.0317313708602392
          0.0006122298475724
          0.0000003035983857
          0.6030164770989727
          1.9221082830663818
          0.1504751944365459
          1.4695670004039556
          0.4058479015246715
          1.2955379059364156
          0.1007180687331425
          0.9904080731448867
          0.6623312505322989
          0.5062394516968781
          0.2630819188137405
          0.2010272532986634
          0.1182100308974339
          0.0061655135523629
          0.0720345513445917
          0.0550237702176956
          0.0322760652949924
          0.0015737505617597
          0.0056783626494578
          0.0043352924136692
          0.0025357830656669
          0.0001139791425223
          0.3532472133522457
          0.9093151667304317
          0.1083002774426316
          0.6643682308208175
          0.2379175971258030
          0.6127753066047409
          0.0723096797053140
          0.4471673891842517
          0.3132298151786286
          0.2281711578115186
          0.1244303392385252
          0.0904692986882764
          0.0486697138237922
          0.0016758873940671
          0.0340873840646799
          0.0247396896652968
          0.0131894065418800
          0.0003899332711630
          0.0026899834560585
          0.0019489129147684
          0.0010288987441311
          0.0000252056916670
1
          1.6713474858867303
          1.0653699868048305
          0.6576835116765396
          0.3266458284181529
          0.1052771441892684
          0.0177804266314984
          0.0002150919273653
          0.0000000319740579
          0.1205925726473044
          0.3371310226379810
          0.0437119651703569
          0.2602504151610334
          0.0726054707584727
          0.2030280409332292
          0.0262864061952396
          0.1567089763699960
          0.0847392000403334
          0.0653926593228739
          0.0249666479955487
          0.0192609406152874
          0.0125414359506049
          0.0016799098859590
          0.0043675157478968
          0.0033680342279883
          0.0021895187503770
          0.0002904997247442
          0.0001347343956389
          0.0001038235418984
          0.0000672933086847
          0.0000087689829987
          2.2418308329059800
          1.4671860534702321
          0.9283759246952303
          0.4772871887254063
          0.1640685358540963
          0.0317313708602392
          0.0006122298475724
          0.0000003035983857
          0.6030164770989723
          1.9221082830663816
          0.1504751944365459
          1.4695670004039558
          0.4058479015246716
          1.2955379059364152
          0.1007180687331425
          0.9904080731448868
          0.6623312505322986
          0.5062394516968779
          0.2630819188137407
          0.2010272532986634
          0.1182100308974339
          0.0061655135523629
          0.0720345513445917
          0.0550237702176956
          0.0322760652949924
          0.0015737505617597
          0.0056783626494578
          0.0043352924136692
          0.0025357830656669
          0.0001139791425223
          0.3532472133522456
          0.9093151667304317
          0.1083002774426316
          0.6643682308208178
          0.2379175971258030
          0.6127753066047408
          0.0723096797053140
          0.4471673891842517
          0.3132298151786286
          0.2281711578115186
          0.1244303392385252
          0.0904692986882764
          0.0486697138237922
          0.0016758873940671
          0.0340873840646799
          0.0247396896652968
          0.0131894065418800
          0.0003899332711630
          0.0026899834560585
          0.0019489129147684
          0.0010288987441311
          0.0000252056916670
