1  82   4   0   0   -9.535641   0.000000

./DATA/2947/200/57/
0
          0.5526342748070440
          4.6753699224416394
          0.2658638054047596
          3.2300999582058436
          0.1179157678262607
          2.1467777030153687
          0.0348289902138965
          1.1653963386816273
          0.0045627066740917
          0.4216314125541751
          0.0001765522336629
          0.0829338792820548
          0.0000000519995856
          0.0014232928071907
          0.0000000000000045
          0.0000004191996590
          0.0000000000000000
          0.2278418370160820
          1.9548420749758182
          0.0000000000000000
          1.3150819034705417
          5.0867063986401364
          0.0000000000000000
          0.0688967208746332
          1.1864470414053929
          0.0000000000000000
          2.2433768537835550
          7.4501756887340429
          0.0000000000000000
          0.1416903864051508
          1.3390327160221329
          0.0000000000000000
          0.8194893494509197
          3.5325308086816953
          0.0000000000000000
          0.0425661521484530
          0.7987300480741207
          0.0000000000000000
          1.3981640782399907
          5.1857262333932432
          0.0000000000000000
          0.3628096337385178
          1.8899402505114473
          0.0000000000000000
          0.6191213435483123
          2.7842346784186689
          0.0000000000000000
          0.1160604738538070
          0.7914863202839936
          0.0000000000000000
          0.1980853527252258
          1.1708102231613360
          0.0000000000000000
          0.5772093468157762
          2.5969400171458763
          0.0000000000000000
        354.1202084213712169
        357.2992693862992155
          0.0000000000000000
          0.0228045711599654
          0.2299794835091424
          0.0000000000000000
          0.0389261544595309
          0.3417032643929098
          0.0000000000000000
          0.1134344626357336
          0.7611464514574122
          0.0000000000000000
         69.5311575874476517
        101.1324350522795044
          0.0000000000000000
          0.0008817802288120
          0.0197156165867429
          0.0000000000000000
          0.0015052649901621
          0.0294455187985401
          0.0000000000000000
          0.0043866282327141
          0.0659408518796304
          0.0000000000000000
          2.6873199793418818
          8.5778136124901909
1
          1.5584566408138798
          3.6695475564348041
          1.0766999860686139
          2.4192637775419876
          0.7155925676717891
          1.5491009031698399
          0.3884654462272092
          0.8117598826683148
          0.1405438041847250
          0.2856503150435418
          0.0276446264273516
          0.0554658050883662
          0.0004744309357302
          0.0009489138710461
          0.0000001397332197
          0.0000002794664438
          0.1279693853136976
          1.1232365583618424
          0.9314779683163567
          0.1291845714340731
          3.5711290907154578
          2.7014746399611465
          0.1277128423950684
          0.5585045831050021
          0.5691263367799556
          0.1301432146358196
          5.4542896478122422
          4.1091196800695320
          0.0797990875521909
          0.7803204310454245
          0.6206035838296698
          0.0803975350904874
          2.4673885854237940
          1.8042340376183317
          0.0796727204468909
          0.3873299752051166
          0.3742935045705667
          0.0808696155234838
          3.7614662839618513
          2.7415544121478872
          0.0355365233052056
          1.3098236649767272
          0.9073896959680338
          0.0356757789149455
          1.9911786756319876
          1.3765015674200411
          0.0113519473124525
          0.5436404768490256
          0.3525543699763206
          0.0113771724483487
          0.8238142547859354
          0.5337041486522772
          0.0114797365612445
          1.9007369872466868
          1.2619326401537205
          0.0520415058120411
        356.1354993863657228
        355.2319369154926676
          0.0022282514318754
          0.1564646765289993
          0.0940911267082333
          0.0022304503613965
          0.2363166603589904
          0.1420823081320539
          0.0022393904058218
          0.5407636743718760
          0.3315778493154484
          0.0057723731293842
         90.5871311510767896
         80.0706891155210343
          0.0000861029709539
          0.0132654651921915
          0.0072458286524095
          0.0000861196994361
          0.0199598614635419
          0.0109048026257242
          0.0000861877079678
          0.0452504019147228
          0.0249908904896540
          0.0001130510581459
          6.6140896326577927
          4.6509309081161305
1
          1.5584566408138798
          3.6695475564348046
          1.0766999860686137
          2.4192637775419881
          0.7155925676717891
          1.5491009031698399
          0.3884654462272092
          0.8117598826683150
          0.1405438041847250
          0.2856503150435417
          0.0276446264273516
          0.0554658050883661
          0.0004744309357302
          0.0009489138710461
          0.0000001397332197
          0.0000002794664438
          0.1279693853136976
          1.1232365583618422
          0.9314779683163569
          0.1291845714340731
          3.5711290907154578
          2.7014746399611460
          0.1277128423950684
          0.5585045831050023
          0.5691263367799548
          0.1301432146358196
          5.4542896478122405
          4.1091196800695338
          0.0797990875521909
          0.7803204310454245
          0.6206035838296694
          0.0803975350904874
          2.4673885854237918
          1.8042340376183321
          0.0796727204468909
          0.3873299752051165
          0.3742935045705665
          0.0808696155234838
          3.7614662839618513
          2.7415544121478876
          0.0355365233052056
          1.3098236649767276
          0.9073896959680343
          0.0356757789149455
          1.9911786756319876
          1.3765015674200414
          0.0113519473124525
          0.5436404768490248
          0.3525543699763207
          0.0113771724483487
          0.8238142547859348
          0.5337041486522763
          0.0114797365612445
          1.9007369872466870
          1.2619326401537216
          0.0520415058120411
        356.1354993863658365
        355.2319369154924971
          0.0022282514318754
          0.1564646765289995
          0.0940911267082333
          0.0022304503613965
          0.2363166603589905
          0.1420823081320536
          0.0022393904058218
          0.5407636743718762
          0.3315778493154481
          0.0057723731293842
         90.5871311510768038
         80.0706891155210201
          0.0000861029709539
          0.0132654651921915
          0.0072458286524095
          0.0000861196994361
          0.0199598614635419
          0.0109048026257242
          0.0000861877079678
          0.0452504019147228
          0.0249908904896540
          0.0001130510581459
          6.6140896326577936
          4.6509309081161296
1
          1.5584566408138798
          3.6695475564348046
          1.0766999860686139
          2.4192637775419872
          0.7155925676717891
          1.5491009031698391
          0.3884654462272093
          0.8117598826683146
          0.1405438041847251
          0.2856503150435419
          0.0276446264273516
          0.0554658050883661
          0.0004744309357302
          0.0009489138710461
          0.0000001397332197
          0.0000002794664438
          0.1279693853136976
          1.1232365583618422
          0.9314779683163572
          0.1291845714340731
          3.5711290907154569
          2.7014746399611465
          0.1277128423950684
          0.5585045831050022
          0.5691263367799542
          0.1301432146358196
          5.4542896478122396
          4.1091196800695329
          0.0797990875521909
          0.7803204310454243
          0.6206035838296692
          0.0803975350904874
          2.4673885854237922
          1.8042340376183323
          0.0796727204468909
          0.3873299752051164
          0.3742935045705664
          0.0808696155234838
          3.7614662839618505
          2.7415544121478881
          0.0355365233052056
          1.3098236649767272
          0.9073896959680344
          0.0356757789149455
          1.9911786756319876
          1.3765015674200409
          0.0113519473124525
          0.5436404768490249
          0.3525543699763206
          0.0113771724483487
          0.8238142547859344
          0.5337041486522761
          0.0114797365612445
          1.9007369872466875
          1.2619326401537216
          0.0520415058120411
        356.1354993863658365
        355.2319369154926108
          0.0022282514318754
          0.1564646765289995
          0.0940911267082333
          0.0022304503613965
          0.2363166603589905
          0.1420823081320537
          0.0022393904058218
          0.5407636743718763
          0.3315778493154482
          0.0057723731293842
         90.5871311510768038
         80.0706891155210485
          0.0000861029709539
          0.0132654651921915
          0.0072458286524095
          0.0000861196994361
          0.0199598614635419
          0.0109048026257242
          0.0000861877079678
          0.0452504019147228
          0.0249908904896540
          0.0001130510581459
          6.6140896326577963
          4.6509309081161287
