1  82   4   0   0   -9.809259   0.000000

./DATA/2947/200/55/
0
          0.6014353773652995
          0.2941380673692994
          0.1328612073715828
          0.0403337530611929
          0.0055307755658800
          0.0002302363418585
          0.0000000814035750
          0.0000000000000102
          0.0000000000000000
          0.0000000000000000
          0.0000000000000000
          0.0000000000000000
          0.0000000000000000
          0.0000000000000000
          0.0000000000000000
          0.0000000000000000
          0.0000000000000000
          0.0000000000000000
          0.0000000000000000
          0.0000000000000000
          0.0000000000000000
          0.0000000000000000
          0.0000000000000000
          0.0000000000000000
          0.0000000000000000
          0.0000000000000000
          0.0000000000000000
          0.0000000000000000
          0.0000000000000000
          0.0000000000000000
          4.8292179974068423
          3.3515156770963928
          2.2434369650107953
          1.2332223687817609
          0.4562684671353021
          0.0930800327512501
          0.0017502045815565
          0.0000006188115590
          0.2640009842489493
          1.5095673202204649
          0.0411053018006593
          1.2866716377721743
          0.1653968746947780
          0.9494311568934204
          0.0254444921530465
          0.8094787743516896
          0.4273590656336144
          0.3644980539255030
          0.1400401077017230
          0.1194799082715426
          0.0870309639154600
          0.0130568115350556
          0.0285082014907335
          0.0243285088489255
          0.0177231061206023
          0.0026542424118383
          0.0011849978645114
          0.0010114185490877
          0.0007368596410480
          0.0001102255869733
          2.1521443533988123
          5.5571121053197619
          0.6659543933569837
          4.0709221452779305
          1.4818217629256243
          3.8799883651228688
          0.4498412259486425
          2.8480078281458874
          2.0973328887763678
          1.5444330557780608
          0.8924902772063504
          0.6597742455426967
          0.3661702629355056
          0.0131559969837083
          0.2658162518108941
          0.1973628638984915
          0.1099096920060504
          0.0036840096915360
          0.0240142331540737
          0.0179255109652487
          0.0100325473410556
          0.0003208488732526
1
          3.8209140423031949
          2.5284818521002284
          1.6284858507121127
          0.8624819989157002
          0.3097097536560813
          0.0622835915093586
          0.0011668844579460
          0.0000004125410495
          1.0398035896123898
          3.0079221503516456
          0.3223088871938081
          2.2904274479330629
          0.6964197018150889
          2.0198737005245730
          0.2128722122909238
          1.5363262110004117
          1.0260119460481465
          0.7789715155324535
          0.4045801377100174
          0.3064705703638290
          0.1818319444659345
          0.0130933385439930
          0.1103988679918307
          0.0834034613997214
          0.0488040661377464
          0.0029978630904310
          0.0089104754256615
          0.0067073397044633
          0.0038499193077549
          0.0001804392525893
          1.6097393324689473
          1.1171718923654645
          0.7478123216702649
          0.4110741229272539
          0.1520894890451006
          0.0310266775837500
          0.0005834015271855
          0.0000002062705197
          1.2299202657218871
          3.9095840400904915
          0.3118302530894586
          2.9914940274580641
          0.8585844047619524
          2.7159556806037108
          0.2164513636047556
          2.0738226394465120
          1.4566850689948894
          1.1087977998483476
          0.6142269403579714
          0.4658910337818407
          0.2696147348412393
          0.0131160047820511
          0.1811376022487536
          0.1368910771467547
          0.0784766339335786
          0.0033400240942500
          0.0161730231282944
          0.0121716994598844
          0.0069049905743110
          0.0002506293041136
          0.1464214823134860
          0.1491732350980831
          0.0729205548743746
          0.0756723076589717
          0.0922145310433620
          0.0935901408880044
          0.0459621422060113
          0.0473377520506538
          0.0419949393669476
          0.0211617943227642
          0.0137233068400851
          0.0068925496685688
          0.0017545475437923
          0.0000034651927198
          0.0027879830610435
          0.0013968342009407
          0.0003520980553280
          0.0000003649186934
          0.0001157324646293
          0.0000578903499886
          0.0000144971000377
          0.0000000059035229
1
          3.8209140423031944
          2.5284818521002288
          1.6284858507121125
          0.8624819989157004
          0.3097097536560813
          0.0622835915093586
          0.0011668844579460
          0.0000004125410495
          1.0398035896123914
          3.0079221503516473
          0.3223088871938077
          2.2904274479330611
          0.6964197018150891
          2.0198737005245762
          0.2128722122909234
          1.5363262110004094
          1.0260119460481472
          0.7789715155324549
          0.4045801377100170
          0.3064705703638286
          0.1818319444659346
          0.0130933385439930
          0.1103988679918307
          0.0834034613997216
          0.0488040661377465
          0.0029978630904310
          0.0089104754256615
          0.0067073397044633
          0.0038499193077549
          0.0001804392525893
          1.6097393324689473
          1.1171718923654648
          0.7478123216702649
          0.4110741229272539
          0.1520894890451006
          0.0310266775837500
          0.0005834015271855
          0.0000002062705197
          1.2299202657218882
          3.9095840400904920
          0.3118302530894587
          2.9914940274580641
          0.8585844047619523
          2.7159556806037117
          0.2164513636047557
          2.0738226394465138
          1.4566850689948894
          1.1087977998483483
          0.6142269403579714
          0.4658910337818405
          0.2696147348412394
          0.0131160047820511
          0.1811376022487537
          0.1368910771467547
          0.0784766339335786
          0.0033400240942500
          0.0161730231282944
          0.0121716994598844
          0.0069049905743110
          0.0002506293041136
          0.1464214823134859
          0.1491732350980831
          0.0729205548743746
          0.0756723076589716
          0.0922145310433620
          0.0935901408880044
          0.0459621422060113
          0.0473377520506538
          0.0419949393669476
          0.0211617943227642
          0.0137233068400851
          0.0068925496685688
          0.0017545475437923
          0.0000034651927198
          0.0027879830610435
          0.0013968342009407
          0.0003520980553280
          0.0000003649186934
          0.0001157324646293
          0.0000578903499886
          0.0000144971000377
          0.0000000059035229
1
          3.8209140423031953
          2.5284818521002288
          1.6284858507121132
          0.8624819989157005
          0.3097097536560814
          0.0622835915093586
          0.0011668844579460
          0.0000004125410495
          1.0398035896123896
          3.0079221503516460
          0.3223088871938075
          2.2904274479330589
          0.6964197018150893
          2.0198737005245766
          0.2128722122909234
          1.5363262110004094
          1.0260119460481474
          0.7789715155324549
          0.4045801377100168
          0.3064705703638285
          0.1818319444659347
          0.0130933385439930
          0.1103988679918307
          0.0834034613997216
          0.0488040661377465
          0.0029978630904310
          0.0089104754256615
          0.0067073397044633
          0.0038499193077549
          0.0001804392525893
          1.6097393324689473
          1.1171718923654648
          0.7478123216702649
          0.4110741229272539
          0.1520894890451006
          0.0310266775837500
          0.0005834015271855
          0.0000002062705197
          1.2299202657218877
          3.9095840400904911
          0.3118302530894586
          2.9914940274580610
          0.8585844047619522
          2.7159556806037117
          0.2164513636047557
          2.0738226394465120
          1.4566850689948887
          1.1087977998483480
          0.6142269403579714
          0.4658910337818404
          0.2696147348412395
          0.0131160047820511
          0.1811376022487537
          0.1368910771467547
          0.0784766339335786
          0.0033400240942500
          0.0161730231282944
          0.0121716994598844
          0.0069049905743110
          0.0002506293041136
          0.1464214823134859
          0.1491732350980831
          0.0729205548743746
          0.0756723076589716
          0.0922145310433620
          0.0935901408880044
          0.0459621422060113
          0.0473377520506538
          0.0419949393669477
          0.0211617943227642
          0.0137233068400851
          0.0068925496685688
          0.0017545475437923
          0.0000034651927198
          0.0027879830610435
          0.0013968342009407
          0.0003520980553280
          0.0000003649186934
          0.0001157324646293
          0.0000578903499886
          0.0000144971000377
          0.0000000059035229
