1  82   4   0   0   -10.755316   0.000000

./DATA/2947/200/48/
0
          0.7869422993590560
          0.4070606789108301
          0.1956888635483003
          0.0652268715121469
          0.0104518686959546
          0.0005582410631687
          0.0000003680369003
          0.0000000000001600
          0.0000000000000000
          0.0000000000000000
          0.0000000000000000
          0.0000000000000000
          0.0000000000000000
          0.0000000000000000
          0.0000000000000000
          0.0000000000000000
          0.0000000000000000
          0.0000000000000000
          0.0000000000000000
          0.0000000000000000
          0.0000000000000000
          0.0000000000000000
          0.0000000000000000
          0.0000000000000000
          0.0000000000000000
          0.0000000000000000
          0.0000000000000000
          0.0000000000000000
          0.0000000000000000
          0.0000000000000000
          5.4734296095843131
          3.8319821423248341
          2.6165626999614573
          1.4962636515693664
          0.5965353176440965
          0.1377628778947381
          0.0035371140919610
          0.0000023319468183
          0.4414783006032217
          2.3984511905820334
          0.0791391757068064
          2.0361120656856175
          0.2821866323838068
          1.5528772533805868
          0.0489618911889002
          1.3196525121856824
          0.7370242461642782
          0.6271763279162130
          0.2612863745670962
          0.2226155659928888
          0.1620535889848371
          0.0245566353686627
          0.0598459534350240
          0.0510369737138524
          0.0371687388960960
          0.0055943122900233
          0.0031760954263748
          0.0027104182344010
          0.0019745102230728
          0.0002957206551248
          3.0465314241622985
          7.6760074857386593
          1.0207280117634121
          5.6502040733397623
          2.1286895639525327
          5.4368204251232450
          0.6955008932153914
          4.0036317543860918
          3.0272210826317729
          2.2319165839728488
          1.3528885256843095
          0.9996960260193901
          0.5594234668965955
          0.0280398093724068
          0.4362795933666042
          0.3234729856300738
          0.1806473503009070
          0.0073499027489128
          0.0469385000062990
          0.0349872491818947
          0.0195712506576420
          0.0006597356555455
1
          4.4358953724152652
          2.9617154404607189
          1.9400639968559388
          1.0627359725583916
          0.4081420804586856
          0.0924001596596608
          0.0023584440982077
          0.0000015546313722
          1.5382154861673554
          4.4025720597873459
          0.5054593669088722
          3.3698159405288566
          1.0462633230415950
          3.0047932447873258
          0.3378497503803544
          2.2963796721260805
          1.5742501476344992
          1.2001371540753862
          0.6510620968443669
          0.4948380712817482
          0.2980548880744940
          0.0257425200657365
          0.1912106853094252
          0.1448190611686664
          0.0857645722284897
          0.0061823250871785
          0.0180741903446505
          0.0136250027554868
          0.0078793334927050
          0.0004171007101025
          1.8244765365281057
          1.2773273807749441
          0.8721875666538191
          0.4987545505231223
          0.1988451058813656
          0.0459209592982460
          0.0011790380306537
          0.0000007773156061
          1.7214080942203875
          5.4269511790469087
          0.4819505747114811
          4.1874936595380046
          1.2160371598265327
          3.8276361662239835
          0.3332381755079807
          2.9448371819054335
          2.1161682251804916
          1.6209083503400465
          0.9372044648355016
          0.7142778354505053
          0.4198774946878682
          0.0268290979795073
          0.2990280095949950
          0.2267208146925198
          0.1312818874377231
          0.0067590739742323
          0.0317297783630558
          0.0239170237888876
          0.0136271842632338
          0.0005383138790639
          0.2283861443777744
          0.2449354374864347
          0.1124572458498642
          0.1290065389585244
          0.1485757134682130
          0.1572682674925198
          0.0733748585159568
          0.0820674125402636
          0.0738269559810580
          0.0380474074736285
          0.0259083385715342
          0.0131956852800258
          0.0035446731190705
          0.0000248266958258
          0.0058868518972078
          0.0029700834827402
          0.0007696295307900
          0.0000028159775253
          0.0003106267249676
          0.0001556408719213
          0.0000392431247759
          0.0000000417215040
1
          4.4358953724152652
          2.9617154404607189
          1.9400639968559390
          1.0627359725583911
          0.4081420804586856
          0.0924001596596608
          0.0023584440982077
          0.0000015546313722
          1.5382154861673529
          4.4025720597873441
          0.5054593669088725
          3.3698159405288584
          1.0462633230415950
          3.0047932447873249
          0.3378497503803546
          2.2963796721260801
          1.5742501476344994
          1.2001371540753862
          0.6510620968443670
          0.4948380712817483
          0.2980548880744942
          0.0257425200657365
          0.1912106853094252
          0.1448190611686664
          0.0857645722284897
          0.0061823250871784
          0.0180741903446505
          0.0136250027554869
          0.0078793334927050
          0.0004171007101025
          1.8244765365281055
          1.2773273807749443
          0.8721875666538191
          0.4987545505231222
          0.1988451058813656
          0.0459209592982460
          0.0011790380306537
          0.0000007773156061
          1.7214080942203878
          5.4269511790469096
          0.4819505747114812
          4.1874936595380001
          1.2160371598265309
          3.8276361662239835
          0.3332381755079806
          2.9448371819054326
          2.1161682251804907
          1.6209083503400474
          0.9372044648355015
          0.7142778354505053
          0.4198774946878681
          0.0268290979795073
          0.2990280095949951
          0.2267208146925197
          0.1312818874377234
          0.0067590739742323
          0.0317297783630558
          0.0239170237888876
          0.0136271842632338
          0.0005383138790639
          0.2283861443777745
          0.2449354374864347
          0.1124572458498643
          0.1290065389585245
          0.1485757134682130
          0.1572682674925198
          0.0733748585159568
          0.0820674125402636
          0.0738269559810580
          0.0380474074736285
          0.0259083385715342
          0.0131956852800258
          0.0035446731190705
          0.0000248266958258
          0.0058868518972078
          0.0029700834827402
          0.0007696295307900
          0.0000028159775253
          0.0003106267249676
          0.0001556408719213
          0.0000392431247759
          0.0000000417215040
1
          4.4358953724152661
          2.9617154404607202
          1.9400639968559392
          1.0627359725583916
          0.4081420804586856
          0.0924001596596608
          0.0023584440982077
          0.0000015546313722
          1.5382154861673532
          4.4025720597873397
          0.5054593669088731
          3.3698159405288588
          1.0462633230415954
          3.0047932447873249
          0.3378497503803542
          2.2963796721260819
          1.5742501476344992
          1.2001371540753871
          0.6510620968443671
          0.4948380712817483
          0.2980548880744937
          0.0257425200657365
          0.1912106853094252
          0.1448190611686664
          0.0857645722284897
          0.0061823250871784
          0.0180741903446505
          0.0136250027554869
          0.0078793334927050
          0.0004171007101025
          1.8244765365281055
          1.2773273807749443
          0.8721875666538191
          0.4987545505231222
          0.1988451058813656
          0.0459209592982460
          0.0011790380306537
          0.0000007773156061
          1.7214080942203880
          5.4269511790469087
          0.4819505747114813
          4.1874936595380010
          1.2160371598265314
          3.8276361662239831
          0.3332381755079806
          2.9448371819054309
          2.1161682251804921
          1.6209083503400479
          0.9372044648355013
          0.7142778354505048
          0.4198774946878679
          0.0268290979795073
          0.2990280095949953
          0.2267208146925196
          0.1312818874377233
          0.0067590739742323
          0.0317297783630558
          0.0239170237888876
          0.0136271842632338
          0.0005383138790639
          0.2283861443777744
          0.2449354374864347
          0.1124572458498642
          0.1290065389585245
          0.1485757134682130
          0.1572682674925198
          0.0733748585159568
          0.0820674125402636
          0.0738269559810580
          0.0380474074736285
          0.0259083385715342
          0.0131956852800258
          0.0035446731190705
          0.0000248266958258
          0.0058868518972078
          0.0029700834827402
          0.0007696295307900
          0.0000028159775253
          0.0003106267249676
          0.0001556408719213
          0.0000392431247759
          0.0000000417215040
