3.10990688
  in kB    3066.39527  3066.39527  3066.39527    -0.00000     0.00000     0.00000
 POSITION                                       TOTAL-FORCE (eV/Angst)
 -----------------------------------------------------------------------------------
      0.00000      0.00000      0.00000         0.000000      0.000000      0.000000
      0.00000      1.65788      1.65788         0.000000      0.000000      0.000000
      1.65788      1.65788      0.00000         0.000000      0.000000      0.000000
      1.65788      0.00000      1.65788         0.000000      0.000000      0.000000
 -----------------------------------------------------------------------------------
    total drift:                                0.000000     -0.000000     -0.000000
