1  82   4   1   0   -10.456878   0.000000

./DATA/2947/200/18/
0
          2.2055349090418686
         10.0335277734727129
          1.3212341426868199
          7.1510269484855087
          0.7667721669058920
          5.1078321823365984
          0.3500400642622992
          3.2566724385596819
          0.0988762803092358
          1.6623551019702243
          0.0135545370074004
          0.6064036650221787
          0.0000966158897280
          0.0510739228315073
          0.0000000049250455
          0.0003646469066566
          0.1387355340409686
          3.5328883740005153
         13.8821258532563778
          0.3864401093443706
         14.9437989044324500
         32.7253604725869138
          0.1022166810523071
          2.0114451998073042
         12.1790733413073049
          0.5976258316591108
         24.8332662606712411
         49.8655425799679577
          0.0780364166293782
          2.4072552865943146
         10.2002822094064882
          0.2173306798453380
         10.4738451043984995
         24.1866805810142367
          0.0575342561747238
          1.3277662834161295
          8.7789433006537863
          0.3361227826066436
         17.4609459190244998
         36.7517400438690487
          0.0806665900910203
          5.7962916949863805
         14.6870384402687169
          0.1247687218825096
          9.7097345141313731
         22.2108910753273818
          0.0201749977012536
          2.6245666045214699
          7.6013956632057873
          0.0312070764228472
          4.4201281966714046
         11.4273770151002942
          0.0821713317052369
         12.8978749271264199
         28.0435917693042818
         47.4741696445268460
      10827.0590492580540740
      18851.7018004725068749
          0.0027906934362750
          0.8906213691317170
          3.1507202586110874
          0.0043168715756553
          1.5078198556834390
          4.7076397511410288
          0.0113688752751497
          4.4020002884021219
         11.1938240404995142
          6.5739115218436490
       3349.8422445999417505
       5790.1071283261726421
          0.0000535013918472
          0.1130758761679040
          0.6155926755550158
          0.0000827620015608
          0.1924410224642311
          0.9155646452301007
          0.0002179821165302
          0.5614258321357445
          2.0941833104937926
          0.1261002655771570
        377.0141625584120675
        630.2097476321373506
1
          3.3445092578242339
          8.8945534246903435
          2.3836756494951716
          6.0885854416771590
          1.7026107274455340
          4.1719936217969575
          1.0855574795198943
          2.5211550233020881
          0.5541183673234087
          1.2071130149560525
          0.2021345550073931
          0.4178236470221863
          0.0170246409438358
          0.0341458977773995
          0.0001215489688855
          0.0002431028628165
          1.2923086744926320
          7.8477626778524865
          8.4136784089527250
          1.7871392052462025
         23.2238948727096570
         23.0445654084078448
          1.2751633788380454
          6.2395372031312242
          6.7780346401976725
          2.2648244403451865
         36.9918015928454551
         36.0398086391077328
          0.9183424990243642
          5.7659215704203417
          6.0013098431854379
          1.2285075661411071
         17.1587202898600424
         16.4906285092568758
          0.9091998442916113
          4.4768179396580221
          4.7782260562950247
          1.5295299785250973
         27.2624153785373657
         25.7568633884377540
          0.6589662722735203
         10.4055236472942489
          9.4995068057783794
          0.7958690493489610
         16.4521007895640707
         14.7974244724281405
          0.2873586067464813
          5.3677354301513693
          4.5910432285306371
          0.3334626337872371
          8.4247021413828289
          7.1205475130244675
          0.5232225446037895
         21.9485743993707985
         18.5518410841614063
         86.5893168641612618
      16003.6422496726900135
      13636.0034528382147982
          0.0936265460494976
          2.2101008700189690
          1.7404049051106183
          0.1035871363126083
          3.4338588466966082
          2.6823304953908931
          0.1444066534093441
          8.6410694829816865
          6.8217170677857562
         17.8099438496347062
       4941.0656127181509873
       4187.6477278801785360
          0.0113641716819737
          0.4253587323953639
          0.2919991490374282
          0.0118521864470958
          0.6508190647472847
          0.4454171785015093
          0.0138424671572081
          1.5555792167266969
          1.0864054408621673
          0.8295932594250818
        544.1520327553764673
        462.3683844413210409
1
          3.3445092578242335
          8.8945534246903399
          2.3836756494951707
          6.0885854416771608
          1.7026107274455340
          4.1719936217969575
          1.0855574795198946
          2.5211550233020885
          0.5541183673234086
          1.2071130149560523
          0.2021345550073931
          0.4178236470221864
          0.0170246409438358
          0.0341458977773995
          0.0001215489688855
          0.0002431028628165
          1.2923086744926320
          7.8477626778524803
          8.4136784089527623
          1.7871392052462025
         23.2238948727096535
         23.0445654084078306
          1.2751633788380452
          6.2395372031312268
          6.7780346401976708
          2.2648244403451860
         36.9918015928453912
         36.0398086391078891
          0.9183424990243640
          5.7659215704203408
          6.0013098431854441
          1.2285075661411071
         17.1587202898600637
         16.4906285092568048
          0.9091998442916113
          4.4768179396580337
          4.7782260562950372
          1.5295299785250969
         27.2624153785373800
         25.7568633884378997
          0.6589662722735202
         10.4055236472942685
          9.4995068057783811
          0.7958690493489611
         16.4521007895640530
         14.7974244724281494
          0.2873586067464812
          5.3677354301513596
          4.5910432285306237
          0.3334626337872370
          8.4247021413828413
          7.1205475130244222
          0.5232225446037895
         21.9485743993708020
         18.5518410841613779
         86.5893168641612192
      16003.6422496726954705
      13636.0034528382293502
          0.0936265460494976
          2.2101008700189690
          1.7404049051106205
          0.1035871363126084
          3.4338588466966082
          2.6823304953908971
          0.1444066534093441
          8.6410694829816972
          6.8217170677857402
         17.8099438496346849
       4941.0656127181400734
       4187.6477278801767170
          0.0113641716819737
          0.4253587323953639
          0.2919991490374288
          0.0118521864470958
          0.6508190647472843
          0.4454171785015096
          0.0138424671572081
          1.5555792167266971
          1.0864054408621666
          0.8295932594250812
        544.1520327553776042
        462.3683844413207567
1
          3.3445092578242339
          8.8945534246903364
          2.3836756494951707
          6.0885854416771581
          1.7026107274455340
          4.1719936217969602
          1.0855574795198946
          2.5211550233020898
          0.5541183673234087
          1.2071130149560512
          0.2021345550073931
          0.4178236470221863
          0.0170246409438358
          0.0341458977773995
          0.0001215489688855
          0.0002431028628165
          1.2923086744926324
          7.8477626778524838
          8.4136784089527499
          1.7871392052462025
         23.2238948727096499
         23.0445654084078235
          1.2751633788380452
          6.2395372031312313
          6.7780346401976761
          2.2648244403451865
         36.9918015928453912
         36.0398086391077896
          0.9183424990243639
          5.7659215704203373
          6.0013098431854424
          1.2285075661411071
         17.1587202898600637
         16.4906285092567586
          0.9091998442916114
          4.4768179396580292
          4.7782260562950372
          1.5295299785250973
         27.2624153785373800
         25.7568633884379103
          0.6589662722735204
         10.4055236472942632
          9.4995068057783865
          0.7958690493489614
         16.4521007895640601
         14.7974244724281458
          0.2873586067464813
          5.3677354301513578
          4.5910432285306229
          0.3334626337872371
          8.4247021413828342
          7.1205475130244240
          0.5232225446037896
         21.9485743993708020
         18.5518410841614525
         86.5893168641612618
      16003.6422496726918325
      13636.0034528382311692
          0.0936265460494976
          2.2101008700189686
          1.7404049051106201
          0.1035871363126084
          3.4338588466966105
          2.6823304953908966
          0.1444066534093442
          8.6410694829816954
          6.8217170677857411
         17.8099438496347027
       4941.0656127181437114
       4187.6477278801485227
          0.0113641716819737
          0.4253587323953636
          0.2919991490374291
          0.0118521864470958
          0.6508190647472846
          0.4454171785015097
          0.0138424671572081
          1.5555792167266980
          1.0864054408621702
          0.8295932594250813
        544.1520327553773768
        462.3683844413206998
