1  82   4   1   0   -5.709525   0.000000

./DATA/2947/200/10/
0
          2.9221220686365221
         11.9635101570695088
          1.7931931061117941
          8.5578463208253179
          1.0732841839194374
          6.1561818670721848
          0.5181611110153451
          3.9927677618472761
          0.1640728505737821
          2.1312425237583423
          0.0277420134125866
          0.8565422688033882
          0.0003438395298747
          0.0949011847826071
          0.0000000533294026
          0.0011818183065317
          0.3807838933132003
          6.1577171796922183
         20.8249627613850947
          1.0619089086125379
         24.4933284341708521
         48.5686537107855827
          0.2791648397033000
          3.9293292964228375
         18.9653185422429189
          1.6414148703019735
         40.6005518053801708
         74.4527004410430493
          0.2277276312498838
          4.2552137880576257
         15.4753469403477517
          0.6348164676807693
         17.3958545197986503
         36.2227553239857869
          0.1672387491041357
          2.6379054275389140
         13.9051157882114307
          0.9814164219659075
         28.9191868910209919
         55.3999325554875028
          0.2621999825697449
          9.8722587987317780
         22.3986298521200773
          0.4054429023719306
         16.4868952150432477
         34.1101613542815514
          0.0763376214158977
          4.6583398506220401
         11.9448732745263566
          0.1180628491795720
          7.8216206607561265
         18.0804042300969954
          0.3106544629787626
         22.9263813857279537
         45.5822842594873663
        178.9091238578364198
      22400.6547798047286051
      36160.6080646077170968
          0.0131545980673574
          1.6978176658863087
          5.2064834758857605
          0.0203472725682656
          2.8671567667983497
          7.8224410333568759
          0.0535700808760348
          8.4014161843464041
         19.0890120798800496
         30.9333081763913533
       7300.1735494035392549
      12260.0522412029313273
          0.0003928942379916
          0.2571955425093966
          1.1485152067320283
          0.0006077658339072
          0.4370992454788121
          1.7115356089145772
          0.0016006690452885
          1.2778628874983420
          3.9806759227076176
          0.9257308485842248
        931.0926005162571073
       1572.6318206195862786
1
          3.9878367190231709
         10.8977955066828649
          2.8526154402751089
          7.4984239866620070
          2.0520606223573954
          5.1774054286342279
          1.3309225872824246
          3.1800062855801952
          0.7104141745861142
          1.5849011997460098
          0.2855140896011292
          0.5987701926148453
          0.0316337282608690
          0.0636112960516128
          0.0003939394355106
          0.0007879322004238
          2.0727685854681779
         11.7903437298844604
         13.5003515190378653
          3.0357390168423408
         34.4720672515625850
         36.6160847851639559
          2.0769018587988270
          9.7995184093718990
         11.2973924101983467
          4.0028427215471520
         55.1629654527279456
         57.5288589424502632
          1.4929280667247957
          8.7494464228014142
          9.7159138701290200
          2.1155833179179218
         25.7159550867542173
         26.4218879067929535
          1.5012663889827276
          7.1468462233551371
          8.0621473525166234
          2.7465768913689814
         41.0798635512606367
         41.4740954258447232
          1.1632629747842005
         15.8966468847555635
         15.4731787738817879
          1.4685776430884350
         25.2985840216919087
         24.2353378069163767
          0.5272670774035378
          8.4614946450844997
          7.6907890240762304
          0.6398477231208209
         13.3811142607417342
         11.9991257561701445
          1.1126481249697364
         35.8050203849614732
         31.9016515982629798
        303.3969893039525232
      30967.1629910654701234
      27469.6119879007674172
          0.1834219729754723
          3.6700842599349817
          3.0639495069289495
          0.2113110232475764
          5.7480575646755652
          4.7505764848003862
          0.3273351557719080
         14.8718098031583903
         12.3448533861722716
         66.1733721258831054
      10474.4125996847196802
       9050.5731269722855359
          0.0262494755002331
          0.7989097009906848
          0.5809444669885007
          0.0280843980313703
          1.2305546917065806
          0.8906035304893464
          0.0356241405069005
          3.0084899632907227
          2.2160253754536288
          3.6139088462759559
       1351.5575962259251810
       1149.4786469122252583
1
          3.9878367190231678
         10.8977955066828631
          2.8526154402751063
          7.4984239866620079
          2.0520606223573954
          5.1774054286342306
          1.3309225872824240
          3.1800062855801952
          0.7104141745861142
          1.5849011997460107
          0.2855140896011292
          0.5987701926148452
          0.0316337282608690
          0.0636112960516127
          0.0003939394355106
          0.0007879322004238
          2.0727685854681774
         11.7903437298844604
         13.5003515190378671
          3.0357390168423413
         34.4720672515625779
         36.6160847851639488
          2.0769018587988270
          9.7995184093719097
         11.2973924101983414
          4.0028427215471503
         55.1629654527279456
         57.5288589424502561
          1.4929280667247944
          8.7494464228014195
          9.7159138701289773
          2.1155833179179209
         25.7159550867541924
         26.4218879067931205
          1.5012663889827267
          7.1468462233551362
          8.0621473525166145
          2.7465768913689783
         41.0798635512606154
         41.4740954258447800
          1.1632629747841987
         15.8966468847555582
         15.4731787738818536
          1.4685776430884341
         25.2985840216919264
         24.2353378069164123
          0.5272670774035368
          8.4614946450845121
          7.6907890240762544
          0.6398477231208202
         13.3811142607417413
         11.9991257561701907
          1.1126481249697340
         35.8050203849614448
         31.9016515982628803
        303.3969893039516705
      30967.1629910654701234
      27469.6119879008911084
          0.1834219729754720
          3.6700842599349808
          3.0639495069289482
          0.2113110232475761
          5.7480575646755758
          4.7505764848004040
          0.3273351557719075
         14.8718098031583903
         12.3448533861722201
         66.1733721258829632
      10474.4125996847233182
       9050.5731269722928118
          0.0262494755002331
          0.7989097009906856
          0.5809444669885019
          0.0280843980313703
          1.2305546917065799
          0.8906035304893445
          0.0356241405069005
          3.0084899632907245
          2.2160253754536319
          3.6139088462759461
       1351.5575962259242715
       1149.4786469122263952
1
          3.9878367190231709
         10.8977955066828649
          2.8526154402751089
          7.4984239866620088
          2.0520606223573963
          5.1774054286342288
          1.3309225872824244
          3.1800062855801983
          0.7104141745861142
          1.5849011997460101
          0.2855140896011292
          0.5987701926148445
          0.0316337282608690
          0.0636112960516128
          0.0003939394355106
          0.0007879322004238
          2.0727685854681770
         11.7903437298844533
         13.5003515190378724
          3.0357390168423426
         34.4720672515626063
         36.6160847851640270
          2.0769018587988270
          9.7995184093719025
         11.2973924101983290
          4.0028427215471547
         55.1629654527279385
         57.5288589424502703
          1.4929280667247955
          8.7494464228014195
          9.7159138701289685
          2.1155833179179226
         25.7159550867541782
         26.4218879067931098
          1.5012663889827271
          7.1468462233551309
          8.0621473525166305
          2.7465768913689810
         41.0798635512606367
         41.4740954258446379
          1.1632629747842000
         15.8966468847555689
         15.4731787738818412
          1.4685776430884354
         25.2985840216919691
         24.2353378069164016
          0.5272670774035373
          8.4614946450845121
          7.6907890240762544
          0.6398477231208208
         13.3811142607417448
         11.9991257561701854
          1.1126481249697362
         35.8050203849615087
         31.9016515982628697
        303.3969893039526369
      30967.1629910654883133
      27469.6119879008838325
          0.1834219729754723
          3.6700842599349808
          3.0639495069289469
          0.2113110232475763
          5.7480575646755829
          4.7505764848003853
          0.3273351557719081
         14.8718098031583974
         12.3448533861722165
         66.1733721258830911
      10474.4125996847233182
       9050.5731269723401056
          0.0262494755002331
          0.7989097009906867
          0.5809444669885013
          0.0280843980313703
          1.2305546917065799
          0.8906035304893446
          0.0356241405069005
          3.0084899632907272
          2.2160253754536248
          3.6139088462759563
       1351.5575962259256357
       1149.4786469122241215
