1  82   7   1   7   -24.933563   0.000000
  0 
./DATA/2947/114/M027/
0
          9.4125854142543925
          1.8165547324280422
          6.4014312790725931
          1.3255690238514874
          4.3700589135838008
          0.9609755334496101
          2.6473479921863472
          0.6174093382388081
          1.3025354579552888
          0.3152318600843780
          0.4983164814694225
          0.1163115048843359
          0.0656556846144055
          0.0107119242283130
          0.0019791763188851
          0.0000966552956176
          9.2183199453605571
          4.8638381486567352
          0.2892442862834719
         26.4351187745019907
         12.5656806807700523
          0.2166428652516853
          7.4128993097358071
          4.0368168315604045
          0.3525682530281218
         41.8464969680187266
         19.4405018957870332
          0.2073654109645485
          6.6088823038864932
          3.5592160584533992
          0.1986161323728457
         18.9203549309267594
          9.2080863552613224
          0.1425772479776829
          5.2629447971379948
          2.9184996584699419
          0.2453793186472292
         29.8858900512185741
         14.2162402520857878
          0.1333015498569036
         10.9142486664920781
          5.4964034143262763
          0.0703095729895739
         17.1590784377687342
          8.4532965291842324
          0.0631181527923479
          5.3024372291466042
          2.7666479507681632
          0.0268654031648888
          8.2699799028339029
          4.2314846677187559
          0.0227979683614857
         21.9453217360216186
         10.6417103986044896
          0.0223798040752061
      19789.8990369762032060
       6435.3986571622717747
          0.4416363981438326
          2.0438701143263303
          1.0986519480066086
          0.0071355271533742
          3.1474065765580903
          1.6676065882514139
          0.0056108593975378
          8.0914587288689894
          4.0921458929468306
          0.0047827822176439
       6267.0905319670155222
       2097.6033992096904512
          0.0724741741904351
          0.3682717349132188
          0.1994575109253600
          0.0005741704622990
          0.5535752968254005
          0.2989096435883454
          0.0003990238529135
          1.3387092911466361
          0.7033244513294510
          0.0002544882030892
        731.8931623483971407
        260.5142181603353606
          0.0021305944540804
0
          9.4421381053348359
          1.7705476527791288
          6.5559746074381291
          1.2087847961951865
          4.5568113589322401
          0.8246853032641446
          2.8015026615300753
          0.4953845610429950
          1.3711397675277808
          0.2369186882457902
          0.4943140763209447
          0.0843508474758127
          0.0497712916483771
          0.0082816043182877
          0.0007532667480731
          0.0001001315699397
         10.2838953587296604
          4.1630204675730971
          0.1822357393601950
         27.7268984632020548
         11.7991365041403728
          0.1964802956085245
          8.5724017025600414
          3.2252769937594552
          0.1916445923618580
         43.4584079115048922
         18.4975090668940112
          0.2201337048585166
          7.4102621232664188
          3.0096611385615399
          0.1192277868564298
         20.1778645444724205
          8.5002460904985337
          0.1234081350087366
          6.0802786732747469
          2.3047673676948137
          0.1271152297499634
         31.6154835156868117
         13.2859372715687964
          0.1354759260545772
         11.9498958410192468
          4.9405272033487622
          0.0564903447726415
         18.7092484224146922
          7.6791357870644452
          0.0600143341461050
          5.9869333487835146
          2.4101296141511122
          0.0196046409169294
          9.3617571822080805
          3.7156811717589000
          0.0200099331033896
         24.7099253376239041
          9.5092105483164993
          0.0253249685095800
      18384.5632028641412035
       7177.4516627260290988
          1.3082317890689730
          2.3788579426117682
          0.9256230255725162
          0.0045545130156624
          3.7132348962723207
          1.4110762379968673
          0.0044422764614815
          9.6535018525151912
          3.5001072874453225
          0.0050932599517923
       6257.6906120829080464
       2221.6824557568952514
          0.1769867967836520
          0.4351044878444871
          0.1621160744221162
          0.0002727129150866
          0.6771040717509442
          0.2426861361055677
          0.0002504254972279
          1.7197589330188763
          0.5704377840038468
          0.0002499721750617
        889.6691785946846949
        248.9599589300138121
          0.0038680602494735
0
          9.4882657097694079
          1.7861208454461746
          6.5750935724962298
          1.1835946352030995
          4.5663043144781117
          0.7674672309840702
          2.8089988950359204
          0.4150583671696431
          1.3769403494290455
          0.1580918368727774
          0.4929794677696881
          0.0364079828735007
          0.0457951015098757
          0.0010750514339293
          0.0005083021201335
          0.0000012375630468
         10.3253283064591219
          3.6236364751547980
          0.1434720312352377
         27.9447189881519620
         11.7520629710506181
          0.2051428206374099
          8.5519526020103136
          2.5262390959283145
          0.1262644697054734
         43.7907339653959795
         18.7830920877199610
          0.2496060485098178
          7.4499790992938308
          2.5418122421911238
          0.0900502515421323
         20.2982535644414703
          8.3671301862884526
          0.1264134084582337
          6.0755506691457510
          1.7316737415005574
          0.0797228572709105
         31.7720995994410238
         13.3823096296952055
          0.1524491711031134
         11.9873093992856798
          4.7506679658392610
          0.0556201634314576
         18.7207650045588601
          7.6051811454301141
          0.0660968790470873
          5.9883427442810309
          2.2285506823220200
          0.0181005557980376
          9.3203431873293923
          3.5706302613684295
          0.0211066983414661
         24.5072556046210117
          9.6309274543195400
          0.0307870050120822
      20253.4718730628737831
       7116.3974960037376150
          1.2429028988547477
          2.3749721930182441
          0.7988929225058241
          0.0038167210436651
          3.6800756735662468
          1.2808107666846824
          0.0043488215572050
          9.4825615014274760
          3.4220672867127897
          0.0059881933020790
       6767.2901168756070547
       2204.6407693173364351
          0.1812635389202593
          0.4354074865729006
          0.1164489390605740
          0.0001924119077835
          0.6711012738960298
          0.1867461519042181
          0.0002123388101456
          1.6791822101427862
          0.4917157152227155
          0.0002678456110911
        901.5757705477279842
        249.0773809603561517
          0.0043172544526289
0
          9.3994460733258816
          1.7373332213480175
          6.5519784382811226
          1.1957824321840271
          4.5983249814010527
          0.8268642651245214
          2.8890370192187609
          0.5061523890278801
          1.4786494025091523
          0.2443403782083459
          0.5754337571714568
          0.0828263505386361
          0.0716140840863441
          0.0059721385948224
          0.0019087123505680
          0.0000324494885504
         10.8293395485370691
          4.3501419513322528
          0.1804750601679195
         27.3250050286387243
         11.5847716797547964
          0.1706551131164000
          9.3259495282511757
          3.5415719690169110
          0.2142678477128027
         42.3172804884545002
         18.0108314258620048
          0.1946279536097637
          7.9100710536236996
          3.1698482624883342
          0.1191228331095691
         19.9470371839674634
          8.4006617790854818
          0.1051943116878822
          6.7322083387458251
          2.5457032385501970
          0.1442786874152213
         30.8061405994333199
         13.0073302717444861
          0.1164216445718474
         11.9126010326723488
          4.9449818703381032
          0.0467088086074961
         18.3091553051290248
          7.6040138094773431
          0.0489400127251947
          6.0704081973734114
          2.4581379641458292
          0.0156715215586748
          9.2704142585311420
          3.7462101957357667
          0.0151536337915838
         23.5650952697329181
          9.4488918844467893
          0.0220601912050782
      17061.5328262491311762
       7739.0165109682729963
          2.4540104570406331
          2.4877523102975427
          0.9678234749768911
          0.0035619483300213
          3.7701459909549930
          1.4591621150789529
          0.0030769481608249
          9.3280056975591403
          3.5593078000268732
          0.0037704070669050
       5525.9478748931078371
       2394.7243727929967463
          0.3558549806296119
          0.4868994635926709
          0.1748005243329716
          0.0002242127220578
          0.7304968100918464
          0.2597670998903701
          0.0001622950411031
          1.7389723082238859
          0.6022614070946658
          0.0001333369006764
        716.5895594979672296
        264.7744194405690905
          0.0082782614697188
0
          9.5660062466410114
          1.6597062638712761
          6.5700916053960610
          1.1844100618398155
          4.5226793300584749
          0.8525879016883744
          2.7551495466434344
          0.5508862895933991
          1.3408724163846926
          0.2858968223089457
          0.4822166453347275
          0.1063864402435700
          0.0474314902241328
          0.0095304704850818
          0.0006499959237804
          0.0000814684867059
          9.9363953061372818
          4.6011007312130081
          0.1306689829872177
         28.0999367492642342
         11.2605026138056719
          0.1440090012850344
          8.0689020874819644
          3.8167019890786662
          0.1691475718113088
         44.3959849737358283
         17.1355057542640168
          0.1958276084069422
          7.1351887645730070
          3.3812688977084977
          0.0830494943750781
         20.2778432540294240
          8.2355244133679317
          0.0875308456998121
          5.7155373286848707
          2.7695621152898933
          0.1094152256419094
         32.0008463075976621
         12.4780731466087769
          0.1183779282913774
         11.8439836582396172
          4.9258118078890467
          0.0374259539542516
         18.6446738491804354
          7.4135934294288601
          0.0501550648110169
          5.8300302045899599
          2.5073512079777349
          0.0115811918890885
          9.1404215637257877
          3.7455321772769410
          0.0153331326707974
         24.2920315119498795
          9.1046334303358289
          0.0281385847465230
      20310.3214430446350889
       5895.4099399808264934
          2.1981556419456942
          2.2663013432753485
          1.0210824880486260
          0.0022297076587471
          3.5326373395947503
          1.5145721032429400
          0.0029056713460163
          9.1982359585439504
          3.5722407202341384
          0.0051748296475911
       6676.9053399447657284
       1780.8792990784495487
          0.3314368110258947
          0.3993881071745725
          0.1957074037635196
          0.0000891841382044
          0.6173156519484420
          0.2888087417215918
          0.0001132122784059
          1.5567564492435124
          0.6575017613493017
          0.0001920841213254
        861.7917683852847404
        202.8390774106240997
          0.0083858251936626
0
          9.4129190951677000
          1.8134205032784498
          6.4761729517822957
          1.2667683976620567
          4.4704113788664372
          0.8746050300521395
          2.7352343516962399
          0.5255044826918485
          1.3394588376156302
          0.2463397520020259
          0.4854704935169663
          0.0847970328758228
          0.0479718417357030
          0.0081299662296930
          0.0006065386174877
          0.0000983424346059
          9.8132845558725403
          4.3335387518884039
          0.2204345964145691
         27.0083190283981658
         12.2806698178224440
          0.2180844643935553
          7.9693119523590754
          3.4475066799171645
          0.2322695404259139
         42.3593808974103183
         19.3417688117852613
          0.2275692763838862
          7.0745705963702719
          3.1198129891033703
          0.1457645180327883
         19.5370664069149278
          8.8683782382344916
          0.1407075476761151
          5.6642811976944367
          2.4525166745297877
          0.1547537857071375
         30.5892728187837584
         13.9496471727920284
          0.1446398449937912
         11.4824916836863551
          5.1504842818415337
          0.0670322345033249
         17.9190816360933809
          8.0797488892181750
          0.0672863875299014
          5.7222941140525707
          2.4867789233490587
          0.0243479489165676
          8.8867241545845506
          3.8838439865173422
          0.0237588670623184
         23.1860279808378067
         10.1727064911871263
          0.0257432482960026
      19083.6068715904002602
       7703.9913689680697644
          0.6936494391862309
          2.2755911707939962
          0.9275756073914825
          0.0059595824452568
          3.5113177064029131
          1.4387177819050341
          0.0056424550240745
          8.9403003221057578
          3.6886950447081528
          0.0055987232204372
       6222.6405168046539984
       2436.1702799680674616
          0.1075972851428723
          0.4232619548308834
          0.1491090292972114
          0.0003884870537532
          0.6472437163974465
          0.2281484995582239
          0.0003561506194353
          1.5879688633443148
          0.5612585314823516
          0.0003165699860399
        795.5191345698646046
        276.2214492237873742
          0.0027680451586690
1
         10.5836832191510855
          0.6822372664373436
          7.3649093469356757
          0.3542086845376635
          5.1071852645628590
          0.1722827020842321
          3.1103954277645749
          0.0591379126993892
          1.4868193377222636
          0.0101812460992477
          0.5110801588916782
          0.0006327428817985
          0.0437011552901273
          0.0000006704085092
          0.0004102848384663
          0.0000000000009005
         12.9547211250940038
          0.7297889302827780
          0.0001238662313835
         35.6343292714871396
          3.8653015831996673
          0.0003616081343431
         10.4111271968599723
          0.3388921806782274
          0.0000707284552800
         55.7703434896462511
          6.6099174865120043
          0.0005462122611994
          9.3018585819912492
          0.4573256686386638
          0.0000544778829459
         25.8789647436299930
          2.5059993569559489
          0.0001590396784903
          7.3429817979198084
          0.2065498039291196
          0.0000311072393553
         40.4971941211973459
          4.3038971805636903
          0.0002402308304442
         15.2306665433735251
          1.2054534606902059
          0.0000385877188806
         23.8191723256678287
          2.0843836869000678
          0.0000582870881005
          7.5350112090440051
          0.4450577614229929
          0.0000053133713479
         11.7677814812253452
          0.7759123095311801
          0.0000080258940630
         30.9315432882236081
          2.4191720576483706
          0.0000190240045613
      24544.6768562667821243
       3128.0687198068317230
          0.0064333254413355
          2.9304124870912434
          0.1122240444044917
          0.0000003127932721
          4.5665017701214614
          0.1975129277791837
          0.0000004724769833
         11.8143700771809090
          0.6242067757171776
          0.0000011199256076
       8128.7591662879167416
        823.4742690745682694
          0.0003787239369298
          0.5144030732098573
          0.0079906635218704
          0.0000000010840065
          0.7993436831092192
          0.0142491565582727
          0.0000000016374013
          2.0195598185090344
          0.0458922367822489
          0.0000000038811787
       1057.5963427875904017
         62.1347048857925799
          0.0000013124936852
   0    7  2.741147 -1.351847  1.172271 
         -0.0348932185603023          -0.0902875850559857          -0.0257920769185855
         -0.0145250725861185           0.0929945422912528           0.0039828216253504
          0.0317201497353895           0.0554757218037362          -0.0938506272721061
         -0.0475230576549731          -0.0226696797299254           0.0573776909149244
          0.0495005420999646           0.1709713655481589          -0.1256532379606151
         -0.0571449838339882          -0.1117818674221779           0.0812859817557953
          0.0086342394093324           0.2714649026518322          -0.1369071631803944
         -0.0496914915074710          -0.1810432912964762           0.0852514735958393
         -0.0962009709626159           0.3200911258984621          -0.1223857558308031
         -0.0265528067916831          -0.1931672578501815           0.0682431272838426
         -0.1706116383149001           0.2652765506102501          -0.0866953061478037
         -0.0045792331278656          -0.1279082626232577           0.0404313547161427
         -0.0907198847057054           0.0842048710175342          -0.0365304858700408
          0.0024389084443204          -0.0230066407639684           0.0082066138491487
         -0.0069661405823067           0.0051190498371456          -0.0046521317568145
          0.0001317893289092          -0.0003957049793635           0.0001878483534344
          0.2630051194754586           1.3590547266936337          -0.8072147979329606
         -0.3973915281066680          -0.7074208127560379           0.4367244344867334
         -0.0499777045155004          -0.0788168814314121           0.0570388769832130
          0.4674184509224468           0.3343345140138954          -0.9448252542793096
         -0.4709792110490391          -0.1415346098355169           0.4584454439718000
          0.0078446852708549           0.1129395903378905           0.0098498031387973
         -0.1418613017035927           1.9632894455979359          -0.8271593169360251
         -0.1942606375572247          -0.8621934641018801           0.4821767798768193
         -0.0901092053230331          -0.2467287211180408           0.0936790146596336
          0.2669653611903839          -0.0861509797615394          -1.1023802296287277
         -0.3414360034419661           0.2695789417391612           0.5256187988469528
          0.0255355742496776           0.1367842224205643          -0.0006991330291979
          0.1773011361320012           1.2138325143448652          -0.6734514715600667
         -0.3423209686866652          -0.6341662183208492           0.3648961308931661
         -0.0374596325746865          -0.0679975100270081           0.0422046650676928
          0.5161093369974139           0.6028435153276759          -0.9200658655422738
         -0.4057354626263482          -0.3337273616520488           0.4842099799976938
          0.0028786085786196           0.0750880811995752           0.0087907186917237
         -0.1871995009052233           1.6460890082515383          -0.6601194899836046
         -0.1766509052051551          -0.7200623784702478           0.3992562192267292
         -0.0658643965768896          -0.1918472964976896           0.0689253978984059
          0.4904169008256045           0.4241110102171566          -1.1533482779480204
         -0.3034798930845209          -0.1191846651326468           0.6378839174357831
          0.0148120857297224           0.0943238859554769           0.0020975051464675
          0.4602473488692109           0.7641751308041788          -0.7940728382146964
         -0.3061435878888700          -0.4542910035931610           0.4372479409941134
         -0.0004213607600227           0.0364968827461933           0.0058454149833510
          0.5726316134008040           0.7994990479966484          -1.0592091567205295
         -0.2287409177341736          -0.4254945609041991           0.6390365398627056
          0.0057859932288816           0.0491618548074154           0.0025353871701136
          0.2981109732542964           0.7026033113360024          -0.5843546557804311
         -0.2119421640602510          -0.4222999485368081           0.3133272082322733
         -0.0010833353789437           0.0127250811995702           0.0027589816364824
          0.4391533854039454           0.8249008951546055          -0.8130179093252021
         -0.1587873124990692          -0.4857904600650109           0.4904076897761406
          0.0014898815063816           0.0193814693971004           0.0013440470444696
          0.5079737686267074           1.5642904580548460          -1.6484103358206537
          0.2965413987150156          -0.6813428030802930           1.3108812615513468
          0.0040230448618728           0.0185212667743117           0.0010663875734078
      -2912.2096595238795089        3502.3877952360326162         144.2600652231992626
       -924.9660150045729097       -1014.0053808150923942        -764.1377984119807252
          0.0514462469565272          -0.2915281366663178          -0.2885407923296698
          0.1153738221551150           0.4833432140114519          -0.3457061189087761
         -0.1390233027150643          -0.2831865881415253           0.1628147839404839
         -0.0006064224654853           0.0024738613816554           0.0008412554163198
          0.2086876008341497           0.5929193888582984          -0.4960796450729807
         -0.1152559386552527          -0.3566395198938266           0.2702186949461383
          0.0001551747561906           0.0049788363185642           0.0003533255074343
          0.3682335915648393           1.1220140778043353          -1.0708477095045126
          0.1339127445385504          -0.6046136836147246           0.7868166987128984
          0.0008332452773542           0.0051380112921647           0.0003838293239745
      -1248.0912422224334932        1703.2332808485925852         -88.4503281242015191
       -173.1150939226449736        -398.2899190792198283         -62.3510718749348953
         -0.0009575802217841          -0.0268357387974619          -0.0307810929089469
         -0.0083625888287442           0.1779087179707542          -0.1071077407371918
         -0.0674373519949026          -0.0927154959039909           0.0317004701058460
         -0.0000900131831668          -0.0000288266493951           0.0000801891734938
          0.0126426324890982           0.2227063143265632          -0.1581986772545801
         -0.0711895120999117          -0.1241838705960936           0.0589372154608641
         -0.0000171639758310           0.0002972447693608           0.0000151747485737
          0.0614527322404477           0.3970297089561988          -0.3602211000838389
         -0.0326220749904305          -0.2323569204460402           0.1967003603840761
          0.0000370605040061           0.0003773300890602           0.0000099611760341
       -205.8013168322689808         317.6462361690055332         -69.7782908902432126
         38.4065121753358696         -59.8457953944759851          59.0775063317527938
         -0.0002373918192816           0.0006032832328297          -0.0002237078164730
   3
          0.0389004999597188          -0.0811203529389667           0.0318918172336435
          0.0000000000000000           0.0000000000000000           0.0000000000000000
          0.0629429572373532           0.0342071450973324          -0.0745220511241085
          0.0000000000000000           0.0000000000000000           0.0000000000000000
          0.0507573946117249           0.1203153620103025          -0.1448470329895216
          0.0000000000000000           0.0000000000000000           0.0000000000000000
          0.0087554539978512           0.1842654151642185          -0.1969941500649361
          0.0000000000000000           0.0000000000000000           0.0000000000000000
         -0.0538657116071597           0.1978497376351247          -0.2165651467625332
          0.0000000000000000           0.0000000000000000           0.0000000000000000
         -0.0919453774495707           0.1506849423301553          -0.1847129821594936
          0.0000000000000000           0.0000000000000000           0.0000000000000000
         -0.0523093810512393           0.0523732511142239          -0.0745439280811912
          0.0000000000000000           0.0000000000000000           0.0000000000000000
         -0.0047986510185901           0.0043050970508461          -0.0063911555750368
          0.0000000000000000           0.0000000000000000           0.0000000000000000
          0.0535131196670931           0.9724638092600929          -1.2740760798949089
          0.0736402822287961           0.4372376592487210          -0.2543862635205593
          0.0000000000000000           0.0000000000000000           0.0000000000000000
          0.9916755850644032           0.3193085380018870          -0.4781672091890918
         -0.0628254021798583          -0.4114744296507297           0.0993861606439802
          0.0000000000000000           0.0000000000000000           0.0000000000000000
         -0.4097500243389964           1.7227567273107225          -1.7222703783070992
          0.1252009459169547           0.4050145448749465          -0.3589577034619408
          0.0000000000000000           0.0000000000000000           0.0000000000000000
          1.4665749064556253           0.4164461847943092          -0.1304526368954670
         -0.1477304229003538          -1.2924096329239545           0.3485871448671385
          0.0000000000000000           0.0000000000000000           0.0000000000000000
          0.0175642953722742           0.8625630956010720          -1.1056379798172691
          0.0393873862074112           0.3620238150299291          -0.2078338333164655
          0.0000000000000000           0.0000000000000000           0.0000000000000000
          0.8372553656414046           0.5734517059243776          -0.6054733119766244
         -0.0639119071325234          -0.3372627340785003           0.0404074803559835
          0.0000000000000000           0.0000000000000000           0.0000000000000000
         -0.3884348872999570           1.4070856695853393          -1.4238069986940172
          0.0799029748642792           0.3462756475553661          -0.2833855042827974
          0.0000000000000000           0.0000000000000000           0.0000000000000000
          1.2509472532383004           0.8288628902319503          -0.4234776630127233
         -0.1266956118155896          -1.0522974506614933           0.2130971230621007
          0.0000000000000000           0.0000000000000000           0.0000000000000000
          0.5771642525115250           0.7288597860284578          -0.6487913477138476
         -0.0694092116603319          -0.2357843193474285          -0.0163938686896477
          0.0000000000000000           0.0000000000000000           0.0000000000000000
          0.8708518490365237           1.0963606951010212          -0.6205657215539098
         -0.1132810234988453          -0.7298822597859362           0.0750232961846600
          0.0000000000000000           0.0000000000000000           0.0000000000000000
          0.3045058418008884           0.6728385333137650          -0.5564862227075176
         -0.0719646481404807          -0.1412764525561630          -0.0450440555470962
          0.0000000000000000           0.0000000000000000           0.0000000000000000
          0.4629304531998389           1.0317327257517757          -0.6051902192254376
         -0.1054982120531332          -0.4327874191351481          -0.0090572842485136
          0.0000000000000000           0.0000000000000000           0.0000000000000000
          0.7721698196205287           2.9996228031107104          -0.3659001576876650
         -0.1656664167027075          -1.9249182813302104           0.1981879072225274
          0.0000000000000000           0.0000000000000000           0.0000000000000000
      -1796.2551651391299856        3650.0089899626441365        2877.4480690374793994
        873.4996067197255343       -2028.0264561283877356         216.6597658831235833
          0.0000000000000000           0.0000000000000000           0.0000000000000000
          0.0958868269362684           0.4631687455116196          -0.3736491553915400
         -0.0626801403236364          -0.0686985095626812          -0.0462580483753359
          0.0000000000000000           0.0000000000000000           0.0000000000000000
          0.1474019255542214           0.7180375227866902          -0.4341424118618931
         -0.0887425292046468          -0.2055010590076316          -0.0398260209383080
          0.0000000000000000           0.0000000000000000           0.0000000000000000
          0.1744522735583613           1.9852024873367662          -0.4378163864474366
         -0.1538502950763514          -0.8884044275370706           0.0218193749220833
          0.0000000000000000           0.0000000000000000           0.0000000000000000
       -857.9361656211730178        1693.2770219942915446        1242.7949489449704288
        339.4309481878141241        -802.9894101225696659          85.3725789931263819
          0.0000000000000000           0.0000000000000000           0.0000000000000000
         -0.0117291841247480           0.1675768808663676          -0.1369833322885940
         -0.0328416399192578          -0.0179051684568566          -0.0242695694982171
          0.0000000000000000           0.0000000000000000           0.0000000000000000
         -0.0167296004754091           0.2607740032386250          -0.1667234160422491
         -0.0466876762101073          -0.0490858255138406          -0.0281773454868188
          0.0000000000000000           0.0000000000000000           0.0000000000000000
         -0.0882259348805185           0.6825732998470200          -0.2142115221719944
         -0.0899270352635785          -0.1983212655764795          -0.0309870265375957
          0.0000000000000000           0.0000000000000000           0.0000000000000000
       -252.4994148179908677         364.6789538755389231         250.0635180974388163
         50.4835322003689200        -132.2576396391328046          21.3679833231187111
          0.0000000000000000           0.0000000000000000           0.0000000000000000
   0
          0.0000000000000000          -0.0000000000000000           0.0000000000000000
          0.0000000000000000           0.0000000000000000           0.0000000000000000
          0.0000000000000000          -0.0000000000000000           0.0000000000000000
          0.0000000000000000           0.0000000000000000           0.0000000000000000
          0.0000000000000000           0.0000000000000000           0.0000000000000000
          0.0000000000000000           0.0000000000000000           0.0000000000000000
          0.0000000000000000          -0.0000000000000000           0.0000000000000000
          0.0000000000000000           0.0000000000000000           0.0000000000000000
          0.0000000000000000          -0.0000000000000000           0.0000000000000000
          0.0000000000000000           0.0000000000000000           0.0000000000000000
          0.0000000000000000           0.0000000000000000           0.0000000000000000
          0.0000000000000000           0.0000000000000000           0.0000000000000000
          0.0000000000000000           0.0000000000000000           0.0000000000000000
          0.0000000000000000           0.0000000000000000           0.0000000000000000
          0.0000000000000000           0.0000000000000000           0.0000000000000000
          0.0000000000000000           0.0000000000000000           0.0000000000000000
         -0.0485488430811102          -0.1063547430971814          -0.0039674256189067
          0.0165239675072286           0.0942569471049928           0.0000875901555271
          0.0000000000000000           0.0000000000000000           0.0000000000000000
          0.0883071371501887           0.0834770067755355          -0.0909766653964419
         -0.0586569867518738          -0.0601342381985143           0.0668010899664833
          0.0000000000000000           0.0000000000000000           0.0000000000000000
         -0.0470332226306464          -0.0462812275612396          -0.0202312161448252
          0.0137169925765717           0.0486530552272299          -0.0005307411870091
          0.0000000000000000           0.0000000000000000           0.0000000000000000
          0.2266787378319527           0.3333822721841938          -0.1942496956998952
         -0.1366449159416329          -0.2601293153797843           0.1328962584349034
          0.0000000000000000           0.0000000000000000           0.0000000000000000
         -0.0277970962581954          -0.0743599993348227          -0.0014204896320233
          0.0093792432414283           0.0649109650283031           0.0014366641579755
          0.0000000000000000           0.0000000000000000           0.0000000000000000
          0.0711102785531839           0.0718943042381219          -0.0654779168646142
         -0.0439602672374951          -0.0578203938557359           0.0495587196014411
          0.0000000000000000           0.0000000000000000           0.0000000000000000
         -0.0308034947497679          -0.0346038040834152          -0.0142089420703608
          0.0082631599437324           0.0340267907115401           0.0005209193527333
          0.0000000000000000           0.0000000000000000           0.0000000000000000
          0.1670112548729904           0.2579048030624739          -0.1423237965355421
         -0.0984158610141141          -0.2114359270565376           0.0967650302396645
          0.0000000000000000           0.0000000000000000           0.0000000000000000
          0.0475582615287696           0.0507813038944435          -0.0375182457055847
         -0.0261770409055467          -0.0464694907948044           0.0290101204052474
          0.0000000000000000           0.0000000000000000           0.0000000000000000
          0.0987772055796777           0.1610627081405524          -0.0846344250699633
         -0.0556392525422031          -0.1422653307841017           0.0556887712129975
          0.0000000000000000           0.0000000000000000           0.0000000000000000
          0.0259490695202901           0.0283292858342128          -0.0177906874685604
         -0.0123500210857944          -0.0291572120744876           0.0134499728101767
          0.0000000000000000           0.0000000000000000           0.0000000000000000
          0.0476742825970511           0.0805058755542478          -0.0420861308499103
         -0.0249508657930789          -0.0773798115684143           0.0256844378888317
          0.0000000000000000           0.0000000000000000           0.0000000000000000
          0.1364552033894992           0.4385484857583894          -0.2240905377246761
         -0.0945310889863211          -0.4001144521005160           0.0968785252675834
          0.0000000000000000           0.0000000000000000           0.0000000000000000
       -322.3626700234001419        1913.6736992172664031       -1253.6040971464021823
       -158.5914379683465540       -1433.5264357591738644         315.4384652262436930
          0.0000000000000000           0.0000000000000000           0.0000000000000000
          0.0103159610424672           0.0112615693225212          -0.0064902443540910
         -0.0041212098664039          -0.0128234196711257           0.0044688802047432
          0.0000000000000000           0.0000000000000000           0.0000000000000000
          0.0170386572661688           0.0289367033123694          -0.0159621107274823
         -0.0079397769292618          -0.0303564678900257           0.0086091859776437
          0.0000000000000000           0.0000000000000000           0.0000000000000000
          0.0400839345434728           0.1469517936791652          -0.0849689938257746
         -0.0283184239101659          -0.1426508531476686           0.0328665173425041
          0.0000000000000000           0.0000000000000000           0.0000000000000000
       -145.5793149997395233         603.6712689887349370        -444.5909944890679526
        -41.7504129397004249        -466.3839774687730824         105.6159220741294007
          0.0000000000000000           0.0000000000000000           0.0000000000000000
          0.0014397731276482           0.0015762344567302          -0.0009214941005804
         -0.0004472281835039          -0.0019526161218905           0.0005126493277948
          0.0000000000000000           0.0000000000000000           0.0000000000000000
          0.0021807042181257           0.0036007224980129          -0.0022690838841949
         -0.0008175257237499          -0.0041449184689097           0.0010119642628538
          0.0000000000000000           0.0000000000000000           0.0000000000000000
          0.0041739862033124           0.0165388584188353          -0.0116578061094505
         -0.0026948376228018          -0.0173997944856943           0.0039669519884949
          0.0000000000000000           0.0000000000000000           0.0000000000000000
        -22.4515921947180992          61.1174980149466265         -55.1469879811497350
         -2.9698810124816788         -49.7717179447880795          12.2886451401648102
          0.0000000000000000           0.0000000000000000           0.0000000000000000
   1
          0.0166526231308606          -0.0577715890091284           0.0292349844207834
          0.0000000000000000           0.0000000000000000           0.0000000000000000
         -0.0362367816857213          -0.0006479612017836           0.0661845480057718
          0.0000000000000000           0.0000000000000000           0.0000000000000000
         -0.0850450200223661           0.0336705174342072           0.0816646427727738
          0.0000000000000000           0.0000000000000000           0.0000000000000000
         -0.1374155176408179           0.0505190009704011           0.0890490432555143
          0.0000000000000000           0.0000000000000000           0.0000000000000000
         -0.1730399840605861           0.0442391613774247           0.0918802308530374
          0.0000000000000000           0.0000000000000000           0.0000000000000000
         -0.1512021891291924           0.0247165704774632           0.0815406514575677
          0.0000000000000000           0.0000000000000000           0.0000000000000000
         -0.0491087694157850           0.0050055068309118           0.0298365106950233
          0.0000000000000000           0.0000000000000000           0.0000000000000000
         -0.0023360409624361           0.0002071890995186           0.0014770104718227
          0.0000000000000000           0.0000000000000000           0.0000000000000000
         -0.9301183021604587           0.0866514404786799           0.6315269300906673
         -0.1086387674806931           0.2096526966381903           0.0908061280967377
          0.0000000000000000           0.0000000000000000           0.0000000000000000
          0.4103088446885991           0.4611437409779644           0.0271606530666871
         -0.3078634547316241          -0.3975124648047774           0.4211903533700831
          0.0000000000000000           0.0000000000000000           0.0000000000000000
         -1.7733722421903526           0.2859948456613852           0.9101465518093296
          0.0492267947910067           0.1721155641259236           0.0044021735632139
          0.0000000000000000           0.0000000000000000           0.0000000000000000
          0.9074820515077641           1.0349794466599551          -0.2985860022386307
         -0.3492225797108540          -1.0422147587600115           0.6651706241099047
          0.0000000000000000           0.0000000000000000           0.0000000000000000
         -0.7475565055034882           0.0945897598723051           0.4895742339602075
         -0.1220862679655179           0.1588109648359340           0.0987413848953274
          0.0000000000000000           0.0000000000000000           0.0000000000000000
          0.2558181331808150           0.5634821515840218           0.0485703293562051
         -0.3066051843548147          -0.3472019903659194           0.3715469519459067
          0.0000000000000000           0.0000000000000000           0.0000000000000000
         -1.3988127918411379           0.2196693982040220           0.6921987340244466
          0.0078734977950810           0.1388724415521014           0.0317197352176479
          0.0000000000000000           0.0000000000000000           0.0000000000000000
          0.6079364855274653           1.1574541816274551          -0.1898090751835568
         -0.3611643349835125          -0.8731534688516062           0.5773308693188063
          0.0000000000000000           0.0000000000000000           0.0000000000000000
          0.0804168191465181           0.5872959698421089           0.0483926965925915
         -0.2879114043183339          -0.2688821461867381           0.2849123456016759
          0.0000000000000000           0.0000000000000000           0.0000000000000000
          0.2606033095307290           1.1373545357858972          -0.1063061944384948
         -0.3561920324058097          -0.6371207499059282           0.4327079104529283
          0.0000000000000000           0.0000000000000000           0.0000000000000000
         -0.0453257746703525           0.4904939835343831           0.0345569815911147
         -0.2434200628228779          -0.1838507121139334           0.1852287561401006
          0.0000000000000000           0.0000000000000000           0.0000000000000000
          0.0017921253160277           0.9199356542080552          -0.0614923025490006
         -0.3156464918958060          -0.4071819359513967           0.2737000468926423
          0.0000000000000000           0.0000000000000000           0.0000000000000000
         -0.2885678646024854           3.3246493963836263          -0.8534707356480140
         -0.3790518111929645          -1.6131052986077101           0.7501159694611939
          0.0000000000000000           0.0000000000000000           0.0000000000000000
      -3162.6352830836790417        5354.8677724185190527       -4031.3261172277811966
       1351.4295428800860464       -2684.2610266426254384        1616.5697501283157180
          0.0000000000000000           0.0000000000000000           0.0000000000000000
         -0.0999981639479513           0.3185899787422090           0.0258168302643595
         -0.1732036155864363          -0.1050858748939440           0.0941839667326204
          0.0000000000000000           0.0000000000000000           0.0000000000000000
         -0.1269091576504693           0.5847186522570637          -0.0245924862231486
         -0.2341353620561713          -0.2156224767877269           0.1339769732554187
          0.0000000000000000           0.0000000000000000           0.0000000000000000
         -0.4678013181626221           1.9913182435763479          -0.4529703261735565
         -0.3680787883944409          -0.7739120359211495           0.3461739047477440
          0.0000000000000000           0.0000000000000000           0.0000000000000000
      -1634.3743203994631585        2581.7905689034946590       -1913.7970399360590363
        540.9535273824029673        -992.1402991984964501         702.7670385873751684
          0.0000000000000000           0.0000000000000000           0.0000000000000000
         -0.0712745671908011           0.1107681331948434           0.0210727245290858
         -0.0722875092523453          -0.0336912804842406           0.0222397237738157
          0.0000000000000000           0.0000000000000000           0.0000000000000000
         -0.1070127366925296           0.1978260400650135           0.0115336514548111
         -0.1016147730821504          -0.0621897970906888           0.0289132595566724
          0.0000000000000000           0.0000000000000000           0.0000000000000000
         -0.3060833744993482           0.6292007880827694          -0.0985602331858667
         -0.1910208605262632          -0.1921736351042214           0.0633562182570375
          0.0000000000000000           0.0000000000000000           0.0000000000000000
       -455.1997530832185817         620.5024476202604546        -491.1962963637041639
         78.6930194980541131        -148.5548253965536389         126.0944838366570764
          0.0000000000000000           0.0000000000000000           0.0000000000000000
   2
         -0.0366770679540564          -0.0225608369559014          -0.0054263007198192
          0.0000000000000000           0.0000000000000000           0.0000000000000000
          0.0287971831997366           0.0194291449040340          -0.1064464248113466
          0.0000000000000000           0.0000000000000000           0.0000000000000000
          0.0890505617947500           0.0471135165278879          -0.1570547340597903
          0.0000000000000000           0.0000000000000000           0.0000000000000000
          0.1332637007087416           0.0680685877442805          -0.1731639375378681
          0.0000000000000000           0.0000000000000000           0.0000000000000000
          0.1290227664960920           0.0758571010159081          -0.1417201043302911
          0.0000000000000000           0.0000000000000000           0.0000000000000000
          0.0755860942739007           0.0598036807858683          -0.0762438564087489
          0.0000000000000000           0.0000000000000000           0.0000000000000000
          0.0115961617994414           0.0150622921247815          -0.0105881315366959
          0.0000000000000000           0.0000000000000000           0.0000000000000000
          0.0001780972872069           0.0003376120828245          -0.0001443542518881
          0.0000000000000000           0.0000000000000000           0.0000000000000000
          0.7961715705377210           0.1662036492220730          -1.0083775564458739
          0.1284240696374336           0.2149120977119798          -0.2285852303329270
          0.0000000000000000           0.0000000000000000           0.0000000000000000
          0.0020299290000230           0.6253507305223086          -1.1454075580109888
         -0.1138100777205230          -0.3375620222533524          -0.0003257612506703
          0.0000000000000000           0.0000000000000000           0.0000000000000000
          1.0053649155232758           0.2818253795465602          -1.2072863323788774
          0.1959576500067470           0.2376456221359025          -0.2822268783243285
          0.0000000000000000           0.0000000000000000           0.0000000000000000
         -0.5829183675521211           1.2001195421470323          -1.4813463355091059
         -0.2885106447091659          -0.8673026177947617           0.1742920598401850
          0.0000000000000000           0.0000000000000000           0.0000000000000000
          0.7033197686526326           0.1825255353846683          -0.8380081930251275
          0.1000163305231769           0.1544169211893223          -0.1697396088401449
          0.0000000000000000           0.0000000000000000           0.0000000000000000
          0.1454917090461433           0.6699304199540296          -1.1347617235751049
         -0.0479070307725189          -0.3115976875548817          -0.0275178435299131
          0.0000000000000000           0.0000000000000000           0.0000000000000000
          0.8157695008886211           0.2520026312416280          -0.9457793308754316
          0.1442495250223881           0.1810896276436844          -0.2015700461508258
          0.0000000000000000           0.0000000000000000           0.0000000000000000
         -0.2998866183243566           1.2268124003803487          -1.5392863919753872
         -0.1515971975690036          -0.7509395898447238           0.0828734844696378
          0.0000000000000000           0.0000000000000000           0.0000000000000000
          0.2519787194722835           0.6468892630957980          -0.9854158921020504
          0.0164170952096925          -0.2570165459554298          -0.0431993786235983
          0.0000000000000000           0.0000000000000000           0.0000000000000000
         -0.0161704485973908           1.1342671808801179          -1.3956576910803951
         -0.0132261724919079          -0.5714175578224562           0.0049590145672968
          0.0000000000000000           0.0000000000000000           0.0000000000000000
          0.2522403706258992           0.5325486506101280          -0.7181494493493502
          0.0449160360160333          -0.1828281216390860          -0.0388940803341580
          0.0000000000000000           0.0000000000000000           0.0000000000000000
          0.1274507973425153           0.9043814608874619          -1.0509197788363982
          0.0570912853022608          -0.3765734563361943          -0.0262960395766811
          0.0000000000000000           0.0000000000000000           0.0000000000000000
         -1.1229366954713191           2.8824084753965082          -2.5475315763946171
          0.1402190754057222          -1.3461639228425981           0.0851834309591025
          0.0000000000000000           0.0000000000000000           0.0000000000000000
      -7671.5203421741553029        4635.3512430986011168       -2529.6273521002535745
        198.3114199723751199       -1442.5617575851756555         341.8975951796901995
          0.0000000000000000           0.0000000000000000           0.0000000000000000
          0.1715476659702763           0.3559600995626950          -0.4164278178028104
          0.0388804007624695          -0.1033257120679510          -0.0235860523767961
          0.0000000000000000           0.0000000000000000           0.0000000000000000
          0.1330965893147216           0.5900206060537705          -0.6272386124324684
          0.0595757240977427          -0.1985218718323195          -0.0242373096755206
          0.0000000000000000           0.0000000000000000           0.0000000000000000
         -0.3926230668991816           1.7614226371889927          -1.5703732032985216
          0.1644068085118819          -0.6543744353374723           0.0005364944630837
          0.0000000000000000           0.0000000000000000           0.0000000000000000
      -3305.6747637757139273        2127.8520551870501549       -1374.2965261004178501
        160.0421909484001048        -523.9279874646163080         141.2244981416922940
          0.0000000000000000           0.0000000000000000           0.0000000000000000
          0.0534276209070783           0.1337441120438440          -0.1278270320412408
          0.0129131049385340          -0.0279798683625064          -0.0061190069348774
          0.0000000000000000           0.0000000000000000           0.0000000000000000
          0.0507230579130270           0.2173628506152212          -0.1999458937672424
          0.0211333474038816          -0.0499445379817048          -0.0076238219986010
          0.0000000000000000           0.0000000000000000           0.0000000000000000
         -0.0477373956846302           0.6078639062823923          -0.5228821903950911
          0.0598406485401979          -0.1504152022219417          -0.0083020032106952
          0.0000000000000000           0.0000000000000000           0.0000000000000000
       -612.8144811060125221         480.8386964936073014        -387.0426242230061575
         45.7528749486855020         -84.8402574133378948          25.7343242815593065
          0.0000000000000000           0.0000000000000000           0.0000000000000000
   4
          0.0011837536452780           0.1041075589693030          -0.0009930146987871
          0.0000000000000000           0.0000000000000000           0.0000000000000000
          0.0306130938140953          -0.0251981373671507          -0.0554102795021201
          0.0000000000000000           0.0000000000000000           0.0000000000000000
          0.0394911026109624          -0.0887932860270850          -0.0791896486233009
          0.0000000000000000           0.0000000000000000           0.0000000000000000
          0.0333152712897386          -0.1076278899883298          -0.0820503704820612
          0.0000000000000000           0.0000000000000000           0.0000000000000000
          0.0146448729741726          -0.0771708519907335          -0.0616232798272624
          0.0000000000000000           0.0000000000000000           0.0000000000000000
          0.0006758694031284          -0.0299715514381828          -0.0299449650546450
          0.0000000000000000           0.0000000000000000           0.0000000000000000
         -0.0005030494248558          -0.0017563919070754          -0.0029333480825153
          0.0000000000000000           0.0000000000000000           0.0000000000000000
         -0.0000022371233842          -0.0000044641802975          -0.0000117370848336
          0.0000000000000000           0.0000000000000000           0.0000000000000000
          0.2125162087294013          -0.8845345994243505          -0.4064736496929877
          0.0551616384363949           0.0285468037775551          -0.2130266009251275
          0.0000000000000000           0.0000000000000000           0.0000000000000000
          0.4390195592761811           0.7095262105098117          -0.8769957643652021
         -0.1119760282857219          -0.5523234444377284           0.2046449673447638
          0.0000000000000000           0.0000000000000000           0.0000000000000000
          0.1367186312877018          -0.9881927470748730          -0.4263277924740617
          0.0494790714811064          -0.0036028578163954          -0.2863882209167625
          0.0000000000000000           0.0000000000000000           0.0000000000000000
          0.5897253323812620           2.1999288727934521          -1.3673720218184933
         -0.2847962619631266          -1.1653433542469622           0.5489549156230197
          0.0000000000000000           0.0000000000000000           0.0000000000000000
          0.1820272418457712          -0.6919441463866314          -0.3382316828060479
          0.0373666226365731          -0.0024838014379856          -0.1576614290019810
          0.0000000000000000           0.0000000000000000           0.0000000000000000
          0.3811660077563376           0.4027238599771798          -0.8392779747515378
         -0.0736982982580596          -0.5439890282096664           0.1623420957949930
          0.0000000000000000           0.0000000000000000           0.0000000000000000
          0.0951815743465008          -0.7319197306050987          -0.3214210291853803
          0.0338296175235617          -0.0077209782547543          -0.2130842516051722
          0.0000000000000000           0.0000000000000000           0.0000000000000000
          0.4934591061676344           1.4574162821225232          -1.3235136130763603
         -0.1883002242657033          -1.0907314317981158           0.4269227979887756
          0.0000000000000000           0.0000000000000000           0.0000000000000000
          0.2611075792321411           0.1253099137728241          -0.7064269352195703
         -0.0310120750685099          -0.4653767420222635           0.1101180694597317
          0.0000000000000000           0.0000000000000000           0.0000000000000000
          0.3115872082169033           0.7119713009329339          -1.1268293827316345
         -0.0835469052963754          -0.8875097676431170           0.2804066768599610
          0.0000000000000000           0.0000000000000000           0.0000000000000000
          0.1263850361221592          -0.0128076688605582          -0.5065819497778120
         -0.0033268932632693          -0.3272358184141393           0.0646226642347104
          0.0000000000000000           0.0000000000000000           0.0000000000000000
          0.1223507496386430           0.2490606134948412          -0.8150510707934980
         -0.0161662058754291          -0.6006308904681239           0.1583594412714613
          0.0000000000000000           0.0000000000000000           0.0000000000000000
         -0.3173613956754823           2.1103286826973302          -2.1694691271543012
         -0.0801168106336742          -1.9927689068246905           0.6377323059163383
          0.0000000000000000           0.0000000000000000           0.0000000000000000
      -4497.6217137203939274        7769.6150693622621475        -694.6221359350746525
       -199.8447245412074267       -2292.0424107251023997         453.1686228663886027
          0.0000000000000000           0.0000000000000000           0.0000000000000000
          0.0269598673858161          -0.0440778049907557          -0.2953376601542048
          0.0062308986630313          -0.1755812542254100           0.0300409091542122
          0.0000000000000000           0.0000000000000000           0.0000000000000000
         -0.0029483849514518           0.0399744617807413          -0.4783758556116161
          0.0092561204965114          -0.3125801691700860           0.0708256501234077
          0.0000000000000000           0.0000000000000000           0.0000000000000000
         -0.3469761159787677           0.7191183454734849          -1.2858570777998750
          0.0273421201480256          -0.9841398870617364           0.2850981244587920
          0.0000000000000000           0.0000000000000000           0.0000000000000000
      -2111.7892908705412083        3036.2338008306192023        -646.3848320351391976
        -12.7290165509005817        -918.8996861304831327         243.1076822098517596
          0.0000000000000000           0.0000000000000000           0.0000000000000000
         -0.0129081474905941          -0.0189947612252452          -0.0954539993438900
          0.0027639111728534          -0.0431900165909127           0.0060501637425292
          0.0000000000000000           0.0000000000000000           0.0000000000000000
         -0.0334998217898396          -0.0101899037729644          -0.1560813798523054
          0.0053631903070552          -0.0745003549523022           0.0138803762885950
          0.0000000000000000           0.0000000000000000           0.0000000000000000
         -0.1730386476504505           0.0898969064083840          -0.4263288793881008
          0.0202476252377976          -0.2212184200299649           0.0564794524038404
          0.0000000000000000           0.0000000000000000           0.0000000000000000
       -474.2082969866820576         513.9144822167239681        -265.5825642514321316
         21.0306865226950066        -154.7534337182062245          56.5842290066058240
          0.0000000000000000           0.0000000000000000           0.0000000000000000
   5
         -0.0549530273421033          -0.0329423651212921          -0.0804995631544061
          0.0000000000000000           0.0000000000000000           0.0000000000000000
         -0.0543963028300743           0.0276855303713042           0.0763435801596972
          0.0000000000000000           0.0000000000000000           0.0000000000000000
         -0.0447534968951065           0.0586652556028462           0.1737735349392239
          0.0000000000000000           0.0000000000000000           0.0000000000000000
         -0.0292846689461811           0.0762397887612620           0.2262522516489565
          0.0000000000000000           0.0000000000000000           0.0000000000000000
         -0.0129629147651345           0.0793159778607381           0.2056425442362462
          0.0000000000000000           0.0000000000000000           0.0000000000000000
         -0.0037260354131662           0.0600429084549461           0.1226658460175161
          0.0000000000000000           0.0000000000000000           0.0000000000000000
         -0.0003948466132666           0.0135202128546925           0.0216984111353383
          0.0000000000000000           0.0000000000000000           0.0000000000000000
         -0.0000073087651031           0.0002736157842540           0.0004181046831213
          0.0000000000000000           0.0000000000000000           0.0000000000000000
         -0.2234039383131979           0.2886561868356886           1.4105179266356855
         -0.0680887782902827           0.2752846814586016           0.2510419878250720
          0.0000000000000000           0.0000000000000000           0.0000000000000000
         -0.3306237297630376           0.6648865113525555          -0.2888437056031742
         -0.3102612015249832          -0.3498397091864928           0.4575354570851713
          0.0000000000000000           0.0000000000000000           0.0000000000000000
         -0.2817311414695174           0.5912844006814022           1.9503996993918158
         -0.0591602061756745           0.2807940699149126           0.3181225904241157
          0.0000000000000000           0.0000000000000000           0.0000000000000000
         -0.4961707243691950           1.3437450497151389          -1.4483235650859039
         -0.5435050526450752          -0.9694547113752758           0.7311095289443140
          0.0000000000000000           0.0000000000000000           0.0000000000000000
         -0.1383659201995079           0.2652791031695853           1.1530803205472877
         -0.0551734108274613           0.2098377150552296           0.2279767244448903
          0.0000000000000000           0.0000000000000000           0.0000000000000000
         -0.2932123318285406           0.7132162693611799           0.0500297143799686
         -0.2208636473732117          -0.3175383256089270           0.4598488043828478
          0.0000000000000000           0.0000000000000000           0.0000000000000000
         -0.1933702845363582           0.4763870230919572           1.5107824840872679
         -0.0446695656794530           0.2281066194563589           0.2692350694115299
          0.0000000000000000           0.0000000000000000           0.0000000000000000
         -0.5030631077944234           1.3722613554751464          -0.6953187282473697
         -0.3760500387709542          -0.8266454618719534           0.7329792292874446
          0.0000000000000000           0.0000000000000000           0.0000000000000000
         -0.2464436484896532           0.6593246628224029           0.3230329332304327
         -0.1077140500620937          -0.2571981328083047           0.4019391797412518
          0.0000000000000000           0.0000000000000000           0.0000000000000000
         -0.4781453777642685           1.2148221812661606           0.0072446430906871
         -0.1725289178928104          -0.6173320430543822           0.6416438208960035
          0.0000000000000000           0.0000000000000000           0.0000000000000000
         -0.1956548627170480           0.4962431682720514           0.3924967430471096
         -0.0224068725031305          -0.1794536953433578           0.2873798238214311
          0.0000000000000000           0.0000000000000000           0.0000000000000000
         -0.4015459026922055           0.8844812187029818           0.3463036976077902
         -0.0259196661390636          -0.3982500776902012           0.4613492676767132
          0.0000000000000000           0.0000000000000000           0.0000000000000000
         -1.7435338011550487           3.0202034916586404          -0.2623827988283874
         -0.0055716138692620          -1.5240939990929909           1.3280031495899187
          0.0000000000000000           0.0000000000000000           0.0000000000000000
      -5949.3178241975174387        5895.5584523587076546       -4230.2895159333011179
      -1105.7657355754290620       -2214.8491678289524316         728.2223226601208808
          0.0000000000000000           0.0000000000000000           0.0000000000000000
         -0.1349194080611527           0.2896936836795226           0.3032094342431410
          0.0159958485691443          -0.0987693615833516           0.1557699867787836
          0.0000000000000000           0.0000000000000000           0.0000000000000000
         -0.2763506529823962           0.5009101696511418           0.3648281642482063
          0.0350765950155324          -0.2038366712248660           0.2522763667467167
          0.0000000000000000           0.0000000000000000           0.0000000000000000
         -1.1142306853884461           1.6094158591891317           0.4450014619726382
          0.1490206182328219          -0.7228317833749183           0.7231609408686304
          0.0000000000000000           0.0000000000000000           0.0000000000000000
      -2760.6876329654578512        2677.2097476632411599       -1539.7572562479006137
       -193.2739954441765633        -828.4392196017021206         423.0045548767998298
          0.0000000000000000           0.0000000000000000           0.0000000000000000
         -0.0550187611085878           0.0864632887460613           0.1183183372437074
          0.0120485561016907          -0.0255203815021857           0.0381557188777504
          0.0000000000000000           0.0000000000000000           0.0000000000000000
         -0.1067381972507958           0.1435598840265881           0.1673891375459481
          0.0224833476865674          -0.0485566383813988           0.0626753025081814
          0.0000000000000000           0.0000000000000000           0.0000000000000000
         -0.3814474394950583           0.4204909226540443           0.3388991177615083
          0.0774915151726701          -0.1574401682487079           0.1794855536427650
          0.0000000000000000           0.0000000000000000           0.0000000000000000
       -577.6678004109926405         520.3340627776669862        -187.2039598858828526
         38.9544837322346922        -130.3037360637970892         106.7866884586853615
          0.0000000000000000           0.0000000000000000           0.0000000000000000
   6
         -0.0145250725861185           0.0929945422912528           0.0039828216253504
          0.0000000000000000           0.0000000000000000           0.0000000000000000
         -0.0475230576549731          -0.0226696797299254           0.0573776909149245
          0.0000000000000000           0.0000000000000000           0.0000000000000000
         -0.0571449838339882          -0.1117818674221779           0.0812859817557953
          0.0000000000000000           0.0000000000000000           0.0000000000000000
         -0.0496914915074709          -0.1810432912964762           0.0852514735958393
          0.0000000000000000           0.0000000000000000           0.0000000000000000
         -0.0265528067916831          -0.1931672578501816           0.0682431272838426
          0.0000000000000000           0.0000000000000000           0.0000000000000000
         -0.0045792331278656          -0.1279082626232577           0.0404313547161427
          0.0000000000000000           0.0000000000000000           0.0000000000000000
          0.0024389084443204          -0.0230066407639684           0.0082066138491487
          0.0000000000000000           0.0000000000000000           0.0000000000000000
          0.0001317893289092          -0.0003957049793635           0.0001878483534344
          0.0000000000000000           0.0000000000000000           0.0000000000000000
         -0.3846131687655620          -1.3869516259935168           0.6285759880825115
          0.0069175851113482           0.0629747352472253           0.0049176173908640
          0.0000000000000000           0.0000000000000000           0.0000000000000000
         -0.4837575703901462           0.5379962034019634           0.2665938903760215
         -0.0911836236006389           0.0052706825657316           0.1288597428531569
          0.0000000000000000           0.0000000000000000           0.0000000000000000
         -0.5826397674193557          -1.8339390221646465           0.6227025187549199
          0.0054578972168309           0.0105342695149950          -0.0009809585364221
          0.0000000000000000           0.0000000000000000           0.0000000000000000
         -0.7809285706685248           2.0159566366263086          -0.1012616766580607
         -0.1907445202071435          -0.1048738358479923           0.2469032923881637
          0.0000000000000000           0.0000000000000000           0.0000000000000000
         -0.2525284603619772          -1.1847710998514123           0.5211830827664388
          0.0032692962104723           0.0424228738506462           0.0047322983434376
          0.0000000000000000           0.0000000000000000           0.0000000000000000
         -0.4955279709510372           0.2168775198785153           0.3279230281244217
         -0.0724313442026059          -0.0282417315055118           0.0972584691753956
          0.0000000000000000           0.0000000000000000           0.0000000000000000
         -0.3837256603834485          -1.4856776853155358           0.5036531157963086
          0.0033239407856027           0.0082059058206582           0.0000367421585070
          0.0000000000000000           0.0000000000000000           0.0000000000000000
         -0.8697246815615686           1.3176195541443207           0.1171330065122742
         -0.1480773400405537          -0.1331233048916575           0.1850890838224229
          0.0000000000000000           0.0000000000000000           0.0000000000000000
         -0.4630868570041860          -0.0777502502651368           0.3205459698150928
         -0.0462018674843142          -0.0465833090180222           0.0578757179143524
          0.0000000000000000           0.0000000000000000           0.0000000000000000
         -0.8730185360498689           0.5796575070884832           0.2459467240242952
         -0.0921344806067395          -0.1303591855443041           0.1095988682354701
          0.0000000000000000           0.0000000000000000           0.0000000000000000
         -0.3816913639793807          -0.2060699827930388           0.2306416728031246
         -0.0231559092477040          -0.0395289703125466           0.0270213337378196
          0.0000000000000000           0.0000000000000000           0.0000000000000000
         -0.7471042518354536           0.1067782304131074           0.2153017497958643
         -0.0452812295114263          -0.0920101569550602           0.0511741128350710
          0.0000000000000000           0.0000000000000000           0.0000000000000000
         -2.6184784333935229           2.1531582115266406           0.1151300710068177
         -0.1691528753209167          -0.4442997330096068           0.1851427361554494
          0.0000000000000000           0.0000000000000000           0.0000000000000000
      -3407.6133073609230451        6098.2419601383326153        -457.9409252289254937
       -345.3337256010690908       -1795.4768441136450292         456.7281539766158289
          0.0000000000000000           0.0000000000000000           0.0000000000000000
         -0.2676051026202145          -0.1875191467953922           0.1114495014400665
         -0.0081337316607523          -0.0205793071236560           0.0089292640222989
          0.0000000000000000           0.0000000000000000           0.0000000000000000
         -0.5252287096987197          -0.0865679482617946           0.1045431135161265
         -0.0156750287872408          -0.0436784642815480           0.0169917076752867
          0.0000000000000000           0.0000000000000000           0.0000000000000000
         -1.8071374543438086           0.6983584555660362           0.0668276049704257
         -0.0573461567713922          -0.1874847860096699           0.0620004059852024
          0.0000000000000000           0.0000000000000000           0.0000000000000000
      -1926.5985821759727514        2597.2980355950844569         -83.0301997667615126
       -113.4695790022632167        -620.2174100347933745         153.0991230449911598
          0.0000000000000000           0.0000000000000000           0.0000000000000000
         -0.1155168532640316          -0.0744510669967472           0.0138813474704196
         -0.0009295859810209          -0.0035458108789822           0.0010003121169106
          0.0000000000000000           0.0000000000000000           0.0000000000000000
         -0.2172136611342696          -0.0704211443230456           0.0039775866397045
         -0.0017707618089545          -0.0070646394063501           0.0019187474595734
          0.0000000000000000           0.0000000000000000           0.0000000000000000
         -0.7041846735002518           0.0321720846647578          -0.0437905104484981
         -0.0063753632824569          -0.0275699290758301           0.0070750339070613
          0.0000000000000000           0.0000000000000000           0.0000000000000000
       -567.8516574269056036         497.8217719281738596         -57.8169539285756784
        -12.3490629797942812         -73.2276296092508687          17.1648064972225924
          0.0000000000000000           0.0000000000000000           0.0000000000000000
