1  82   4   1   0   -11.138833   0.000000

./DATA/2947/200/45/
0
          0.8731812054280631
          5.7996344758925371
          0.4623318060261513
          4.0667290999339576
          0.2280970997260215
          2.7950327381453910
          0.0790439710716176
          1.6223510360828566
          0.0135139942381929
          0.6666313281642835
          0.0008006591950940
          0.1620647958675797
          0.0000006840811305
          0.0047368031280778
          0.0000000000004994
          0.0000040471119874
          0.0000000000000000
          0.5491119613592466
          3.5457869280597487
          0.0000000000000000
          2.9003968819053147
          8.8562599318317634
          0.0000000000000000
          0.2102941551977873
          2.4600240297638614
          0.0000000000000000
          4.9128639962899179
         13.0809700373079121
          0.0000000000000000
          0.3534273644662974
          2.4909531973109460
          0.0000000000000000
          1.8989292302723231
          6.3024805299030060
          0.0000000000000000
          0.1301558954831650
          1.6825824522171204
          0.0000000000000000
          3.2211596270952141
          9.3056371174012700
          0.0000000000000000
          0.9201461847727158
          3.5459717369994697
          0.0000000000000000
          1.5637985623743882
          5.2363999095990037
          0.0000000000000000
          0.3365952341434663
          1.6139315065659048
          0.0000000000000000
          0.5730439091210187
          2.3862690179296209
          0.0000000000000000
          1.6678786727911614
          5.3727241441684646
          0.0000000000000000
       1041.6839728637580720
       1292.4774817863299177
          0.0000000000000000
          0.0808662360863369
          0.5368450249736954
          0.0000000000000000
          0.1378623367257558
          0.7958459048314005
          0.0000000000000000
          0.4015193326314758
          1.7824383308570704
          0.0000000000000000
        248.3639303052098057
        331.7580228957928625
          0.0000000000000000
          0.0047452670444800
          0.0619870499347979
          0.0000000000000000
          0.0080980355322120
          0.0923534898396954
          0.0000000000000000
          0.0235960412802565
          0.2066737172436738
          0.0000000000000000
         14.4883535799554384
         29.6522750137404500
1
          1.9332114919641796
          4.7396041893564211
          1.3555763666446516
          3.1734845393154560
          0.9316775793817966
          2.0914522584896149
          0.5407836786942858
          1.1606113284601891
          0.2222104427214278
          0.4579348796810485
          0.0540215986225266
          0.1088438564401471
          0.0015789343760259
          0.0031585528331824
          0.0000013490373291
          0.0000026980751576
          0.2732170144911995
          2.0004612435105087
          1.8212206314172745
          0.3017011260528937
          6.2675699964171638
          5.1873856912670222
          0.2672599255787200
          1.1755942204177292
          1.2274640389651967
          0.3242281487021084
          9.7098117262310311
          7.9597941586647059
          0.1800638653750088
          1.4183168556127146
          1.2459998407895212
          0.1953289004147609
          4.4439722958632606
          3.5621085638973220
          0.1768654403978338
          0.8113760525101323
          0.8244968547923163
          0.2073955104773382
          6.8626869330112417
          5.4567143010079038
          0.0932374641294562
          2.4842216246649738
          1.8886588329777572
          0.0973661467538738
          3.8174671670163862
          2.8853651582031379
          0.0336255145305578
          1.1209017200306401
          0.7959995061481688
          0.0345508763416826
          1.7127588956433859
          1.2120031550655681
          0.0383193659171443
          4.0611369218750761
          2.9411465291674137
          1.5513296225941029
       1205.7769862336167535
       1126.8331387938771968
          0.0079859324953837
          0.3688802303538084
          0.2408450982108400
          0.0080960074921686
          0.5603260338118486
          0.3652862002531396
          0.0085438920135307
          1.3050442140881453
          0.8703695573868728
          0.1868969324705392
        303.5861981673239143
        276.3488581012077816
          0.0004645875775607
          0.0419772804829039
          0.0242904489188133
          0.0004661638209976
          0.0633360107618723
          0.0366493507890373
          0.0004725732158203
          0.1447026788242272
          0.0850945064838823
          0.0030091115409770
         24.5916163127301424
         19.5460031694247647
1
          1.9332114919641796
          4.7396041893564220
          1.3555763666446516
          3.1734845393154560
          0.9316775793817965
          2.0914522584896154
          0.5407836786942858
          1.1606113284601891
          0.2222104427214278
          0.4579348796810485
          0.0540215986225266
          0.1088438564401472
          0.0015789343760259
          0.0031585528331824
          0.0000013490373291
          0.0000026980751576
          0.2732170144911996
          2.0004612435105087
          1.8212206314172781
          0.3017011260528937
          6.2675699964171647
          5.1873856912670302
          0.2672599255787201
          1.1755942204177279
          1.2274640389651954
          0.3242281487021084
          9.7098117262310382
          7.9597941586646952
          0.1800638653750088
          1.4183168556127141
          1.2459998407895212
          0.1953289004147609
          4.4439722958632686
          3.5621085638973207
          0.1768654403978338
          0.8113760525101330
          0.8244968547923158
          0.2073955104773382
          6.8626869330112434
          5.4567143010078993
          0.0932374641294563
          2.4842216246649729
          1.8886588329777536
          0.0973661467538738
          3.8174671670163893
          2.8853651582031339
          0.0336255145305578
          1.1209017200306393
          0.7959995061481694
          0.0345508763416826
          1.7127588956433866
          1.2120031550655674
          0.0383193659171443
          4.0611369218750788
          2.9411465291674088
          1.5513296225941033
       1205.7769862336172082
       1126.8331387938762873
          0.0079859324953837
          0.3688802303538083
          0.2408450982108403
          0.0080960074921686
          0.5603260338118489
          0.3652862002531396
          0.0085438920135307
          1.3050442140881466
          0.8703695573868725
          0.1868969324705392
        303.5861981673240280
        276.3488581012080658
          0.0004645875775607
          0.0419772804829038
          0.0242904489188133
          0.0004661638209976
          0.0633360107618721
          0.0366493507890373
          0.0004725732158203
          0.1447026788242272
          0.0850945064838821
          0.0030091115409770
         24.5916163127301459
         19.5460031694247718
1
          1.9332114919641796
          4.7396041893564194
          1.3555763666446516
          3.1734845393154547
          0.9316775793817965
          2.0914522584896145
          0.5407836786942859
          1.1606113284601891
          0.2222104427214278
          0.4579348796810483
          0.0540215986225266
          0.1088438564401472
          0.0015789343760259
          0.0031585528331824
          0.0000013490373291
          0.0000026980751576
          0.2732170144911996
          2.0004612435105082
          1.8212206314172779
          0.3017011260528937
          6.2675699964171656
          5.1873856912670320
          0.2672599255787201
          1.1755942204177279
          1.2274640389651978
          0.3242281487021084
          9.7098117262310364
          7.9597941586646961
          0.1800638653750088
          1.4183168556127135
          1.2459998407895216
          0.1953289004147609
          4.4439722958632641
          3.5621085638973202
          0.1768654403978338
          0.8113760525101332
          0.8244968547923162
          0.2073955104773382
          6.8626869330112461
          5.4567143010079011
          0.0932374641294562
          2.4842216246649729
          1.8886588329777534
          0.0973661467538738
          3.8174671670163902
          2.8853651582031357
          0.0336255145305578
          1.1209017200306395
          0.7959995061481694
          0.0345508763416826
          1.7127588956433857
          1.2120031550655668
          0.0383193659171444
          4.0611369218750797
          2.9411465291674093
          1.5513296225941033
       1205.7769862336174356
       1126.8331387938753778
          0.0079859324953837
          0.3688802303538084
          0.2408450982108404
          0.0080960074921686
          0.5603260338118488
          0.3652862002531396
          0.0085438920135307
          1.3050442140881464
          0.8703695573868726
          0.1868969324705392
        303.5861981673240280
        276.3488581012082932
          0.0004645875775607
          0.0419772804829038
          0.0242904489188133
          0.0004661638209976
          0.0633360107618721
          0.0366493507890373
          0.0004725732158203
          0.1447026788242272
          0.0850945064838821
          0.0030091115409770
         24.5916163127301566
         19.5460031694247576
