1  82   4   1   0   -10.074316   0.000000

./DATA/2947/200/17/
0
          2.2869913203236165
         10.2473397962101398
          1.3736188266514597
          7.3088251244423672
          0.8001912379157430
          5.2263020718876048
          0.3679631248891987
          3.3403074163979998
          0.1055138793502101
          1.7154631543980476
          0.0148644442971973
          0.6338210732022114
          0.0001137600943592
          0.0553024607001116
          0.0000000066886276
          0.0004240422622412
          0.1599464400096021
          3.7829809251106168
         14.5988628617407130
          0.4455714251782680
         15.8936435456380636
         34.3505934523142429
          0.1177896715556063
          2.1813132224745564
         12.8800131048190600
          0.6890396418929379
         26.4026384635293390
         52.3834742859664573
          0.0906854534119583
          2.5824198902262743
         10.7435304348934988
          0.2525799043975762
         11.1580950815650670
         25.4222114293180326
          0.0668360355830741
          1.4432930871074812
          9.3047117633087755
          0.3906249375543094
         18.5946434697851579
         38.6620737521579869
          0.0950566577562831
          6.1951786324477940
         15.4768978225235312
          0.1470227176796600
         10.3738101301892431
         23.4263059717074391
          0.0242451201360103
          2.8206779270025408
          8.0427025519640249
          0.0375023525544670
          4.7486335297380560
         12.1009602738475497
          0.0987416758081453
         13.8634542489719390
         29.7993109277400059
         57.0325106432887381
      11861.9426610713235277
      20500.8417137012766034
          0.0034499583080499
          0.9664091108674207
          3.3559383014072290
          0.0053366490637296
          1.6356431238819831
          5.0174156414057567
          0.0140542205659879
          4.7770880959625881
         11.9679634252504101
          8.1258063806262228
       3692.9487524213564029
       6375.9910469836768243
          0.0000700165309593
          0.1256058085284490
          0.6662491186819705
          0.0001083093972165
          0.2137323428326810
          0.9910667862500506
          0.0002852688570460
          0.6236716786121145
          2.2709592413119495
          0.1650220454131295
        422.4765193136366292
        707.3809643380755006
1
          3.4157799320700453
          9.1185511844637102
          2.4362750414807905
          6.2461689096130382
          1.7421006906292014
          4.2843926191741444
          1.1134358054660001
          2.5948347358211983
          0.5718210514660158
          1.2491559822822420
          0.2112736910674039
          0.4374118264320055
          0.0184341535667039
          0.0369820672277669
          0.0001413474207471
          0.0002827015301217
          1.3714297209531727
          8.2507094409577029
          8.9196510649500880
          1.9080076908382750
         24.3822614350790445
         24.3995392972133232
          1.3567164309521131
          6.6003469488000306
          7.2220526190971306
          2.4298723707223200
         38.8634509370427637
         38.1818290836236969
          0.9761491559653038
          6.0708619414071281
          6.3696246811592836
          1.3139366726665911
         18.0396326347339020
         17.4793171078802168
          0.9687966848611966
          4.7466455015192581
          5.0993986996188596
          1.6443717182637745
         28.6841868881728743
         27.3187835530608183
          0.7071156339126982
         10.9687601580062299
         10.0912573208086940
          0.8586688363694607
         17.3581363517957250
         15.7303336314110318
          0.3099756490367747
          5.6820763789033171
          4.8955735711624877
          0.3616430261267883
          8.9268986402241044
          7.5985544897891195
          0.5746808588181374
         23.3379969838477024
         19.8488290098542777
        100.5390444280064770
      17420.1306073019586620
      14899.1472336859533243
          0.1019002350319769
          2.3556281011633313
          1.8682690343873862
          0.1132694480142388
          3.6636192395360134
          2.8815067268012124
          0.1599201858805813
          9.2511646103932730
          7.3480209455050955
         20.8448742479273648
       5439.9538669670364470
       4616.2668645706835377
          0.0126441566749097
          0.4607463686143110
          0.3185344184521596
          0.0132233608369040
          0.7055085834371178
          0.4861754942059246
          0.0155868803503653
          1.6906896263779345
          1.1886396820527994
          0.9950699221758156
        610.4226761522451170
        518.6047596227045915
1
          3.4157799320700457
          9.1185511844637102
          2.4362750414807910
          6.2461689096130391
          1.7421006906292011
          4.2843926191741462
          1.1134358054659996
          2.5948347358211965
          0.5718210514660158
          1.2491559822822420
          0.2112736910674039
          0.4374118264320053
          0.0184341535667039
          0.0369820672277669
          0.0001413474207471
          0.0002827015301217
          1.3714297209531727
          8.2507094409577171
          8.9196510649500915
          1.9080076908382757
         24.3822614350790481
         24.3995392972134084
          1.3567164309521134
          6.6003469488000244
          7.2220526190971075
          2.4298723707223209
         38.8634509370427779
         38.1818290836236400
          0.9761491559653035
          6.0708619414071290
          6.3696246811592694
          1.3139366726665918
         18.0396326347338949
         17.4793171078802416
          0.9687966848611969
          4.7466455015192679
          5.0993986996188454
          1.6443717182637738
         28.6841868881728850
         27.3187835530608432
          0.7071156339126980
         10.9687601580062335
         10.0912573208087046
          0.8586688363694605
         17.3581363517957286
         15.7303336314110549
          0.3099756490367748
          5.6820763789033206
          4.8955735711624770
          0.3616430261267883
          8.9268986402241381
          7.5985544897891231
          0.5746808588181372
         23.3379969838476917
         19.8488290098542883
        100.5390444280065196
      17420.1306073019513860
      14899.1472336859296774
          0.1019002350319769
          2.3556281011633433
          1.8682690343873847
          0.1132694480142388
          3.6636192395360152
          2.8815067268012120
          0.1599201858805813
          9.2511646103932907
          7.3480209455050689
         20.8448742479273683
       5439.9538669670318995
       4616.2668645706999087
          0.0126441566749097
          0.4607463686143108
          0.3185344184521611
          0.0132233608369039
          0.7055085834371181
          0.4861754942059240
          0.0155868803503653
          1.6906896263779350
          1.1886396820528031
          0.9950699221758158
        610.4226761522452307
        518.6047596227052736
1
          3.4157799320700453
          9.1185511844637066
          2.4362750414807910
          6.2461689096130364
          1.7421006906292009
          4.2843926191741470
          1.1134358054659999
          2.5948347358211965
          0.5718210514660158
          1.2491559822822418
          0.2112736910674039
          0.4374118264320051
          0.0184341535667039
          0.0369820672277670
          0.0001413474207471
          0.0002827015301217
          1.3714297209531727
          8.2507094409577242
          8.9196510649501182
          1.9080076908382755
         24.3822614350790303
         24.3995392972133942
          1.3567164309521134
          6.6003469488000217
          7.2220526190971084
          2.4298723707223204
         38.8634509370427565
         38.1818290836236613
          0.9761491559653036
          6.0708619414071308
          6.3696246811592712
          1.3139366726665920
         18.0396326347339091
         17.4793171078803162
          0.9687966848611969
          4.7466455015192661
          5.0993986996188339
          1.6443717182637738
         28.6841868881729063
         27.3187835530608609
          0.7071156339126982
         10.9687601580062388
         10.0912573208086780
          0.8586688363694603
         17.3581363517957392
         15.7303336314110584
          0.3099756490367748
          5.6820763789033233
          4.8955735711624788
          0.3616430261267884
          8.9268986402241346
          7.5985544897891213
          0.5746808588181372
         23.3379969838476917
         19.8488290098542386
        100.5390444280065054
      17420.1306073019659379
      14899.1472336859242205
          0.1019002350319769
          2.3556281011633411
          1.8682690343873849
          0.1132694480142388
          3.6636192395360148
          2.8815067268012133
          0.1599201858805813
          9.2511646103932836
          7.3480209455050645
         20.8448742479273683
       5439.9538669670346280
       4616.2668645706844472
          0.0126441566749097
          0.4607463686143108
          0.3185344184521609
          0.0132233608369039
          0.7055085834371181
          0.4861754942059238
          0.0155868803503653
          1.6906896263779354
          1.1886396820528073
          0.9950699221758158
        610.4226761522448896
        518.6047596227052736
