1  82   4   0   0   -2.625763   0.000000

./DATA/2947/200/07/
0
          3.2302903426406799
         12.8143892511814457
          2.0036045132621059
          9.1763209971010191
          1.2138368878153170
          6.6151691498751308
          0.5978866171098514
          4.3132855484781638
          0.1969493714105175
          2.3358809102040343
          0.0358446070134683
          0.9703731080646594
          0.0005415918957296
          0.1185491761144369
          0.0000001253290548
          0.0018032131733309
          0.5249420086604747
          7.5878750441735123
         24.2779559794077464
          1.4647813142013786
         29.4508122084520885
         56.5257053310717978
          0.3838787830083348
          5.0489401792616055
         22.3245857793210654
          2.2635573940901432
         48.7748145078186255
         86.8200844826491362
          0.3207176101273627
          5.2739657133709947
         18.1106005716244169
          0.8944653385858805
         21.0288918879864255
         42.2728349493304094
          0.2350399082197477
          3.4141320482074793
         16.4689803129072914
          1.3825353651367831
         34.9239843974382893
         64.7934490683188642
          0.3835350001584290
         12.0479838910250230
         26.2908046020953989
          0.5929755374342850
         20.0978613631500203
         40.1350886454963174
          0.1178170223054391
          5.7681228473548911
         14.1604101080775067
          0.1821978279964816
          9.6737446128495641
         21.4890776199936653
          0.4792112069507775
         28.4064811354730047
         54.6930984582981168
        275.5167673789550804
      29286.9816373252251651
      45682.0418695764819859
          0.0219533517933759
          2.1537580149610132
          6.2788412203878599
          0.0339555373127268
          3.6333227443446017
          9.4555324634635962
          0.0893800142434842
         10.6633652245966370
         23.3054422559630723
         51.5692983406060961
       9755.6459874569027306
      16052.4006866450054076
          0.0007685196197108
          0.3464679769279086
          1.4442016995427422
          0.0011888073089481
          0.5884383829149892
          2.1546404117306386
          0.0031308182334090
          1.7220755801825576
          5.0493396838080509
          1.8103506953321991
       1302.2980329645549773
       2199.6249807360454724
1
          4.2714630837271503
         11.7732165100949810
          3.0587736657003415
          8.1211518446627835
          2.2050563832917112
          5.6239496543987357
          1.4377618494927218
          3.4734103160952929
          0.7786269700680105
          1.7542033115465401
          0.3234577026882197
          0.6827600123899078
          0.0395163920381456
          0.0795743759720208
          0.0006010710577770
          0.0012022674446087
          2.4682608252477714
         13.7780740171674321
         16.1444381898264524
          3.7048537168565057
         40.0910335231521060
         43.6454116137166181
          2.4799674016748710
         11.6061024426181376
         13.6713348972979407
          4.9531531848923471
         64.2320214545875388
         68.6732817450778015
          1.7876296847913351
         10.2564629159572860
         11.6611912943741789
          2.5961799154349050
         29.9991607646791749
         31.6008514957885005
          1.8036179172434748
          8.5101283901870968
          9.8044059619039938
          3.4207183785306166
         47.9955240876306846
         49.6837263647326068
          1.4411019048517433
         18.6609938887017783
         18.6202276997253797
          1.8488863596047895
         29.7582401655047768
         29.2187990209712751
          0.6622439101578497
         10.0384932008542638
          9.3456128667257090
          0.8174735172372991
         15.9156862498043790
         14.6118602937980384
          1.4753561879788997
         42.9801803080652860
         39.1232543046777437
        478.5052419356607629
      39260.0113082880488946
      35506.0237240569695132
          0.2355168804077404
          4.4327797244300973
          3.7862559823044188
          0.2758502427148906
          6.9630954049941742
          5.8838650974119044
          0.4449028956635966
         18.2016107875137685
         15.4116738116258851
        107.9717767893130969
      13737.5389000037193910
      12014.1052956495077524
          0.0356199572112396
          1.0070505442486521
          0.7487676946304681
          0.0385601301198976
          1.5554528085522961
          1.1502546632823869
          0.0506937530046054
          3.8388641432570081
          2.8849881859624036
          6.2772387687871802
       1887.9615206079699874
       1609.4946050191747418
1
          4.2714630837271494
         11.7732165100949704
          3.0587736657003415
          8.1211518446627800
          2.2050563832917098
          5.6239496543987384
          1.4377618494927218
          3.4734103160952934
          0.7786269700680105
          1.7542033115465396
          0.3234577026882196
          0.6827600123899078
          0.0395163920381456
          0.0795743759720208
          0.0006010710577770
          0.0012022674446087
          2.4682608252477700
         13.7780740171674321
         16.1444381898265839
          3.7048537168565034
         40.0910335231521557
         43.6454116137167176
          2.4799674016748701
         11.6061024426181341
         13.6713348972979283
          4.9531531848923471
         64.2320214545875672
         68.6732817450778299
          1.7876296847913347
         10.2564629159573055
         11.6611912943742233
          2.5961799154349050
         29.9991607646791643
         31.6008514957885218
          1.8036179172434748
          8.5101283901871057
          9.8044059619039956
          3.4207183785306174
         47.9955240876306704
         49.6837263647322729
          1.4411019048517433
         18.6609938887018139
         18.6202276997253158
          1.8488863596047893
         29.7582401655047448
         29.2187990209713853
          0.6622439101578499
         10.0384932008542620
          9.3456128667257161
          0.8174735172372990
         15.9156862498043772
         14.6118602937980597
          1.4753561879789001
         42.9801803080653855
         39.1232543046776797
        478.5052419356605355
      39260.0113082880343427
      35506.0237240569986170
          0.2355168804077404
          4.4327797244301026
          3.7862559823044126
          0.2758502427148906
          6.9630954049941716
          5.8838650974118964
          0.4449028956635967
         18.2016107875137436
         15.4116738116258851
        107.9717767893131537
      13737.5389000037139340
      12014.1052956495950639
          0.0356199572112396
          1.0070505442486506
          0.7487676946304705
          0.0385601301198977
          1.5554528085522965
          1.1502546632823847
          0.0506937530046053
          3.8388641432570068
          2.8849881859623872
          6.2772387687871758
       1887.9615206079695326
       1609.4946050191729228
1
          4.2714630837271503
         11.7732165100949899
          3.0587736657003410
          8.1211518446627835
          2.2050563832917098
          5.6239496543987313
          1.4377618494927218
          3.4734103160952952
          0.7786269700680105
          1.7542033115465401
          0.3234577026882196
          0.6827600123899074
          0.0395163920381456
          0.0795743759720209
          0.0006010710577770
          0.0012022674446087
          2.4682608252477705
         13.7780740171674267
         16.1444381898265767
          3.7048537168565034
         40.0910335231521486
         43.6454116137168810
          2.4799674016748701
         11.6061024426181145
         13.6713348972979265
          4.9531531848923471
         64.2320214545876098
         68.6732817450778157
          1.7876296847913347
         10.2564629159572984
         11.6611912943742375
          2.5961799154349054
         29.9991607646791820
         31.6008514957885289
          1.8036179172434750
          8.5101283901871145
          9.8044059619040400
          3.4207183785306179
         47.9955240876306206
         49.6837263647322658
          1.4411019048517431
         18.6609938887017961
         18.6202276997254366
          1.8488863596047893
         29.7582401655047519
         29.2187990209713710
          0.6622439101578500
         10.0384932008542673
          9.3456128667257037
          0.8174735172372992
         15.9156862498043754
         14.6118602937980668
          1.4753561879788997
         42.9801803080653855
         39.1232543046777437
        478.5052419356605924
      39260.0113082880270667
      35506.0237240571077564
          0.2355168804077404
          4.4327797244300955
          3.7862559823044122
          0.2758502427148906
          6.9630954049941716
          5.8838650974118938
          0.4449028956635966
         18.2016107875137543
         15.4116738116258780
        107.9717767893131679
      13737.5389000037121150
      12014.1052956495950639
          0.0356199572112396
          1.0070505442486508
          0.7487676946304714
          0.0385601301198977
          1.5554528085522974
          1.1502546632823836
          0.0506937530046053
          3.8388641432570063
          2.8849881859623867
          6.2772387687871776
       1887.9615206079688505
       1609.4946050191724680
