1  82   4   1   0   -9.152125   0.000000

./DATA/2947/200/15/
0
          2.4569589662212818
         10.6986404468721226
          1.4839099645376392
          7.6393565839430240
          0.8710185881436447
          5.4734445450777960
          0.4062836426025381
          3.5143389075406239
          0.1199775702016848
          1.8261596092380170
          0.0178337934478220
          0.6917944961969898
          0.0001570801521198
          0.0647220316451011
          0.0000000122485829
          0.0005715078919178
          0.2092902621863660
          4.3435133746648988
         16.1506686931869368
          0.5831791074305892
         17.9838908677389213
         37.8771918524563631
          0.1539647851267558
          2.5748847780311253
         14.3984380124346778
          0.9017424756152016
         29.8556397641792515
         57.8514843309733351
          0.1205339846532530
          2.9754629968621278
         11.9206814457188859
          0.3357816595980652
         12.6668351588699544
         28.1019010884031673
          0.0887610657155900
          1.7109118926041256
         10.4467400093158282
          0.5192564156052145
         21.0936562166196424
         42.8091792946846681
          0.1298617773742936
          7.0776855007919277
         17.1913969934570652
          0.2008443233614085
         11.8423370045150502
         26.0676867693184384
          0.0344296566657624
          3.2569432164527172
          9.0038490174417571
          0.0532542065067198
          5.4789879618016348
         13.5701371880776307
          0.1401959751501121
         16.0129132292274470
         33.6469877789085317
         80.9249583914928508
      14237.2561859477245889
      24191.5679529129811272
          0.0051807982639599
          1.1368056150452159
          3.8061716154665568
          0.0080139397913679
          1.9228686638805892
          5.6980438055267690
          0.0211037196496826
          5.6207955020739666
         13.6786040646964242
         12.1984343671812709
       4488.3259563532819811
       7714.0015076804938872
          0.0001176748777995
          0.1546574842468038
          0.7796232967163886
          0.0001820322700341
          0.2630811824351133
          1.1601720528971404
          0.0004794378523996
          0.7680278689261985
          2.6686886680539481
          0.2773322786518919
        530.0972274979965277
        890.4624054389851153
1
          3.5662134822907094
          9.5893859308026954
          2.5464521946476775
          6.5768143538329866
          1.8244815150259317
          4.5199816181955086
          1.1714463025135404
          2.7491762476296198
          0.6087198697460058
          1.3374173096936961
          0.2305981653989966
          0.4790301242458154
          0.0215740105483671
          0.0433051012488539
          0.0001905026306393
          0.0003810175098615
          1.5442135104929089
          9.1265232326937511
         10.0327355868515173
          2.1770205299077374
         26.8920504644017200
         27.3751908333163705
          1.5347165988007394
          7.3878204033653905
          8.2047505734265105
          2.8003306376303998
         42.9188748667813229
         42.8896610663561617
          1.1027246954903984
          6.7334925717858063
          7.1804611599580221
          1.5043249971316108
         19.9482291176288626
         19.6519637921107240
          1.0993663932154101
          5.3360645173144166
          5.8109820571056678
          1.9025669964978291
         31.7655376090005177
         30.7539873214109676
          0.8146896918919436
         12.1907804454514697
         11.3934741342799164
          1.0002968115223485
         19.3253098913392485
         17.7852613943332862
          0.3607264877471090
          6.3667607749511879
          5.5677346278619275
          0.4255058476422213
         10.0220757507012301
          8.6547977580425783
          0.6937901109699007
         26.3813827070750584
         22.7249241652410880
        137.3250126330563035
      20598.8140053251008794
      17773.6100792940160318
          0.1206321188312859
          2.6751187109968648
          2.1524071989475790
          0.1353997363955864
          4.1688526188535429
          3.3246740539496060
          0.1961871715685249
         10.6002935340185971
          8.5240225808330212
         28.8381984264312337
       6581.0999270518877893
       5604.5877729226394877
          0.0156233624001094
          0.5400546344263086
          0.3787204590145749
          0.0164350716013998
          0.8282716195403325
          0.5787285764605571
          0.0197522449549196
          1.9956305784348554
          1.4218131514427712
          1.4354532503933348
        767.4697729578660983
        651.9317390073717888
1
          3.5662134822907086
          9.5893859308026990
          2.5464521946476775
          6.5768143538329893
          1.8244815150259317
          4.5199816181955095
          1.1714463025135400
          2.7491762476296198
          0.6087198697460058
          1.3374173096936961
          0.2305981653989966
          0.4790301242458155
          0.0215740105483671
          0.0433051012488539
          0.0001905026306393
          0.0003810175098615
          1.5442135104929089
          9.1265232326937635
         10.0327355868514729
          2.1770205299077374
         26.8920504644017235
         27.3751908333162781
          1.5347165988007392
          7.3878204033653860
          8.2047505734264714
          2.8003306376303994
         42.9188748667812945
         42.8896610663562470
          1.1027246954903986
          6.7334925717858063
          7.1804611599580630
          1.5043249971316111
         19.9482291176288982
         19.6519637921107737
          1.0993663932154103
          5.3360645173144112
          5.8109820571056590
          1.9025669964978300
         31.7655376090005070
         30.7539873214108646
          0.8146896918919437
         12.1907804454514697
         11.3934741342799803
          1.0002968115223481
         19.3253098913392520
         17.7852613943332827
          0.3607264877471091
          6.3667607749511763
          5.5677346278619435
          0.4255058476422213
         10.0220757507012213
          8.6547977580425925
          0.6937901109699005
         26.3813827070750513
         22.7249241652410063
        137.3250126330563319
      20598.8140053250717756
      17773.6100792940196698
          0.1206321188312860
          2.6751187109968648
          2.1524071989475759
          0.1353997363955864
          4.1688526188535349
          3.3246740539495914
          0.1961871715685249
         10.6002935340186060
          8.5240225808330283
         28.8381984264312266
       6581.0999270518896083
       5604.5877729226094743
          0.0156233624001094
          0.5400546344263102
          0.3787204590145746
          0.0164350716013998
          0.8282716195403327
          0.5787285764605561
          0.0197522449549196
          1.9956305784348556
          1.4218131514427690
          1.4354532503933348
        767.4697729578676899
        651.9317390073711067
1
          3.5662134822907086
          9.5893859308027007
          2.5464521946476775
          6.5768143538329937
          1.8244815150259317
          4.5199816181955086
          1.1714463025135402
          2.7491762476296175
          0.6087198697460058
          1.3374173096936954
          0.2305981653989967
          0.4790301242458152
          0.0215740105483671
          0.0433051012488540
          0.0001905026306393
          0.0003810175098615
          1.5442135104929087
          9.1265232326937582
         10.0327355868514783
          2.1770205299077370
         26.8920504644017164
         27.3751908333162781
          1.5347165988007394
          7.3878204033653834
          8.2047505734264679
          2.8003306376303998
         42.9188748667813016
         42.8896610663562186
          1.1027246954903986
          6.7334925717858098
          7.1804611599580612
          1.5043249971316111
         19.9482291176288875
         19.6519637921107808
          1.0993663932154103
          5.3360645173144094
          5.8109820571056590
          1.9025669964978296
         31.7655376090005070
         30.7539873214108574
          0.8146896918919437
         12.1907804454514608
         11.3934741342799839
          1.0002968115223481
         19.3253098913392414
         17.7852613943332400
          0.3607264877471091
          6.3667607749511719
          5.5677346278619426
          0.4255058476422214
         10.0220757507012213
          8.6547977580425730
          0.6937901109699003
         26.3813827070750371
         22.7249241652409957
        137.3250126330563603
      20598.8140053250717756
      17773.6100792939687381
          0.1206321188312860
          2.6751187109968648
          2.1524071989475733
          0.1353997363955864
          4.1688526188535349
          3.3246740539495931
          0.1961871715685249
         10.6002935340186024
          8.5240225808330301
         28.8381984264312230
       6581.0999270518923367
       5604.5877729226021984
          0.0156233624001094
          0.5400546344263097
          0.3787204590145747
          0.0164350716013998
          0.8282716195403326
          0.5787285764605541
          0.0197522449549196
          1.9956305784348551
          1.4218131514427699
          1.4354532503933348
        767.4697729578683720
        651.9317390073704246
