1  82   7   1   7   -23.668877   0.000000
  0 
./DATA/2947/114/M029/
0
         11.1652700771601801
          2.0663269117292136
          7.7133930588054476
          1.4493323672181171
          5.3472901382133173
          1.0068734971676427
          3.3008271683705912
          0.6096006703487639
          1.6607333739979306
          0.2865769282562275
          0.6496538799576735
          0.0971807542872375
          0.0865293546221971
          0.0087929079637043
          0.0023298301585847
          0.0001022545962186
         14.3761894539174087
          6.0010189097244941
          0.2852635297029997
         39.2697766461671094
         17.6597287656887332
          0.2898378234457007
         12.2526089720619353
          4.6626701191264761
          0.3226932278170726
         62.0397833565613510
         27.9800898310549115
          0.3318418153024748
         10.3825318448540571
          4.3688630145082348
          0.1840805350142227
         28.5201174030106372
         12.9376412651941237
          0.1818027494113655
          8.7657982545215631
          3.3533972413188646
          0.2103797452021950
         45.0409693708347021
         20.4909537426906425
          0.2058241739964805
         16.8763254697327731
          7.7258324903656597
          0.0821803908170920
         26.6196193182898604
         12.2246951420163867
          0.0912915665452020
          8.4976246459743532
          3.8987715401229215
          0.0275371398894969
         13.3673661914723105
          6.1565634775926394
          0.0298086020580732
         35.9480323408521585
         16.4669010034705181
          0.0452497724256291
      32242.1859886013189680
      13391.4440099177099910
          2.8968401676786524
          3.4420495324667395
          1.5595422677345934
          0.0059480657979007
          5.3875320347850062
          2.4523772082406237
          0.0062094837880774
         14.2028178393171913
          6.4417338669534798
          0.0090082861381095
      11102.6631419069162803
       4616.9290350259589104
          0.4904618239291949
          0.6752070092485185
          0.2900602241256531
          0.0002997933825100
          1.0456299678024932
          0.4508050939372614
          0.0002910789489571
          2.6566940337055387
          1.1386678510509916
          0.0003856547087731
       1583.5900175645620038
        630.2678099122126696
          0.0155663928646557
0
         11.1893115436276886
          2.0463417732892895
          7.6947865074105737
          1.4705641101162588
          5.3078044926640491
          1.0630789801890734
          3.2548123111626537
          0.6955102366102734
          1.6202413088809153
          0.3777069109254997
          0.6179118003222075
          0.1563260510605640
          0.0743175762695950
          0.0186699774393020
          0.0017945921400545
          0.0002715239208453
         13.9551302049321890
          6.6494289038616010
          0.3765244181208938
         39.1811526847395655
         17.5790647753981943
          0.2476968450597034
         11.5497436623081615
          5.6014138026122922
          0.4912169356133399
         62.0017886219228416
         27.4606855456854966
          0.2335617894909591
         10.0447545593557113
          4.9375864462966135
          0.2597578868134505
         28.3766318236001425
         12.9509273888790837
          0.1585820989699496
          8.2196843438077671
          4.1320305711635656
          0.3458289367052590
         44.8834388722964093
         20.1587124563284839
          0.1434773610182576
         16.7289556161699480
          7.8276655909297510
          0.0757582885273666
         26.4220649712286892
         12.1067849446853639
          0.0635868586770262
          8.4013506755123668
          4.0366535255130307
          0.0286198276769639
         13.2298128313775258
          6.1888280527480877
          0.0215772565547173
         35.6318792372556246
         15.9338790267676149
          0.0201476776981634
      32824.9646999905235134
      13255.2799712591986463
          0.8395631376454855
          3.4065989233195761
          1.6780328435916414
          0.0079123239686674
          5.3373189906336567
          2.5443280388743994
          0.0051866258929503
         14.0884822330110957
          6.3381787256228277
          0.0037064814601507
      11235.1876343780186289
       4370.4485179388329925
          0.1085092834916388
          0.6769021758511912
          0.3406235522607183
          0.0007680522301095
          1.0509584707520740
          0.5088652804430192
          0.0004213220456695
          2.6763246103890048
          1.2029694917311673
          0.0001762971133020
       1575.7903048589093942
        546.9457241460759178
          0.0019371174882298
0
         11.1745879950934750
          2.0769040110425578
          7.7446673665025703
          1.4646359896442507
          5.3881736323303002
          1.0225635268034667
          3.3423106446398343
          0.6232693255779447
          1.6857801635443173
          0.2954521900540956
          0.6453707053500490
          0.0995518836858224
          0.0724613182991181
          0.0077470620324068
          0.0011761590365099
          0.0000515247976792
         14.6591163018846071
          6.1816077268150336
          0.3085778561011790
         39.5827678137096726
         17.9308152238186125
          0.2932864737428542
         12.4581159219046409
          4.8257074696474334
          0.3574654010034096
         62.3054189455547345
         28.3241224636545610
          0.3268826362867600
         10.6146411855873879
          4.5172957809301240
          0.2012427148793947
         28.8295249686242556
         13.1711056790166694
          0.1856117238637140
          8.9181463311513198
          3.4823154017764746
          0.2360114199716856
         45.3479138972250055
         20.7899351979495748
          0.2047494379403240
         17.1566468625052480
          7.8984260810585054
          0.0852275041878939
         26.9418489453965648
         12.4472439173228082
          0.0923980907884582
          8.7236410613371422
          4.0076430556219664
          0.0292127710750417
         13.6594711582881061
          6.2987146198985604
          0.0309260237637790
         36.4786089170806989
         16.6971442594287574
          0.0442620623524962
      33168.5474534003224107
      12959.4778725394044159
          2.0101910199301840
          3.5954754298176113
          1.6149707103031203
          0.0065274216892841
          5.6062764509639234
          2.5276749654235959
          0.0066783917077032
         14.6679146228150721
          6.5704337186155781
          0.0092336483270590
      11381.4745578368874703
       4375.8395980791774491
          0.3289035966393190
          0.7356917108769915
          0.3040596557940397
          0.0003538211394707
          1.1409085645409298
          0.4724200695402266
          0.0003365117853712
          2.8890030382501761
          1.1864199011763306
          0.0004357751257286
       1605.3653432548030651
        574.4589551288177063
          0.0104928184818436
0
         11.1783597182926417
          2.0592928825825618
          7.7310794739085313
          1.4591700880528764
          5.3714775947565094
          1.0361062721122725
          3.3331269290343855
          0.6592168493292417
          1.6939378074110309
          0.3431741621270096
          0.6665298443471149
          0.1345279455364075
          0.0831596175562183
          0.0144868644301389
          0.0016923592589981
          0.0001822556525383
         14.6116618194684733
          6.4504374908119209
          0.3430314860856614
         39.3499811917435238
         17.6332794149714331
          0.2627255303685098
         12.5037001325672144
          5.3045454162761381
          0.4196216190202883
         61.9803388771174752
         27.6702292645951502
          0.2590097075859852
         10.5945274218578795
          4.7733453827500627
          0.2334693933808598
         28.5978028761984824
         12.9706059968902903
          0.1674059411726375
          8.9947960834974605
          3.8957985587572845
          0.2914412912563806
         45.0013469921785898
         20.2903197870377632
          0.1593143868399362
         16.9514454125620837
          7.8202322485614078
          0.0792508466901106
         26.6121627183771849
         12.1642004076590844
          0.0707395716033850
          8.5628360117306492
          4.0209653513867645
          0.0295303177245188
         13.3851915355851361
          6.2042597920504026
          0.0240635637082491
         35.8941002154987316
         16.0759809240346065
          0.0234846468112296
      34452.5810732906247722
      12910.4486567187141191
          0.8994903622197928
          3.4840848436711314
          1.6665753159283667
          0.0079993705662930
          5.4084110462794595
          2.5444099971134460
          0.0058015689589396
         14.1875342336132189
          6.3879727923830423
          0.0044283130919409
      11955.6592513085324754
       4264.6208163247983975
          0.1210082012913988
          0.6840100198593948
          0.3384600227462479
          0.0007439125672735
          1.0483537110276062
          0.5091296009404122
          0.0004686261553756
          2.6403325796496171
          1.2138192089104343
          0.0002283938877949
       1693.6915204477418229
        535.9709039880521004
          0.0023508763120584
0
         11.1797481119487401
          2.0665843747831683
          7.6760084957482206
          1.5353502256877471
          5.3040541875391884
          1.1386336280323270
          3.2837041823338962
          0.7600873821301091
          1.6793813770669463
          0.4166708380368968
          0.6704628336274857
          0.1742856286915324
          0.0860006471737817
          0.0228513885147323
          0.0020102307280727
          0.0004592214031916
         14.2057476748547717
          7.2507054630037686
          0.4315962317433265
         38.7065465633158041
         18.3301432122599053
          0.2832847356434792
         12.1455320027309455
          6.1303915086155403
          0.5898663242232173
         61.1471297796530422
         28.2892670071278438
          0.2932433320235229
         10.2997907722388096
          5.4378018390753979
          0.2916548874073578
         27.9645769423326485
         13.6821737174036269
          0.1868818122265891
          8.7601616874926531
          4.5585539438994926
          0.4023764106542230
         44.0897340276804357
         21.0472977005559265
          0.1928302602926855
         16.4301738754003814
          8.4511213951963224
          0.0918814440938159
         25.7918338936237745
         12.9245601024010135
          0.0943628128681104
          8.2259824629643941
          4.4833676816134913
          0.0344365539987952
         12.8193786323025360
          6.8004514668832412
          0.0351817333309101
         34.3160451188576161
         17.0301196901764342
          0.0393760046839994
      35423.0963832157212892
      12179.8220338650553458
          1.0275280540660732
          3.3295082406324195
          1.9324844390320832
          0.0086429553339251
          5.1327787516969101
          2.8996618766136315
          0.0087784827981965
         13.3441310670895366
          7.0138172112470132
          0.0096671715820281
      12009.8874014840694144
       4088.0542270873252164
          0.1539375712497715
          0.6609538165606915
          0.4169662052239589
          0.0005717365985885
          1.0015819142705271
          0.6155567343773841
          0.0005754214821767
          2.4711124213657043
          1.4063487810314355
          0.0006190900446956
       1609.5096718199772567
        524.1072146677482806
          0.0045042162496292
0
         11.1074831495645707
          2.0835461037338745
          7.7458556558104306
          1.4011702428642647
          5.4394111853417382
          0.9319007259640112
          3.4301370035031469
          0.5335012635057518
          1.7832139436923489
          0.2330605381713604
          0.7218398518383665
          0.0709358799078618
          0.0978354539636881
          0.0043834729929329
          0.0025493076297694
          0.0000189444431308
         15.3480296190196004
          5.5335338932033560
          0.1968307419727081
         39.2187615162394962
         17.1882353363294946
          0.2992516104681071
         13.4662785406914640
          4.2243042060525768
          0.1759676054943753
         61.2077423351312291
         27.5337070923048657
          0.3808093424851734
         11.2151159704782799
          3.9970343624244915
          0.1194674865963219
         28.6965621842115084
         12.4481431624805055
          0.1805957136566926
          9.7428181838131920
          3.0216562123608464
          0.1070481053516849
         44.7057106112795850
         19.9238738124728485
          0.2293045594724262
         17.2307417925465103
          7.2976845958781542
          0.0761963230541991
         26.7499403253077332
         11.6588883469504090
          0.0964474093480567
          8.8824671012065490
          3.5998615175606283
          0.0231057552665542
         13.7169275651171461
          5.7327415849906309
          0.0291612245648685
         35.8078319594281211
         15.6449881932084924
          0.0489248577702484
      30690.6352144454467634
      14213.6411639241778175
          2.7075050903631430
          3.7344942043567215
          1.4015422670686626
          0.0043111631121164
          5.7241281077138808
          2.2199643845427874
          0.0054314767159868
         14.5520156861055874
          5.9390231365909605
          0.0090365157938045
      10442.9068716331730684
       4800.3474893260754470
          0.4288284392259509
          0.7896957585870442
          0.2496742731927492
          0.0001608847181260
          1.1951880338709300
          0.3910528443169469
          0.0002031577776169
          2.9062378551293349
          1.0050996136595371
          0.0003365863376535
       1473.2191746974795024
        621.1505790832661660
          0.0126350165254380
1
         12.3989960571606694
          0.9071341374677765
          8.7802230235835133
          0.4624420401853847
          6.1991566302687939
          0.2214088325024076
          3.8811857275020856
          0.0749232109833698
          1.9526415675710900
          0.0129098308550323
          0.7328081431694256
          0.0008491240082534
          0.0769316733732173
          0.0000012220074294
          0.0010857248136038
          0.0000000000033806
         20.0362320309828483
          1.0605095079567917
          0.0140216529915286
         52.1577675269604768
          6.1753050569534524
          0.0418283415494686
         17.0231794631918909
          0.4795283475668619
          0.0072099446170245
         81.2662504551469596
         10.7091194455601908
          0.0628233217329045
         14.6045853852756515
          0.6679799993345222
          0.0072828316945122
         38.4916766326489181
          4.0331258874505895
          0.0217265964551187
         12.2282387942184005
          0.2958314119481845
          0.0037439027881385
         60.0024212889649959
          7.0261231881803186
          0.0326314323093514
         23.2977581501613997
          1.9687859831924788
          0.0070409263014628
         36.3218263949559486
          3.4557648717751284
          0.0105746579183939
         12.0023483500715855
          0.7462999847738322
          0.0014598434884611
         18.6948542077428108
          1.3227767962467358
          0.0021924774691995
         49.2995924078720833
          4.2747601326371525
          0.0049848380734354
      41147.2194588564743754
       7078.5610129486340156
          0.8562792708806670
          4.9591638935182116
          0.1981495123818466
          0.0001550506911302
          7.7060835285665226
          0.3554465225078691
          0.0002328606151526
         19.9695754765362636
          1.1700894844770240
          0.0005293788165631
      14556.9832379576564563
       2016.4220788110546891
          0.0907522070043629
          0.9878146286115662
          0.0164079136731028
          0.0000017655418125
          1.5278365776867779
          0.0299361706699211
          0.0000026515209190
          3.8378446891465425
          0.1010418574320824
          0.0000060273858155
       2092.0495036915904166
        181.5593624366881897
          0.0010316411904988
   0    7  0.622099  1.350295 -1.307470 
         -0.0116881132021166          -0.0298085451406658          -0.0334873816910534
          0.0040532042181669           0.0561741137605566          -0.0242583506311066
          0.0344397827478060          -0.0294313721916030          -0.0445596790063566
         -0.0569307764160424           0.0429301151911032           0.0457765010283657
          0.0352487641699120          -0.0163358245212993          -0.0830864743921547
         -0.0802076834933598           0.0296477824394292           0.1009129988585879
          0.0040737763702646          -0.0051547094525472          -0.1341382699500103
         -0.0777723505284266           0.0177170832889732           0.1487952925735073
         -0.0378811028523884          -0.0136136152634880          -0.1578576964442452
         -0.0505368257854730           0.0085023048333900           0.1668529571637160
         -0.0460327028911458          -0.0373473863119135          -0.1110145101773931
         -0.0192527484629531           0.0001915238215410           0.1266229322676043
         -0.0167527123602940          -0.0290403099264390          -0.0176228481866917
         -0.0009367851387520          -0.0026169779676788           0.0299070355962249
         -0.0020520283810841          -0.0025932792033641           0.0003045304461311
          0.0000140057102159          -0.0001056133540156           0.0007452399207525
          0.1542913674256217          -0.0755415448370166          -0.8284931986449866
         -0.5891941777580235           0.1523161942780196           0.9084185945457053
         -0.0953002335797931           0.0518455465020251           0.0746372877227561
          0.5867207620505227          -0.4340217593622790          -0.2716310788570667
         -0.7768643235585843           0.5570678693039601           0.4256664940149718
          0.0023948860288254           0.0235330689222958          -0.0065816946123629
         -0.0158138630438970          -0.0396245110736205          -1.0765461494447095
         -0.4319759082994165           0.0861904678912007           1.0303948619810717
         -0.1524721851845651           0.0650391630506131           0.1441407081617183
          0.8490449262058979          -0.7565849401241507           0.0371780901311251
         -0.8073161999005397           0.8956938179430849           0.0648906609196044
          0.0429180540326719           0.0084142078911546          -0.0182972565085199
          0.0852038859836466          -0.0493619546771802          -0.7498991146663527
         -0.5049019277478104           0.1220141555926654           0.8223501470100524
         -0.0700526483100655           0.0371869742948806           0.0543562575642703
          0.5378573695896840          -0.2981633304095412          -0.3462787604950542
         -0.7865332945053707           0.4065156953149849           0.5706628496954623
         -0.0056911007025048           0.0181731837426512          -0.0004428967381231
         -0.0479561850112291          -0.0412714264416367          -0.9068204077777221
         -0.3613789658936505           0.0776163748167022           0.8808159651516749
         -0.1088528179781187           0.0478428971941034           0.1018115175343016
          0.8573507822008470          -0.5388741779063451          -0.0995796994351327
         -0.9246416994087703           0.6466194542613426           0.3774413705224950
          0.0198702772370026           0.0098153160896447          -0.0077867910704852
          0.3805632735240796          -0.1391593997288699          -0.4379023101391059
         -0.6993598033890362           0.2378855684012570           0.6459722338735597
         -0.0084528145214328           0.0108750801958047           0.0026340568937298
          0.6798619566706842          -0.2681530593138094          -0.3103513971512987
         -0.9053261394189984           0.3687239952174694           0.6125484335308928
          0.0031904477159600           0.0078583302442079          -0.0007863942493553
          0.1728935923773290          -0.0354006519460632          -0.4717603896028759
         -0.5162497666541076           0.1144219380451234           0.5870864827779844
         -0.0057602917539463           0.0048958686590479           0.0021704033835908
          0.3703954987324500          -0.0763797730358861          -0.4691938126109907
         -0.7091869286362388           0.1697299406253105           0.6394976304876262
         -0.0018271116432785           0.0041349482512541           0.0008960130387913
          1.3593184939235035          -0.4828970416868504          -0.2233054836423331
         -1.4519824838926809           0.6069018615554282           0.6484176160157826
          0.0057139845441317           0.0009403781484899           0.0035145961379248
      -1793.8222445888977745       -1441.3999123917435554       -1517.3828731564533427
       1224.3381253304289658        1499.2144007521535514        2769.7192695706862651
          0.2077259490484262          -2.0850197538264235           1.2891585076457874
          0.0078325684951995          -0.0020977879679251          -0.4039144939424476
         -0.2952360160624198           0.0411707657286234           0.4244298623924926
         -0.0022018971566159           0.0014507189821827           0.0008456392433241
          0.0862482004347702          -0.0016050814539883          -0.4803535437968909
         -0.4211457580098538           0.0578509037440669           0.4966702980258202
         -0.0013389824409275           0.0013056135089268           0.0004928102905301
          0.5538893399496356          -0.1045047048447625          -0.6115284112469416
         -0.9399500887600062           0.1933230354484628           0.6439439337957771
          0.0000025816756570           0.0011682618576948           0.0012350023524121
       -350.9557190343487605        -738.8823196331234158        -182.3835533492095635
        141.6845296387671169         518.3983077385692013        1261.4387022299529235
          0.0648662331714152          -0.4036899460687419           0.2421245629288734
         -0.0505863488593917          -0.0123305432205379          -0.2007165704519882
         -0.0814608214686161           0.0041697181105071           0.1773921495903594
         -0.0002110278739152           0.0001161714278338           0.0000780173797004
         -0.0527107149094512          -0.0109833335733471          -0.2725868360361755
         -0.1187779873693532           0.0061863856304777           0.2197306718426077
         -0.0001625820263099           0.0000990147155142           0.0000452807399653
         -0.0060595551856432          -0.0233711319577379          -0.5024795692304405
         -0.2775886469371714           0.0205060340269956           0.3254337853156892
         -0.0001293730702196           0.0001289021758667           0.0000890474597679
         42.0821448027452547        -149.3044037079746147          94.7525850312230489
       -102.4358731478871505          43.3245389736683464         219.3427544414663259
          0.0037687835695277          -0.0132940283807066           0.0087210995479680
   4
          0.0706018124587605           0.0041164047208514          -0.0489478652256729
          0.0000000000000000           0.0000000000000000           0.0000000000000000
         -0.0335336952421076           0.0438665390614871           0.0327672050484829
          0.0000000000000000           0.0000000000000000           0.0000000000000000
         -0.1243817392765821           0.0434356416360136           0.0907414732248618
          0.0000000000000000           0.0000000000000000           0.0000000000000000
         -0.2106358458738978           0.0141946424457462           0.1304852681077205
          0.0000000000000000           0.0000000000000000           0.0000000000000000
         -0.2567100363285846          -0.0358817873706446           0.1354769088019393
          0.0000000000000000           0.0000000000000000           0.0000000000000000
         -0.2184941408073558          -0.0674563642584882           0.1028461808548285
          0.0000000000000000           0.0000000000000000           0.0000000000000000
         -0.0802169243039620          -0.0363705881023413           0.0356012854260788
          0.0000000000000000           0.0000000000000000           0.0000000000000000
         -0.0060138639814153          -0.0029030107465693           0.0026488788353181
          0.0000000000000000           0.0000000000000000           0.0000000000000000
         -1.5136468153161740           0.1361045732053449           1.1155084853140080
         -0.3569958109923937           0.0198650056591387           0.0580696974381057
          0.0000000000000000           0.0000000000000000           0.0000000000000000
          0.5642847505981002           0.5904776211163647          -0.4448909327054820
         -0.2533729470263536           0.3119490167372655           0.5038533428924175
          0.0000000000000000           0.0000000000000000           0.0000000000000000
         -2.3322988981492765          -0.0481441245259520           1.3842410670079086
         -0.4980977649382934          -0.0828942534079753           0.2535237560800830
          0.0000000000000000           0.0000000000000000           0.0000000000000000
          1.8235642336792741           0.8606019712960931          -1.7365577690310712
         -0.2908520370062141           0.5012737687482787           1.1450910469887063
          0.0000000000000000           0.0000000000000000           0.0000000000000000
         -1.3333968512781111           0.0619349730992800           0.9650660128812790
         -0.3556350435493497           0.0033298883405721           0.0696376068514243
          0.0000000000000000           0.0000000000000000           0.0000000000000000
          0.1856858802866185           0.5564111896993713          -0.2073261942521583
         -0.2873807003255696           0.2611330062369233           0.5227505145086085
          0.0000000000000000           0.0000000000000000           0.0000000000000000
         -1.9480317215994953          -0.1289557337224990           1.1707015035874606
         -0.4688195336305824          -0.0851175871659112           0.2022876048168911
          0.0000000000000000           0.0000000000000000           0.0000000000000000
          1.0901337415299610           0.8599966994776870          -1.1740829106794142
         -0.3323108471830214           0.4304886486267911           1.1085134201312592
          0.0000000000000000           0.0000000000000000           0.0000000000000000
         -0.1937567510181613           0.4266822825780758           0.0104160786895572
         -0.2910441095893676           0.1821932788354575           0.4912984704516978
          0.0000000000000000           0.0000000000000000           0.0000000000000000
          0.2963392976592403           0.6984370340543657          -0.5770532378094476
         -0.3394113446578725           0.3117013979317653           0.9721030602290982
          0.0000000000000000           0.0000000000000000           0.0000000000000000
         -0.3882144925302073           0.2444439868792795           0.1083611806532333
         -0.2452324401768469           0.1000574277413531           0.3967213032128020
          0.0000000000000000           0.0000000000000000           0.0000000000000000
         -0.2118568310280714           0.4245084715496596          -0.1872877123705662
         -0.2888162875323744           0.1801028264353025           0.7430313308772378
          0.0000000000000000           0.0000000000000000           0.0000000000000000
          0.8967635542956818           1.2185798145151696          -1.8780195496424483
         -0.4987702402518870           0.4742500416446155           2.4421557690027820
          0.0000000000000000           0.0000000000000000           0.0000000000000000
       4382.9975189181477617        1254.0084609613770681       -4603.2022821035534434
       -209.5205867051856785        -233.8953660416814557        3030.5143915919984465
          0.0000000000000000           0.0000000000000000           0.0000000000000000
         -0.3790280351894030           0.0822038891055531           0.1041985201880651
         -0.1637803912044213           0.0335784019347408           0.2621860459270507
          0.0000000000000000           0.0000000000000000           0.0000000000000000
         -0.3783274523013236           0.1605338226839366          -0.0113292815595440
         -0.1955702351639774           0.0678628205292916           0.4682159895210548
          0.0000000000000000           0.0000000000000000           0.0000000000000000
         -0.1619319320307190           0.4918058855197803          -0.6874248456921791
         -0.3232049677022285           0.1948363269300651           1.4259559792657472
          0.0000000000000000           0.0000000000000000           0.0000000000000000
       2048.5536624265323553         520.6383012223409423       -1566.4346691490379726
        -42.0285416761693327         -42.4735196629061846        1285.3734567615676951
          0.0000000000000000           0.0000000000000000           0.0000000000000000
         -0.1855963781567223          -0.0124611793296714           0.0391952375092861
         -0.0598395885220867          -0.0051399842527934           0.1005082945146035
          0.0000000000000000           0.0000000000000000           0.0000000000000000
         -0.2290903440449471          -0.0083458759527304           0.0167587842858095
         -0.0735390914613100          -0.0029041043191769           0.1694934122778123
          0.0000000000000000           0.0000000000000000           0.0000000000000000
         -0.3440054111924123           0.0047259527979957          -0.1203545495330675
         -0.1200878745781908           0.0048237787553958           0.4674771116846482
          0.0000000000000000           0.0000000000000000           0.0000000000000000
        403.7532641348393554          60.6043456017708522        -201.3339390565498093
          5.4255393300229233          -0.6874730110667151         241.3942614637732902
          0.0000000000000000           0.0000000000000000           0.0000000000000000
   0
          0.0000000000000000           0.0000000000000000          -0.0000000000000000
          0.0000000000000000           0.0000000000000000           0.0000000000000000
          0.0000000000000000           0.0000000000000000           0.0000000000000000
          0.0000000000000000           0.0000000000000000           0.0000000000000000
         -0.0000000000000000           0.0000000000000000          -0.0000000000000000
          0.0000000000000000           0.0000000000000000           0.0000000000000000
          0.0000000000000000           0.0000000000000000           0.0000000000000000
          0.0000000000000000           0.0000000000000000           0.0000000000000000
          0.0000000000000000           0.0000000000000000          -0.0000000000000000
          0.0000000000000000           0.0000000000000000           0.0000000000000000
          0.0000000000000000           0.0000000000000000           0.0000000000000000
          0.0000000000000000           0.0000000000000000           0.0000000000000000
          0.0000000000000000           0.0000000000000000          -0.0000000000000000
          0.0000000000000000           0.0000000000000000           0.0000000000000000
          0.0000000000000000           0.0000000000000000           0.0000000000000000
          0.0000000000000000           0.0000000000000000           0.0000000000000000
         -0.0092293746201822          -0.0258053499262074           0.0187904087696765
          0.0181954947037929           0.0156119937008579          -0.0305975359488147
          0.0000000000000000           0.0000000000000000           0.0000000000000000
          0.0778408113943239          -0.0319460260244047          -0.0796343129089604
         -0.1111008422547607           0.0597666217234632           0.0986531290592078
          0.0000000000000000           0.0000000000000000           0.0000000000000000
         -0.0289789204961478          -0.0120809018238281          -0.0119770008149608
          0.0205585519433518           0.0042433215290518          -0.0079972916482626
          0.0000000000000000           0.0000000000000000           0.0000000000000000
          0.1451614515328652          -0.0243622540202252          -0.2088264441722346
         -0.2380341219737555           0.0925525775742621           0.2505040383677826
          0.0000000000000000           0.0000000000000000           0.0000000000000000
         -0.0005604463146167          -0.0194492918965163           0.0161054773511170
          0.0086280429532312           0.0124060047071473          -0.0198546895692500
          0.0000000000000000           0.0000000000000000           0.0000000000000000
          0.0580638605773060          -0.0207948609727966          -0.0578072229278202
         -0.0843717919658014           0.0429541533303846           0.0737680503953973
          0.0000000000000000           0.0000000000000000           0.0000000000000000
         -0.0171988085364378          -0.0114717142618019          -0.0048299539933118
          0.0122090897807023           0.0051292560039511          -0.0050548483505783
          0.0000000000000000           0.0000000000000000           0.0000000000000000
          0.1000498052474089          -0.0141628524143620          -0.1526553545511868
         -0.1737905800573631           0.0662255532504258           0.1821906315787162
          0.0000000000000000           0.0000000000000000           0.0000000000000000
          0.0328423599370650          -0.0095970922474217          -0.0329878860654036
         -0.0502239162714308           0.0242729746401523           0.0429497150253566
          0.0000000000000000           0.0000000000000000           0.0000000000000000
          0.0503745353652860          -0.0053971018792484          -0.0869524496304429
         -0.0987019208401335           0.0375606429835252           0.1026842966296930
          0.0000000000000000           0.0000000000000000           0.0000000000000000
          0.0133168825294542          -0.0027455713857329          -0.0146167343940266
         -0.0229274587711300           0.0108774214272859           0.0191141535874271
          0.0000000000000000           0.0000000000000000           0.0000000000000000
          0.0172484053617494          -0.0008415380968199          -0.0379032993972054
         -0.0432399810389755           0.0171216329481465           0.0444539498545632
          0.0000000000000000           0.0000000000000000           0.0000000000000000
         -0.0104238078956407           0.0049722781823426          -0.2058370508261972
         -0.1450932322599862           0.0489976205720967           0.2162918165315940
          0.0000000000000000           0.0000000000000000           0.0000000000000000
       -833.3917303617515699          17.2350987012880417        -959.1624658118254274
       -184.5534409186887501          67.6792508044094063         968.9242227255923581
          0.0000000000000000           0.0000000000000000           0.0000000000000000
          0.0029810048156007           0.0000692978479313          -0.0042763765322407
         -0.0070027110437380           0.0034209496581031           0.0056763984026596
          0.0000000000000000           0.0000000000000000           0.0000000000000000
          0.0023710728083636           0.0007013489866686          -0.0107630172090855
         -0.0127645223299183           0.0055463023505282           0.0129103920915476
          0.0000000000000000           0.0000000000000000           0.0000000000000000
         -0.0172641426411917           0.0001669015020866          -0.0559741018496891
         -0.0409551144958043           0.0164728922977772           0.0611142692790441
          0.0000000000000000           0.0000000000000000           0.0000000000000000
       -288.2221626899569173         -32.8577002385119243        -240.0598241123710750
        -47.6885100715278440          18.8839687318443197         260.5611788487429976
          0.0000000000000000           0.0000000000000000           0.0000000000000000
         -0.0000577767088009           0.0002849122556783          -0.0002821654704368
         -0.0005840396035150           0.0003239951411361           0.0004598727900444
          0.0000000000000000           0.0000000000000000           0.0000000000000000
         -0.0005214154167540           0.0003822608920647          -0.0006782915181626
         -0.0010320562214796           0.0005489495066326           0.0010230803325677
          0.0000000000000000           0.0000000000000000           0.0000000000000000
         -0.0047769230406226          -0.0001472574829622          -0.0033341893424422
         -0.0031776720369478           0.0016918754621303           0.0047008204379571
          0.0000000000000000           0.0000000000000000           0.0000000000000000
        -34.8911413148388903         -12.2798344086406352         -12.8518594406446542
         -3.3134212469978150           1.4602787294341064          18.8768142094270388
          0.0000000000000000           0.0000000000000000           0.0000000000000000
   1
         -0.0481287309510306          -0.0058899202098347          -0.0723857280524058
          0.0000000000000000           0.0000000000000000           0.0000000000000000
         -0.0307391883030987           0.0106575132654299          -0.0002795957345774
          0.0000000000000000           0.0000000000000000           0.0000000000000000
         -0.0173974747162809           0.0204169359569029           0.0455475023063060
          0.0000000000000000           0.0000000000000000           0.0000000000000000
         -0.0003254076925719           0.0370539259572727           0.0743136138438858
          0.0000000000000000           0.0000000000000000           0.0000000000000000
          0.0225296067019338           0.0624780241385255           0.0771774851089277
          0.0000000000000000           0.0000000000000000           0.0000000000000000
          0.0373300180954146           0.0694948363524143           0.0568952493822290
          0.0000000000000000           0.0000000000000000           0.0000000000000000
          0.0193708308873745           0.0255030724965536           0.0186339399713557
          0.0000000000000000           0.0000000000000000           0.0000000000000000
          0.0010730187136052           0.0010751903188981           0.0009515956036178
          0.0000000000000000           0.0000000000000000           0.0000000000000000
          0.0470651947544156           0.2350338084736489           0.7657273286058668
          0.0109569533160149           0.1220657331991896          -0.0920150437464377
          0.0000000000000000           0.0000000000000000           0.0000000000000000
         -0.3099335682438017          -0.0910648564987178          -0.7006319636961296
         -0.3986350351738593           0.0958591847835714           0.4916230707482235
          0.0000000000000000           0.0000000000000000           0.0000000000000000
         -0.0397822563889192           0.3269578015092198           1.0270619706279325
          0.1911056898898958           0.1778977925627333          -0.0151407045220103
          0.0000000000000000           0.0000000000000000           0.0000000000000000
         -0.7537797823853588          -0.3252395284355099          -1.9056566139760640
         -0.6280782870898537           0.1254846957314965           1.1521355244673124
          0.0000000000000000           0.0000000000000000           0.0000000000000000
          0.1036698816007297           0.2372232258760458           0.6583459280995189
         -0.0156521600964973           0.1124129401391496          -0.0579446126562315
          0.0000000000000000           0.0000000000000000           0.0000000000000000
         -0.2570593558336751          -0.0807516951809552          -0.4970380214350205
         -0.3328240526669116           0.0826629048826262           0.5271753547704933
          0.0000000000000000           0.0000000000000000           0.0000000000000000
          0.0664793240540052           0.3201224014498809           0.8731590490416054
          0.1247712177378715           0.1677420401699778          -0.0229833484016037
          0.0000000000000000           0.0000000000000000           0.0000000000000000
         -0.6549791508148035          -0.3158274406641210          -1.4376088500274695
         -0.5095725674029576           0.1082419696569306           1.1472565864518456
          0.0000000000000000           0.0000000000000000           0.0000000000000000
         -0.2062779654285029          -0.0770757924265224          -0.3083213018454791
         -0.2368799796148064           0.0626936811749305           0.5180091896837099
          0.0000000000000000           0.0000000000000000           0.0000000000000000
         -0.5373853422688408          -0.3110062899525713          -0.9415566831394375
         -0.3498114115211792           0.0781791493673351           1.0481777723947601
          0.0000000000000000           0.0000000000000000           0.0000000000000000
         -0.1646189147176217          -0.0719022871743772          -0.1977042607840607
         -0.1388116313011717           0.0410405645554641           0.4376548793619281
          0.0000000000000000           0.0000000000000000           0.0000000000000000
         -0.4153641926939882          -0.2805193489555919          -0.5825085412669213
         -0.1981639547576679           0.0444434643659866           0.8370329308260459
          0.0000000000000000           0.0000000000000000           0.0000000000000000
         -1.5906159204827446          -1.3764249332590128          -2.1680664428173859
         -0.5051853946288024           0.0752873541684947           2.6610033620036666
          0.0000000000000000           0.0000000000000000           0.0000000000000000
      -1452.3173045885869215       -1007.1378747932376427        -720.0615640072254564
       -840.2218418125872859         134.3152687129524168        1419.3716497478847032
          0.0000000000000000           0.0000000000000000           0.0000000000000000
         -0.1176037387449581          -0.0564740120918742          -0.1335702763543049
         -0.0569859137631839           0.0219126778543824           0.3005723463382745
          0.0000000000000000           0.0000000000000000           0.0000000000000000
         -0.2765664593149953          -0.2056246084605524          -0.3385045598720797
         -0.0785673686385643           0.0173666396700357           0.5482831653813858
          0.0000000000000000           0.0000000000000000           0.0000000000000000
         -1.0063819046947340          -0.9852088268532003          -1.1564958821500924
         -0.1937173304454665          -0.0114730992404486           1.6557712082766469
          0.0000000000000000           0.0000000000000000           0.0000000000000000
      -1024.6424950872062709        -943.7707450166927856         -44.1970261160015738
       -283.9447596552641357          46.9307717583025408         726.7826701467527073
          0.0000000000000000           0.0000000000000000           0.0000000000000000
         -0.0493596396173724          -0.0267564985961620          -0.0666970268252933
         -0.0029643811787379           0.0073269986862550           0.1165926676845137
          0.0000000000000000           0.0000000000000000           0.0000000000000000
         -0.1041421631457018          -0.0837138839409797          -0.1343804156811428
         -0.0031740801503535           0.0033336032188005           0.2012162097402854
          0.0000000000000000           0.0000000000000000           0.0000000000000000
         -0.3488556063790413          -0.3787530355921722          -0.3991022908033933
         -0.0111413427116822          -0.0246580227660040           0.5673798706433724
          0.0000000000000000           0.0000000000000000           0.0000000000000000
       -361.4951253483001778        -381.1015420102137341          43.8296059227766008
        -33.0751763419200913          -8.8466732671747010         194.9990011889465507
          0.0000000000000000           0.0000000000000000           0.0000000000000000
   2
          0.0153198551505604          -0.0591406591858372           0.0152036113759936
          0.0000000000000000           0.0000000000000000           0.0000000000000000
          0.0341761516218628          -0.0398159245379024          -0.0238298511160890
          0.0000000000000000           0.0000000000000000           0.0000000000000000
          0.0210222736511453          -0.0043041650175138          -0.0468239514803105
          0.0000000000000000           0.0000000000000000           0.0000000000000000
         -0.0107546622395605           0.0335858268596437          -0.0575991644919893
          0.0000000000000000           0.0000000000000000           0.0000000000000000
         -0.0395063544319920           0.0513823295372805          -0.0483038013649396
          0.0000000000000000           0.0000000000000000           0.0000000000000000
         -0.0346114668557796           0.0361472838836119          -0.0238017540413975
          0.0000000000000000           0.0000000000000000           0.0000000000000000
         -0.0054890682370760           0.0053471458925721          -0.0020052021069299
          0.0000000000000000           0.0000000000000000           0.0000000000000000
         -0.0000482060847551           0.0000462491765910          -0.0000018668859227
          0.0000000000000000           0.0000000000000000           0.0000000000000000
         -0.0602229631832097           0.1560567284652333          -0.2969014078325711
          0.0340897328769425           0.0897415246693255          -0.1933188378858991
          0.0000000000000000           0.0000000000000000           0.0000000000000000
          0.7342159154728415          -0.7626264416736639          -0.4811763729591254
         -0.1924010265690427          -0.0499037307474809           0.3349252083086027
          0.0000000000000000           0.0000000000000000           0.0000000000000000
         -0.3654009651155715           0.4067549183055695          -0.4289352285417463
          0.0645189543281794           0.0892955994881386          -0.2499305859103648
          0.0000000000000000           0.0000000000000000           0.0000000000000000
          1.2234767921965342          -1.4306114219722283          -0.7974851587948497
         -0.3884625645637911          -0.1899949113454742           0.8065575064786388
          0.0000000000000000           0.0000000000000000           0.0000000000000000
         -0.0757253021979517           0.1755884637000456          -0.2449227704347111
         -0.0001687858848821           0.0784684488972610          -0.1369114881460008
          0.0000000000000000           0.0000000000000000           0.0000000000000000
          0.5897014494267057          -0.5157844266818526          -0.5327455530674025
         -0.1727788167443633          -0.0145880161508437           0.2951286033153503
          0.0000000000000000           0.0000000000000000           0.0000000000000000
         -0.3146714080964279           0.3465748777365506          -0.3039867385797495
          0.0282396367924248           0.0733491671498292          -0.1770275782635574
          0.0000000000000000           0.0000000000000000           0.0000000000000000
          1.0161820951528866          -1.0361709030272435          -0.8796323038451398
         -0.3169804249265378          -0.1127637629463802           0.6870526046591446
          0.0000000000000000           0.0000000000000000           0.0000000000000000
          0.3632753761383407          -0.2310667188418383          -0.5338028667182521
         -0.1455179240532731           0.0274075384846616           0.2364385367574567
          0.0000000000000000           0.0000000000000000           0.0000000000000000
          0.6647538833167014          -0.5538239702887743          -0.8752088769087137
         -0.2381047577939245          -0.0177432255035249           0.5210635267260770
          0.0000000000000000           0.0000000000000000           0.0000000000000000
          0.1480227979519186          -0.0393458121287918          -0.4574151458478053
         -0.1128587066266910           0.0513861317524794           0.1719577184128100
          0.0000000000000000           0.0000000000000000           0.0000000000000000
          0.3070217450562077          -0.1964462280196885          -0.7432960778870221
         -0.1704289232082331           0.0455262733983741           0.3547741496248126
          0.0000000000000000           0.0000000000000000           0.0000000000000000
          0.9386599657219217          -1.1578336387207029          -1.9086697844755920
         -0.3796025459844622          -0.0631650605907204           1.3920946464018420
          0.0000000000000000           0.0000000000000000           0.0000000000000000
      -1136.2743527980637737       -2618.8474749590759529       -1650.9697569774477870
         69.4490820231056745        -522.7276092549636815        2671.7457343170217428
          0.0000000000000000           0.0000000000000000           0.0000000000000000
          0.0085110913862581           0.0349102486301791          -0.3208765013430198
         -0.0735648532347071           0.0484676038350500           0.1068395417925790
          0.0000000000000000           0.0000000000000000           0.0000000000000000
          0.0550388732033452          -0.0199190431762440          -0.5162123380648188
         -0.1070240471197792           0.0594279604162447           0.2053291064001632
          0.0000000000000000           0.0000000000000000           0.0000000000000000
          0.2555444558846715          -0.4109520616757762          -1.2747101979678777
         -0.2210181111965027           0.0622187057056893           0.7232296170286334
          0.0000000000000000           0.0000000000000000           0.0000000000000000
       -199.5024912539661273       -1237.7984153039515149        -468.1499977920669266
         45.9826355855785920        -201.1715510252195998         961.8142846854735808
          0.0000000000000000           0.0000000000000000           0.0000000000000000
         -0.0310851314918512           0.0210433596902336          -0.1287471275238617
         -0.0256012448574161           0.0203882786665565           0.0375628354201136
          0.0000000000000000           0.0000000000000000           0.0000000000000000
         -0.0401902226724143           0.0123309719070481          -0.2045530154320668
         -0.0370572172109543           0.0278954272879235           0.0665803867983124
          0.0000000000000000           0.0000000000000000           0.0000000000000000
         -0.0746027957982208          -0.0670671721319444          -0.4952748976095893
         -0.0763168402109449           0.0482041802925558           0.2052042525733198
          0.0000000000000000           0.0000000000000000           0.0000000000000000
          0.5307151301996813        -257.0171182536855667         -62.8647333555081360
          6.5369620365906886         -28.1046505059642939         150.5603894814917965
          0.0000000000000000           0.0000000000000000           0.0000000000000000
   3
         -0.0602257008179595          -0.0174864461553257           0.0164416258405546
          0.0000000000000000           0.0000000000000000           0.0000000000000000
          0.0087922731123660          -0.0318005946339386          -0.0149908484891706
          0.0000000000000000           0.0000000000000000           0.0000000000000000
          0.0848741055537146          -0.0199698057337507          -0.0568834362717225
          0.0000000000000000           0.0000000000000000           0.0000000000000000
          0.1658336899448438           0.0049004159844546          -0.1043088522925551
          0.0000000000000000           0.0000000000000000           0.0000000000000000
          0.2154216953595072           0.0274622616078101          -0.1326710892180274
          0.0000000000000000           0.0000000000000000           0.0000000000000000
          0.1855779083660937           0.0292062253175641          -0.1117779394396850
          0.0000000000000000           0.0000000000000000           0.0000000000000000
          0.0617647895214758           0.0100219390243756          -0.0364237312099390
          0.0000000000000000           0.0000000000000000           0.0000000000000000
          0.0034890211820087           0.0005654059203558          -0.0020523214980601
          0.0000000000000000           0.0000000000000000           0.0000000000000000
          1.2804777031804415          -0.0964225929889900          -0.6868161804414648
          0.2924173494049314           0.0980402124547092          -0.2704645533670575
          0.0000000000000000           0.0000000000000000           0.0000000000000000
         -0.5547667215997201          -0.5494597981337782          -0.0414868318292280
         -0.3719939835860200          -0.0377520231647190           0.4425210851231012
          0.0000000000000000           0.0000000000000000           0.0000000000000000
          1.7799288825892530          -0.0201362307605107          -1.2213174626228718
          0.6465514396750710           0.2978953461102016          -0.3421108263282149
          0.0000000000000000           0.0000000000000000           0.0000000000000000
         -1.8905599669710744          -0.9262106410500947           0.0693412346016028
         -0.6822712263068319           0.0263108748713451           1.0838604506521019
          0.0000000000000000           0.0000000000000000           0.0000000000000000
          1.1799299060926487          -0.0424640214151587          -0.6180474366511564
          0.2460642200827119           0.0718689335975218          -0.2268614928357720
          0.0000000000000000           0.0000000000000000           0.0000000000000000
         -0.2842738478233783          -0.4140949880818002          -0.1707896012589025
         -0.2632844281563380          -0.0394171794920459           0.3683310768419801
          0.0000000000000000           0.0000000000000000           0.0000000000000000
          1.5736452914371768           0.0069721924516844          -1.0129766825955784
          0.5210553778424974           0.2302068746789543          -0.2891954434572107
          0.0000000000000000           0.0000000000000000           0.0000000000000000
         -1.3547622163948807          -0.7362897408816027          -0.1184610118110720
         -0.4976419186356025           0.0076346484998188           0.9011896958982939
          0.0000000000000000           0.0000000000000000           0.0000000000000000
          0.0042364044011435          -0.2158518371289770          -0.2879308818672541
         -0.1351305600324628          -0.0356766076010296           0.2551469102696456
          0.0000000000000000           0.0000000000000000           0.0000000000000000
         -0.7029235579451526          -0.4307445586065212          -0.3002676824565101
         -0.2779629210619655          -0.0060113762041781           0.6316615847660547
          0.0000000000000000           0.0000000000000000           0.0000000000000000
          0.1756441215178982          -0.0452648945992813          -0.3144709526996092
         -0.0416841286988653          -0.0269185541240610           0.1425104389933513
          0.0000000000000000           0.0000000000000000           0.0000000000000000
         -0.1981660905327324          -0.1452382862691911          -0.3629462297148940
         -0.1122672871465095          -0.0099709360802946           0.3654636201312333
          0.0000000000000000           0.0000000000000000           0.0000000000000000
         -2.2062388211941970          -0.9753237285219997          -0.6963011921282700
         -0.2973591603092831           0.2131157200926791           1.6674679350445714
          0.0000000000000000           0.0000000000000000           0.0000000000000000
      -5940.3524033448957198       -5275.8109940497251955       -2895.7828190363220529
        798.5119712193586565         -69.1212987416971174        4609.1142492735571068
          0.0000000000000000           0.0000000000000000           0.0000000000000000
          0.2090465081647686           0.0458419629760717          -0.2467789304360465
          0.0041412869087102          -0.0161650541553748           0.0567809957218566
          0.0000000000000000           0.0000000000000000           0.0000000000000000
          0.0764189185177562           0.0270004228587725          -0.2966995094693086
         -0.0215575990893015          -0.0081003084912863           0.1578049132112961
          0.0000000000000000           0.0000000000000000           0.0000000000000000
         -0.6935420015245615          -0.2589418112986431          -0.4978888819836854
         -0.0753586716164910           0.0846114778144753           0.7309485946336651
          0.0000000000000000           0.0000000000000000           0.0000000000000000
      -2603.4001936070594638       -2390.5377301917606019       -1035.2796510855737324
        367.1621749623686810         -52.4843474558370531        1825.6194880620951153
          0.0000000000000000           0.0000000000000000           0.0000000000000000
          0.1146501003747148           0.0453137670112928          -0.1015112726872805
          0.0093508159614387          -0.0050716574792570           0.0068553249450095
          0.0000000000000000           0.0000000000000000           0.0000000000000000
          0.1135622727911573           0.0573655199576231          -0.1243505659033695
          0.0057818444788168          -0.0032980006342221           0.0261785947339948
          0.0000000000000000           0.0000000000000000           0.0000000000000000
          0.0559466008254572           0.0584494589451778          -0.1890864465230621
          0.0021297714097057           0.0136787206604217           0.1314658696135480
          0.0000000000000000           0.0000000000000000           0.0000000000000000
       -492.3636934199539041        -455.2933779288822507        -126.9180331803749340
         69.7311607630381900         -10.4763818232553785         286.4276016715904802
          0.0000000000000000           0.0000000000000000           0.0000000000000000
   5
          0.0107446509575526           0.0485920756894805           0.0562009743704771
          0.0000000000000000           0.0000000000000000           0.0000000000000000
          0.0557442415587838          -0.0123389053466789          -0.0382265887150026
          0.0000000000000000           0.0000000000000000           0.0000000000000000
          0.0711315989579151          -0.0559144313629513          -0.1156680621712894
          0.0000000000000000           0.0000000000000000           0.0000000000000000
          0.0599560022314507          -0.0948895206996645          -0.1770291351170721
          0.0000000000000000           0.0000000000000000           0.0000000000000000
          0.0203839858467470          -0.1190544431764594          -0.1895371997721451
          0.0000000000000000           0.0000000000000000           0.0000000000000000
         -0.0158350216895186          -0.1047393676070156          -0.1351762469333680
          0.0000000000000000           0.0000000000000000           0.0000000000000000
         -0.0121823402281064          -0.0335418792375990          -0.0334291402672573
          0.0000000000000000           0.0000000000000000           0.0000000000000000
         -0.0005519982105275          -0.0013771138726396          -0.0012417556088220
          0.0000000000000000           0.0000000000000000           0.0000000000000000
          0.5308105433292866          -0.8089686543729615          -1.2078475763153351
          0.1221068924949945          -0.0729423156030381          -0.3549171111668953
          0.0000000000000000           0.0000000000000000           0.0000000000000000
          0.6951287831859591           0.2294943799595531          -0.1608891990053740
         -0.1593252785108545           0.0570828401696966           0.3457526371061218
          0.0000000000000000           0.0000000000000000           0.0000000000000000
          0.4733149251858240          -1.1034326714933893          -1.8716835534723648
          0.1216291113959313          -0.0977562479845998          -0.3931125751973715
          0.0000000000000000           0.0000000000000000           0.0000000000000000
          0.8019514048991683           0.9734933971716422           0.2222332011475589
         -0.4412352306157666           0.1622940635608700           1.0082269213486628
          0.0000000000000000           0.0000000000000000           0.0000000000000000
          0.4267154390946700          -0.7173513497658039          -1.0525644917885622
          0.0767367717794010          -0.0820774385838663          -0.2905092318151309
          0.0000000000000000           0.0000000000000000           0.0000000000000000
          0.6533718975157136           0.0844822114466995          -0.4506318768390037
         -0.1107684776788135          -0.0006237949971786           0.2683033050446466
          0.0000000000000000           0.0000000000000000           0.0000000000000000
          0.3610508544321997          -0.9518485170755846          -1.5028532861723305
          0.0668551895006923          -0.1002992545590439          -0.3185812748053181
          0.0000000000000000           0.0000000000000000           0.0000000000000000
          0.8143637712742848           0.6518186053494212          -0.2989880562732165
         -0.3081553094157370           0.0626080326143318           0.7990437989142374
          0.0000000000000000           0.0000000000000000           0.0000000000000000
          0.5191676697928979          -0.0511996297616774          -0.6793931216957434
         -0.0556073104658970          -0.0451209267631084           0.1743407596806374
          0.0000000000000000           0.0000000000000000           0.0000000000000000
          0.7007989345468615           0.3082186368602342          -0.7550134273090896
         -0.1599551526824095          -0.0207910380972361           0.5347252665850220
          0.0000000000000000           0.0000000000000000           0.0000000000000000
          0.3257621594967980          -0.1208878134871207          -0.6983191193511562
         -0.0160730180854386          -0.0529747065399680           0.0969824262529579
          0.0000000000000000           0.0000000000000000           0.0000000000000000
          0.4739323245350748           0.0677159947126159          -0.8840724604008128
         -0.0557748551721891          -0.0486894733243463           0.3054207332706126
          0.0000000000000000           0.0000000000000000           0.0000000000000000
          1.2521072492942471           0.9734837132959063          -1.4464866540621906
         -0.3798752579336560          -0.1002417362861040           1.4785992446435288
          0.0000000000000000           0.0000000000000000           0.0000000000000000
        570.9747462085613279         537.7094896009160720         287.3870315299078015
       -805.4866583176924451       -1021.4426559573948907        3256.5724984065882381
          0.0000000000000000           0.0000000000000000           0.0000000000000000
          0.1381439198220291          -0.1276869285056512          -0.5288536477879419
          0.0034557470955767          -0.0355810882509188           0.0430641043493411
          0.0000000000000000           0.0000000000000000           0.0000000000000000
          0.2216691359685761          -0.0588902962504363          -0.7067089936590096
         -0.0033821190297982          -0.0370248932142016           0.1376909340893397
          0.0000000000000000           0.0000000000000000           0.0000000000000000
          0.6855434865413702           0.2705102570228002          -1.2900340297055237
         -0.0949118590379427          -0.0759761745040464           0.6646635779356753
          0.0000000000000000           0.0000000000000000           0.0000000000000000
        591.7520680344694028         151.1607303464248275          63.4865195602677304
       -288.6243985541701704        -452.1455276099743514        1295.8334639449337828
          0.0000000000000000           0.0000000000000000           0.0000000000000000
          0.0041392733766701          -0.0740433741227238          -0.2165863921173710
          0.0051422921178848          -0.0097139902716428           0.0086706653538695
          0.0000000000000000           0.0000000000000000           0.0000000000000000
          0.0183843898013894          -0.0743597348205313          -0.2972234465995574
          0.0073197354454945          -0.0104787934505335           0.0276748375946624
          0.0000000000000000           0.0000000000000000           0.0000000000000000
          0.1205041174967205          -0.0674220630589247          -0.5664105009927400
          0.0063842625363180          -0.0197763356775328           0.1311805203475179
          0.0000000000000000           0.0000000000000000           0.0000000000000000
        204.9086378580537939         -11.6902627592510928          -8.5275976225708519
        -35.8019273262721995         -76.4690867787000741         210.0974655868473633
          0.0000000000000000           0.0000000000000000           0.0000000000000000
   6
          0.0040532042181669           0.0561741137605566          -0.0242583506311065
          0.0000000000000000           0.0000000000000000           0.0000000000000000
         -0.0569307764160424           0.0429301151911032           0.0457765010283658
          0.0000000000000000           0.0000000000000000           0.0000000000000000
         -0.0802076834933598           0.0296477824394292           0.1009129988585879
          0.0000000000000000           0.0000000000000000           0.0000000000000000
         -0.0777723505284266           0.0177170832889732           0.1487952925735073
          0.0000000000000000           0.0000000000000000           0.0000000000000000
         -0.0505368257854731           0.0085023048333901           0.1668529571637160
          0.0000000000000000           0.0000000000000000           0.0000000000000000
         -0.0192527484629531           0.0001915238215409           0.1266229322676043
          0.0000000000000000           0.0000000000000000           0.0000000000000000
         -0.0009367851387520          -0.0026169779676788           0.0299070355962249
          0.0000000000000000           0.0000000000000000           0.0000000000000000
          0.0000140057102159          -0.0001056133540156           0.0007452399207525
          0.0000000000000000           0.0000000000000000           0.0000000000000000
         -0.5891760737504798           0.1501028884644683           1.2486311456386396
          0.0073253289953820           0.0089908205566201           0.0048947200606246
          0.0000000000000000           0.0000000000000000           0.0000000000000000
         -0.7768824275661264           0.5592811751175103           0.0854539429220370
         -0.1931360240973175           0.1417664102920217           0.1312164661601618
          0.0000000000000000           0.0000000000000000           0.0000000000000000
         -0.7164871742216091           0.1035598650688305           1.7166366468622891
          0.0114614348268123          -0.0141910975647150           0.0210183233627748
          0.0000000000000000           0.0000000000000000           0.0000000000000000
         -1.0918998818529058           0.9219164383749228          -0.6097177585709157
         -0.3894612713585867           0.2513600819060879           0.2736618155618492
          0.0000000000000000           0.0000000000000000           0.0000000000000000
         -0.4584137691535627           0.1084257355933474           1.1002636599425613
          0.0004068725394831           0.0080709060029936           0.0056379807255907
          0.0000000000000000           0.0000000000000000           0.0000000000000000
         -0.8330214530996176           0.4201041153143018           0.2927493367629520
         -0.1518943705646238           0.1026494100720701           0.1021887409267038
          0.0000000000000000           0.0000000000000000           0.0000000000000000
         -0.5175192314427172           0.0669963150166856           1.4383430585307448
          0.0060591919772634          -0.0070395041655926           0.0147601999807941
          0.0000000000000000           0.0000000000000000           0.0000000000000000
         -1.2667345993348311           0.6903530744585985          -0.1766855878284753
         -0.2985432942309503           0.1821175039725604           0.2078617203830203
          0.0000000000000000           0.0000000000000000           0.0000000000000000
         -0.7767777465480521           0.2546428717518238           0.4631453146934479
         -0.0939985576511412           0.0581545275468690           0.0622316790495210
          0.0000000000000000           0.0000000000000000           0.0000000000000000
         -1.2508813002113977           0.4095894325870591           0.2542680274398453
         -0.1796981298592746           0.1035182418349211           0.1232741131083989
          0.0000000000000000           0.0000000000000000           0.0000000000000000
         -0.5899078336191498           0.1246602432402652           0.4988997830667219
         -0.0443117818876619           0.0258368879235343           0.0287381093622597
          0.0000000000000000           0.0000000000000000           0.0000000000000000
         -0.9811679170932510           0.1887681716791751           0.4828922125888363
         -0.0828910396413062           0.0463091290485650           0.0558046144234026
          0.0000000000000000           0.0000000000000000           0.0000000000000000
         -2.8835485890939645           0.4134787789604726           0.1066908612624454
         -0.2861207293097738           0.1519671602769315           0.2219712476310567
          0.0000000000000000           0.0000000000000000           0.0000000000000000
       -814.7485998356656864       -1508.1819994291763578       -1730.6638321781508694
       -462.5940349174214248         285.0749299564747616         797.1666618514126412
          0.0000000000000000           0.0000000000000000           0.0000000000000000
         -0.3427709163947131           0.0428152540298122           0.4057144208780990
         -0.0138961758331070           0.0079544419995513           0.0088018377514572
          0.0000000000000000           0.0000000000000000           0.0000000000000000
         -0.5808419224024178           0.0551756852688493           0.4869246734902703
         -0.0255898885260563           0.0144098591089916           0.0168638407677352
          0.0000000000000000           0.0000000000000000           0.0000000000000000
         -1.7379945105552170           0.0508074094878153           0.6828193292845393
         -0.0864540793124269           0.0486989484054329           0.0649759711770889
          0.0000000000000000           0.0000000000000000           0.0000000000000000
      -1040.8181797228317009        -848.6067873096111498        -439.0073036379855012
       -137.2905860452289630          96.4320016255559409         211.5098009568767452
          0.0000000000000000           0.0000000000000000           0.0000000000000000
         -0.0961459990649515           0.0018778050806738           0.1889244195381997
         -0.0011910886505062           0.0007239973415617           0.0007389512162604
          0.0000000000000000           0.0000000000000000           0.0000000000000000
         -0.1651914122839186          -0.0025925977182805           0.2622769777235090
         -0.0021707569018219           0.0013338339222275           0.0014042213366576
          0.0000000000000000           0.0000000000000000           0.0000000000000000
         -0.5013622150471901          -0.0465631294106565           0.5327380768882960
         -0.0072451248217449           0.0046465852483145           0.0052530191916218
          0.0000000000000000           0.0000000000000000           0.0000000000000000
       -424.5550353509235038        -259.6616092687332866          41.1617909955653403
        -11.6348944220074735           9.4597873857988137          15.0518174053364291
          0.0000000000000000           0.0000000000000000           0.0000000000000000
