1  82   7   1   7   -24.535770   0.000000
  0 
./DATA/2947/114/M023/
0
         11.2390607286135982
          2.0586417315054448
          7.7986768785154235
          1.4099400438430301
          5.4245108613775974
          0.9686742112064380
          3.3490008670230380
          0.5916820444021990
          1.6580409501303766
          0.2938611460229332
          0.6085246720046206
          0.1117355066974209
          0.0631363449446509
          0.0128297509960571
          0.0010660367764872
          0.0002176729940670
         14.9276879181096103
          5.8299299448178772
          0.2715993491181098
         40.2658026055519471
         17.1355262605547232
          0.3037060712175393
         12.4388478098947886
          4.7110315975774419
          0.3002925520911943
         63.1150771847795085
         27.3222242290512050
          0.3645059962900535
         10.7843294060496486
          4.2444049226225014
          0.1746794620838757
         29.3154790670733831
         12.4962934149478766
          0.1846101102344568
          8.8556161687335813
          3.3873752755900925
          0.1977048013162920
         45.9179154907810698
         19.8911522602408439
          0.2175660976174543
         17.4064741195186450
          7.4307897343550247
          0.0793957219571757
         27.2202648039547128
         11.7868454337804316
          0.0905282998575591
          8.7867336660188631
          3.7510109878874620
          0.0250843219715068
         13.7043629736427253
          5.9168021604717431
          0.0272245684440817
         36.0351933414190952
         15.8631889059247548
          0.0425283221077633
      27813.4020789412097656
      14071.0176731885476329
          3.1403382415723353
          3.5526495597610697
          1.5124712924699597
          0.0051034322960012
          5.5207959133664835
          2.3661061812772242
          0.0051364563292109
         14.2219281014580865
          6.1835481116155169
          0.0073883626030394
       9226.1313091311567405
       4697.3872616601329355
          0.4656746111052241
          0.6819468882844882
          0.2862281769024279
          0.0002475074376408
          1.0546521439818277
          0.4413631176072431
          0.0002125583018559
          2.6340762282714740
          1.1042543395486404
          0.0002526726655281
       1232.1647160094191804
        615.3181791797112510
          0.0114014740315733
0
         11.2614267071356000
          2.0580984623922709
          7.8029401171906256
          1.4093887534658209
          5.4296593410977367
          0.9675701169554003
          3.3650528486710569
          0.5884629927287153
          1.6815522619470518
          0.2873139493065706
          0.6228543889785576
          0.1044933448877533
          0.0636109002722232
          0.0104332889320195
          0.0009658919531013
          0.0001347754734899
         15.0532006753559831
          5.8236229668267532
          0.2721640601775646
         40.1903263691346240
         17.1481404019025980
          0.3023344462262416
         12.6501027139422781
          4.6799185756228496
          0.3020337951539914
         62.9243541014994747
         27.3289534457745376
          0.3623745672513453
         10.9022070197446705
          4.2371566259055582
          0.1754080732035360
         29.2350687049961770
         12.5005271506981828
          0.1837305094350256
          9.0356321567126319
          3.3614808271425769
          0.1993989730100625
         45.7013555272155472
         19.8882218767278438
          0.2160438454730418
         17.3529447181847907
          7.4304811643013338
          0.0790022397157470
         27.0455466790087407
         11.7831984724075589
          0.0896951985326415
          8.7747964617038878
          3.7514007885541334
          0.0249693873788397
         13.6175120591208998
          5.9205231381630012
          0.0268804532462869
         35.6288564896681876
         15.9474118539082443
          0.0418799375343439
      28883.5663847836294735
      13998.2029786770108331
          3.3164406135623619
          3.5660813569385339
          1.5150241033583518
          0.0050921818542268
          5.5056923219861593
          2.3763606366587209
          0.0050474535358861
         14.0817253940444704
          6.2611577623503880
          0.0071670053379631
       9518.7885589809902740
       4647.9553919689788017
          0.5016258490144738
          0.6904972541952200
          0.2889073960395344
          0.0002501310601134
          1.0604447072348380
          0.4497804015214099
          0.0002085095706365
          2.6299651248255196
          1.1480646421443559
          0.0002354595711375
       1265.5120106132478668
        619.2609198935937229
          0.0125784148763906
0
         11.2627022625623070
          2.0862989253229594
          7.7518890043708701
          1.4776895905094523
          5.3590465389966582
          1.0426771093558613
          3.3000848133737661
          0.6485542803745402
          1.6511653966592392
          0.3169595374927020
          0.6286052286172917
          0.1104202394398380
          0.0720138590672620
          0.0096511043049574
          0.0013494427666122
          0.0001039231799890
         14.5631302431685032
          6.2137059502947478
          0.3583646037835951
         39.6590566656054975
         17.9475836234524664
          0.3206231324541826
         12.1914756019127601
          4.9779786094950405
          0.4237206321978610
         62.3833284467867770
         28.4457339558105033
          0.3482376895390358
         10.5184887025109095
          4.5379755807052851
          0.2365505512618201
         28.6756064659482028
         13.2199489533849270
          0.2031531934598517
          8.7094219495797596
          3.5738889142181685
          0.2831347561938782
         45.0236574764543036
         20.9378356595774484
          0.2163400405899413
         16.8393223000861454
          7.9886623103616063
          0.0938779386956902
         26.3332225467273240
         12.6343713251389467
          0.0967497769045711
          8.3848981147349733
          4.1144349929835400
          0.0327492355702650
         13.0223871052215738
          6.4933631857956993
          0.0323576491887092
         34.2629797652553307
         17.3138786776972076
          0.0412763268511341
      30008.2236294377398735
      13670.6092980365119729
          1.9797923618623863
          3.3350558524819007
          1.6992316945961130
          0.0076112791380949
          5.1238412216014462
          2.6744481112305492
          0.0071469903462623
         13.0725739546455060
          7.0156503114377724
          0.0082645711014827
       9851.6022748241775844
       4666.9046888020175174
          0.3028517040872698
          0.6238532340746704
          0.3325961894019226
          0.0004576842995097
          0.9394919822520386
          0.5214968688423708
          0.0004014339407009
          2.2651155292057705
          1.3364231666764852
          0.0003968124546345
       1234.6378698554503899
        662.1427284321641764
          0.0079337449334958
0
         11.3028041247556654
          2.0505372490248583
          7.7310759170702017
          1.4872859414406157
          5.3050163569221560
          1.0856308292676233
          3.2341451171596156
          0.7161713637553224
          1.5990747596315267
          0.3891243079287970
          0.6024226958666445
          0.1610601071364585
          0.0678646604178283
          0.0209850193765066
          0.0011833430201712
          0.0004490105231195
         14.0749636136478067
          6.6766235174980473
          0.3917061701461587
         39.6013407194199090
         17.7627370490763390
          0.2884763362191281
         11.5555641262991831
          5.6555442556539930
          0.5223559933648617
         62.6083183378433645
         27.8277713188105835
          0.3158963255108007
         10.1150803281183510
          4.9515713037965146
          0.2633892082200221
         28.4761746734167716
         13.1746257789194008
          0.1828842884624350
          8.2229124257244948
          4.1464033025063713
          0.3572794481754285
         44.9451011163212755
         20.5925122527521509
          0.1962696086602543
         16.5592445326667672
          8.0688886775753925
          0.0845739089860958
         26.0347472517859089
         12.5603154617313688
          0.0876971296951675
          8.1352708696929241
          4.2425907004437402
          0.0295196578726096
         12.7023926125719520
          6.5672732927570285
          0.0292026411169090
         33.7217773117939501
         17.0778435619562217
          0.0400054317035444
      30721.3792640949322958
      13224.2177473391748208
          2.0960658932849996
          3.1801034605153768
          1.8066664775374714
          0.0068664426756176
          4.9111416605687017
          2.7772986311085233
          0.0063663428090646
         12.6534304315438266
          7.0453746733676716
          0.0080920880308099
       9931.9658612302810070
       4529.8079476894527033
          0.3300830586175627
          0.5789147708785845
          0.3752620562668970
          0.0004177286319694
          0.8766314262281050
          0.5714790259068884
          0.0003428684276137
          2.1385691715794084
          1.3979619280623883
          0.0003823349170297
       1212.4352818700117496
        639.0996191597313327
          0.0093538725862580
0
         11.2072027461081767
          2.0810648605882043
          7.7305968002925889
          1.4622764783176199
          5.3635469839162218
          1.0217503616714532
          3.3166913114942358
          0.6287373052191242
          1.6569678582174654
          0.3076169053997575
          0.6183280244183496
          0.1116546472845150
          0.0659901309156297
          0.0112774232165455
          0.0010719304328977
          0.0001509513510261
         14.6745358617257153
          6.0352878229403144
          0.3408781600688968
         39.3644652372948514
         17.7125841431419850
          0.3225143228067244
         12.2812178327293946
          4.8826032326267024
          0.3751087260851181
         61.6610765838677892
         28.2371958730300499
          0.3383810515607732
         10.6128156572549095
          4.3938964518711829
          0.2266345891993761
         28.5497120708619079
         13.0124748378914585
          0.2051338165949114
          8.7584318912986152
          3.4958162809157334
          0.2536853927687666
         44.6322247185125249
         20.7329730529562539
          0.2106838475598372
         16.8745520822630617
          7.8255700229311982
          0.0956545204448032
         26.2824320865084324
         12.4503575037117482
          0.0946326947321974
          8.4962382248384358
          4.0027672998657176
          0.0340353140706045
         13.1625969427479852
          6.3506027759839796
          0.0319337839944190
         34.3150836030071034
         17.0565456094624217
          0.0352550345669567
      27952.9839243568130769
      14054.7262437605222658
          0.8184564322147847
          3.4432214571644613
          1.6383064336760764
          0.0082919707855931
          5.2973731147608811
          2.5873105914747110
          0.0072283094001612
         13.4484820718983151
          6.8122417682642729
          0.0069616724006757
       9068.9678003730714408
       4829.6828940236191556
          0.1217648540158723
          0.6723396952471500
          0.3178110563661597
          0.0005901945705019
          1.0240586991475202
          0.4975648996401837
          0.0004562772080828
          2.4963896573264015
          1.2668309571095360
          0.0003314811896693
       1169.8794134325532923
        670.6596737751883666
          0.0032394867722512
0
         11.2008791405619679
          2.0440606812575268
          7.7203208081354227
          1.4875860198071238
          5.3439656411607963
          1.0889529593143752
          3.2912066935598245
          0.7229832287885395
          1.6383620075571397
          0.3992857816039003
          0.6138739028044390
          0.1688937720681919
          0.0667253322935275
          0.0214155724556110
          0.0010511322858704
          0.0003546073592050
         14.4610605028204056
          6.8207385547690871
          0.4145717765275818
         39.3454564550120836
         17.7720689877920535
          0.2681748737932770
         12.1464258058684855
          5.7673404613678443
          0.5554245308873456
         61.9152177102519730
         27.6700013274137504
          0.2626307254187360
         10.4249937816505316
          5.0868827268552295
          0.2852855625004536
         28.5162290214545067
         13.2074806935236193
          0.1708782735552598
          8.6411132960757069
          4.2547551144144933
          0.3904015493656587
         44.8235837756837725
         20.4959510477512907
          0.1615869714752713
         16.8303197573989820
          8.1019891304250589
          0.0802239897498543
         26.3918255357059550
         12.4969750144251606
          0.0711344141949052
          8.4567991099315289
          4.2549591265006743
          0.0290681513667329
         13.2104573828601435
          6.5060923391774210
          0.0233802935308210
         34.7592851239086258
         16.8044665066985708
          0.0252096364862264
      27382.7037706502887886
      15114.7709044917646679
          0.9017374038090166
          3.4196910742331577
          1.7993573884696132
          0.0074027075318614
          5.3128339543203111
          2.7195600746633657
          0.0051351051623650
         13.6515733448094974
          6.8073225725554485
          0.0046359743023862
       8950.3513588172263553
       5257.4556257697813635
          0.1171696562593250
          0.6659448872131563
          0.3653651052393427
          0.0006082150680478
          1.0259037593578324
          0.5426435280773823
          0.0003214940649760
          2.5412679190892709
          1.2890747325224401
          0.0001842872167815
       1176.0972046829090232
        722.3352783366976837
          0.0022214494269377
1
         12.3787019100912641
          0.9690949751857869
          8.7341668273836621
          0.4981390689316906
          6.1752555877711517
          0.2386474163987226
          3.8965912152684412
          0.0796896799566065
          1.9941616277546599
          0.0130464561377537
          0.7682576175141775
          0.0007548765271144
          0.0865921592816970
          0.0000007406982738
          0.0014109408808964
          0.0000000000010749
         20.2284210294929707
          1.1553909546370353
          0.0126191372864599
         51.2108535820405635
          6.5548356504409657
          0.0377089071347855
         17.4836230111181230
          0.5592178784903228
          0.0064377205088486
         79.4484881162131558
         11.3581072700981789
          0.0566172602054999
         14.8091020798174604
          0.7185971200596472
          0.0065665583499790
         37.7225171407433493
          4.2660781563624024
          0.0196223983774390
         12.6231446426391933
          0.3388462746771807
          0.0033499649304529
         58.4499747644910244
          7.4338083472826879
          0.0294616449853728
         22.8096729742367366
          2.0677493738939972
          0.0063625058763240
         35.2489501388696524
          3.6357327085707758
          0.0095528531089822
         11.7676795914185277
          0.7737982017171283
          0.0013147850204743
         18.1069878527063466
          1.3758401099791737
          0.0019740568283353
         46.8105151597120042
          4.4755248105666396
          0.0044760041271356
      37167.5948379937326536
       7351.2433199508859616
          0.7089572879083323
          4.8765781962852559
          0.2003528817857557
          0.0001382314816838
          7.4573450178560021
          0.3609448568142286
          0.0002075448047091
         18.8286984872971779
          1.1972467594324407
          0.0004705899997960
      12655.4210545940786687
       2063.0281541523208944
          0.0745370648676430
          0.9645657808047831
          0.0154387087789859
          0.0000015279579225
          1.4610954200014039
          0.0283217387475149
          0.0000022941208816
          3.5542069105400382
          0.0965036769739182
          0.0000052017218486
       1727.0548311071881926
        178.1385478906857429
          0.0008239042032835
   0    7 -0.558083  0.720383  0.153333 
          0.0815782009152757          -0.0921697326083767          -0.1261342412940873
         -0.0753634357663705           0.1009841121552140           0.1165177055281763
          0.0565964585259207           0.0255379397457452          -0.0229272198801972
         -0.0440865812618281          -0.0150947410696552           0.0236605953416382
          0.0447336915213470           0.0885756019537296           0.0559977058498649
         -0.0164637141470887          -0.0907544059109875          -0.0586738355456304
          0.0514554995277372           0.1237851598655603           0.1261792886917760
          0.0044435681732041          -0.1444969000067773          -0.1266995482954030
          0.0820974772654490           0.1243332304028803           0.1634349475058522
          0.0043241362311721          -0.1601084655043761          -0.1458303771784301
          0.1005977349322152           0.0908867801486115           0.1352357462454135
         -0.0120641437884809          -0.1239369236164633          -0.1024245533731625
          0.0432136502662255           0.0306150581927803           0.0396526606699377
         -0.0099597862120798          -0.0345865678958538          -0.0236478931132097
          0.0020665103775287           0.0024413794733985           0.0017704888684758
         -0.0004510221139140          -0.0012458451967452          -0.0007818598832068
          0.3335322739105175           0.8526158337145433           0.7694866771279991
          0.0983875766165416          -0.9258716340470358          -0.7667558211229006
         -0.0201324154957317          -0.0444739083542105          -0.0116501031315852
          0.6380250413649463           0.2536865463649114          -0.5474706994095292
         -0.5659424014273483          -0.0415663231920866           0.4954242693002644
         -0.0500096892038238           0.0456539699903415           0.0781863532191155
          0.4566133738717518           1.0630647404021401           1.0540852979486282
          0.1316752443024603          -1.1600100970017850          -0.9632151654400462
          0.0261976277367098          -0.0976832084695845          -0.0992757241954619
          1.0655989087806166          -0.1347938342971174          -1.5798294551264265
         -1.1969847117853203           0.6086005247081134           1.5611450154062845
         -0.0335569196794744           0.0825725482195195           0.0803971885059394
          0.2849962812155332           0.7542610182308163           0.7357968732382120
          0.1125448381922895          -0.8468596127299193          -0.7189668166607551
         -0.0093720983980142          -0.0354233167986556          -0.0147961031184093
          0.4633610419069110           0.4779188046830328          -0.1593583128541657
         -0.3615017627673294          -0.3380918716925359           0.0845089490452514
         -0.0350615303953861           0.0211750259068919           0.0504295654305239
          0.3974471441129471           0.8916625901096513           0.9195573638791608
          0.1227065025262656          -1.0012954675890935          -0.8207580518395516
          0.0255014773135039          -0.0703980096930011          -0.0764988962034962
          0.7541766654957042           0.3389781630140785          -0.8707530083055922
         -0.8253866993929722           0.0162400144856719           0.7861934795724621
         -0.0258773866812399           0.0427986757180938           0.0539524408943703
          0.2912274263089731           0.5884534740843497           0.2000328006959068
         -0.1405486421179589          -0.5533561933302438          -0.2979269207339940
         -0.0183509017068247           0.0037238779927587           0.0232218880191667
          0.4371160860423599           0.6512440463608256          -0.1620422260143837
         -0.4032169095547184          -0.4805249166462654          -0.0003249341505132
         -0.0151951632551291           0.0122721471280169           0.0263527925927975
          0.1865586527862813           0.5109499904313974           0.3622527712588075
          0.0018147282946039          -0.5569999276083688          -0.4484519639665882
         -0.0070284004211772          -0.0014096362329309           0.0076200576596854
          0.2404788078106255           0.6409387866767350           0.2455314435674854
         -0.1036286554808526          -0.6275998283131725          -0.4182997958821211
         -0.0065295289085653           0.0008985192877048           0.0093601837542074
          0.5897913386183904           1.2137439024645662          -0.6018589253206407
         -0.7645563988842570          -1.0369142482911358           0.1350539596074485
         -0.0021794892617877           0.0064511113206571           0.0070946829940409
        791.1649185425751512        1180.1984537701139288         446.9826780955751246
       -151.7715979803384698       -1679.3260720240141382         818.1851598997247947
          0.0558397228360894           0.6961086938055053          -2.4877466723806694
          0.1289697500780314           0.3230120564335131           0.3381641553159094
          0.0540553428739313          -0.3965330271512852          -0.3781460939350439
         -0.0016481342468941          -0.0010428937793581           0.0014795063274751
          0.1443064045165507           0.4271900602436108           0.3500993989949912
          0.0395258921169248          -0.4890847546485870          -0.4538048606176994
         -0.0017603082026422          -0.0006901371731519           0.0020828063565304
          0.2296854220446694           0.8677292310587080           0.1746388263465593
         -0.1388531498126479          -0.9348443951952271          -0.5565775007453666
         -0.0009282660547283          -0.0001387811489980           0.0018272294060184
        541.5483689638465421         747.9621775187647472          39.4583502326713784
       -374.0150441925403584       -1099.5840370612477273         272.6616566900487442
         -0.0148517076003108           0.1115382391669500          -0.3988581069066251
          0.0701816210909410           0.0986905526636677           0.1615518182577116
          0.0326399531554982          -0.1403987185280847          -0.1523234557404961
         -0.0000684077144141          -0.0001077465107204           0.0000409442606036
          0.0785995738218820           0.1349365261109638           0.2004686137564915
          0.0450264854202479          -0.1804266404831903          -0.2048489029987662
         -0.0001064263920811          -0.0000975746721973           0.0001016612572731
          0.0893662778355527           0.2790039556959099           0.2831414527531504
          0.0719376506842450          -0.3526444919302336          -0.3697992198399516
         -0.0000794151162966          -0.0001204666527770           0.0001045576879333
        126.4629933476849430         167.7912921929269316         -41.2513833379924719
       -126.3152211495122117        -288.1169774935365808          -3.8708758790536466
         -0.0011620617412156           0.0027270000404571          -0.0105609746689684
   2
          0.0971743215094169          -0.1273177102906408          -0.0734615030002694
          0.0000000000000000           0.0000000000000000           0.0000000000000000
          0.0553778890864697           0.0051424879614689          -0.0040432111625421
          0.0000000000000000           0.0000000000000000           0.0000000000000000
          0.0143289926367274           0.1032741970443920           0.0409093276026340
          0.0000000000000000           0.0000000000000000           0.0000000000000000
         -0.0174493832857195           0.1846767158629071           0.0721629480688624
          0.0000000000000000           0.0000000000000000           0.0000000000000000
         -0.0168901419393746           0.2236617045346179           0.0802000435087169
          0.0000000000000000           0.0000000000000000           0.0000000000000000
          0.0100888267163830           0.1897270506868430           0.0609448703667581
          0.0000000000000000           0.0000000000000000           0.0000000000000000
          0.0146382048790929           0.0656125037034743           0.0187358989060158
          0.0000000000000000           0.0000000000000000           0.0000000000000000
          0.0010561289256814           0.0037978128433348           0.0010453839563408
          0.0000000000000000           0.0000000000000000           0.0000000000000000
         -0.0398023184637649           1.1490356614931025           0.3052468543774449
         -0.1517982941076227           0.4742462339048973           0.3282805275189124
          0.0000000000000000           0.0000000000000000           0.0000000000000000
          0.9360656664854425          -0.1989676946284545           0.0026736205444915
          0.1706326199458076          -0.4663761457883928          -0.3335101995767660
          0.0000000000000000           0.0000000000000000           0.0000000000000000
         -0.1950153965384224           1.6289066075219283           0.5821345965580553
         -0.1780101635384152           0.6983857177310894           0.3675513264229335
          0.0000000000000000           0.0000000000000000           0.0000000000000000
          1.7567205733599838          -1.0671001047211801          -0.0230118711078533
          0.4668516645684458          -1.1828590416554909          -0.9560301277684231
          0.0000000000000000           0.0000000000000000           0.0000000000000000
         -0.0702412963028794           1.0705125545732403           0.3050208463560619
         -0.1233281217003644           0.3817831537362900           0.2515389394926086
          0.0000000000000000           0.0000000000000000           0.0000000000000000
          0.6323579920294855           0.1834697017039446           0.2196955915346676
          0.1245377730199799          -0.3511888153790823          -0.2963243538728865
          0.0000000000000000           0.0000000000000000           0.0000000000000000
         -0.1512628197307101           1.4074316094799908           0.4885779555900925
         -0.1490606708652968           0.5498657756499296           0.2943316011790220
          0.0000000000000000           0.0000000000000000           0.0000000000000000
          1.2539357569340128          -0.3666540962586000           0.3179274459473038
          0.3466711185753930          -0.9160781625808140          -0.8013949855519684
          0.0000000000000000           0.0000000000000000           0.0000000000000000
          0.3082174474372911           0.4905860366258679           0.3700009409993217
          0.0683344741438461          -0.2168525773827444          -0.2306338494931293
          0.0000000000000000           0.0000000000000000           0.0000000000000000
          0.6836799800160687           0.2665992701789800           0.5542928210894571
          0.1954620596183826          -0.5955701523208167          -0.5788760433029876
          0.0000000000000000           0.0000000000000000           0.0000000000000000
          0.0995705229411261           0.5605560961759269           0.3691874999876510
          0.0256289898965789          -0.1130442365928958          -0.1536269965228866
          0.0000000000000000           0.0000000000000000           0.0000000000000000
          0.2779141695878541           0.5379677476826460           0.5550450643878679
          0.0754233015883991          -0.3345115217829361          -0.3586738849461938
          0.0000000000000000           0.0000000000000000           0.0000000000000000
          1.5357530133446362           0.1756430419225234           1.4775883457489054
          0.2312491890803723          -1.4746291368388582          -1.4053403050434838
          0.0000000000000000           0.0000000000000000           0.0000000000000000
       4321.3208110254417988       -2653.1917740484464048        3030.0158959912464525
       -139.8614730974063889       -1957.9036960005730634       -2733.2463430591565157
          0.0000000000000000           0.0000000000000000           0.0000000000000000
          0.0094769774343490           0.4360787102655660           0.2607749285505478
          0.0029643096685377          -0.0470548027959090          -0.0821986901060804
          0.0000000000000000           0.0000000000000000           0.0000000000000000
          0.0672971222008228           0.4912526913386104           0.3902184747939699
          0.0080912664369935          -0.1544389367358587          -0.1789221361940975
          0.0000000000000000           0.0000000000000000           0.0000000000000000
          0.5565048113028664           0.5626856368384773           0.9762617654046818
         -0.0094809372913231          -0.7063903558548847          -0.6538759738028550
          0.0000000000000000           0.0000000000000000           0.0000000000000000
       1961.1261626400344085        -973.0984701740131868        1202.4767426424223231
        -81.8967542024939803        -773.7034716858698857        -999.8127565616790662
          0.0000000000000000           0.0000000000000000           0.0000000000000000
         -0.0036163504735164           0.1775682283434706           0.0938004084712828
         -0.0024313240527569          -0.0093433006167460          -0.0228718268132835
          0.0000000000000000           0.0000000000000000           0.0000000000000000
          0.0016005640360630           0.2184868295235936           0.1385971811371779
         -0.0092272672544581          -0.0369987445097322          -0.0456486522170765
          0.0000000000000000           0.0000000000000000           0.0000000000000000
          0.0743130930381698           0.3313061779357764           0.3239973136445091
         -0.0528037181611735          -0.1789970358179758          -0.1522643760443517
          0.0000000000000000           0.0000000000000000           0.0000000000000000
        363.3679985344441548        -126.4535695551261796         199.2200474767936385
        -35.4951770741686303        -152.4591748554897492        -154.9590339909232455
          0.0000000000000000           0.0000000000000000           0.0000000000000000
   0
         -0.0000000000000000           0.0000000000000000           0.0000000000000000
          0.0000000000000000           0.0000000000000000           0.0000000000000000
          0.0000000000000000           0.0000000000000000           0.0000000000000000
          0.0000000000000000           0.0000000000000000           0.0000000000000000
         -0.0000000000000000           0.0000000000000000          -0.0000000000000000
          0.0000000000000000           0.0000000000000000           0.0000000000000000
          0.0000000000000000           0.0000000000000000           0.0000000000000000
          0.0000000000000000           0.0000000000000000           0.0000000000000000
          0.0000000000000000           0.0000000000000000           0.0000000000000000
          0.0000000000000000           0.0000000000000000           0.0000000000000000
          0.0000000000000000           0.0000000000000000          -0.0000000000000000
          0.0000000000000000           0.0000000000000000           0.0000000000000000
          0.0000000000000000           0.0000000000000000           0.0000000000000000
          0.0000000000000000           0.0000000000000000           0.0000000000000000
          0.0000000000000000          -0.0000000000000000          -0.0000000000000000
          0.0000000000000000           0.0000000000000000           0.0000000000000000
          0.0308680353977334          -0.0539343011887575          -0.0702047487754734
         -0.0249441398489569           0.0635979213703307           0.0826313867336399
          0.0000000000000000           0.0000000000000000           0.0000000000000000
          0.0464896259785512           0.0717095748075185           0.0070999961254165
         -0.0451979648505985          -0.0624178597341999          -0.0160951366461094
          0.0000000000000000           0.0000000000000000           0.0000000000000000
          0.0163633696278051          -0.0465002255534525          -0.0338288288695302
         -0.0109815299748206           0.0417405258189942           0.0381826182720188
          0.0000000000000000           0.0000000000000000           0.0000000000000000
          0.0476065507894411           0.2047875264390970           0.1207806609322513
         -0.0514891799781035          -0.2102910363900669          -0.1592704284874798
          0.0000000000000000           0.0000000000000000           0.0000000000000000
          0.0209762579249377          -0.0297048550216366          -0.0474870414750096
         -0.0170204330633469           0.0385846828717707           0.0572160750830548
          0.0000000000000000           0.0000000000000000           0.0000000000000000
          0.0260443358944848           0.0577074159969486           0.0122258067217794
         -0.0274131957300533          -0.0528329737635345          -0.0215826127709399
          0.0000000000000000           0.0000000000000000           0.0000000000000000
          0.0118846439475983          -0.0262505506303524          -0.0213405313551181
         -0.0076481898983714           0.0248005710275386           0.0290068695629980
          0.0000000000000000           0.0000000000000000           0.0000000000000000
          0.0220207998866938           0.1485739914068183           0.0980851650384622
         -0.0284337152317840          -0.1580347422430718          -0.1285905061449915
          0.0000000000000000           0.0000000000000000           0.0000000000000000
          0.0071994903365681           0.0351093588093323           0.0117069806476525
         -0.0105544896215052          -0.0346432962547973          -0.0198764739502950
          0.0000000000000000           0.0000000000000000           0.0000000000000000
          0.0001819670630240           0.0806301375089460           0.0630992986670093
         -0.0081277729575969          -0.0919608786015155          -0.0821977460694672
          0.0000000000000000           0.0000000000000000           0.0000000000000000
         -0.0017929138283679           0.0150221841225668           0.0068438523645908
         -0.0018076641201967          -0.0166438483167703          -0.0121583463249972
          0.0000000000000000           0.0000000000000000           0.0000000000000000
         -0.0080760698704754           0.0310003958914289           0.0309216943655361
          0.0008529575985241          -0.0404762016718362          -0.0399417985161499
          0.0000000000000000           0.0000000000000000           0.0000000000000000
         -0.0472229347503418           0.1173987699662975           0.2239829750496320
          0.0268848210609026          -0.1986594329683611          -0.2278836681594937
          0.0000000000000000           0.0000000000000000           0.0000000000000000
         -3.6418570093485414         165.0757645049368989        1272.9039945589893250
        113.7177671809233175        -838.6807433402811967        -875.3808344849786636
          0.0000000000000000           0.0000000000000000           0.0000000000000000
         -0.0030091237890462           0.0035285146805149           0.0023352193827954
          0.0005662162276931          -0.0051171733142848          -0.0046356603545135
          0.0000000000000000           0.0000000000000000           0.0000000000000000
         -0.0065658334225537           0.0062481452783116           0.0101145418885186
          0.0019633425274610          -0.0117260547600797          -0.0129315491074585
          0.0000000000000000           0.0000000000000000           0.0000000000000000
         -0.0258788769625666           0.0176037803732825           0.0719714944344647
          0.0117058072356279          -0.0551248023765342          -0.0669483422580015
          0.0000000000000000           0.0000000000000000           0.0000000000000000
         -5.8586578507704559         -28.5890370259973565         400.0673020348872342
         25.8868975772271597        -231.1127495095875020        -240.1606861043087235
          0.0000000000000000           0.0000000000000000           0.0000000000000000
         -0.0008260632302720          -0.0000707302179576           0.0001665398131519
          0.0002104676821221          -0.0004061704145231          -0.0004977572532883
          0.0000000000000000           0.0000000000000000           0.0000000000000000
         -0.0015441785229858          -0.0003444986421197           0.0009101963940175
          0.0004177965886438          -0.0008993670229940          -0.0011867694159955
          0.0000000000000000           0.0000000000000000           0.0000000000000000
         -0.0051912817420780          -0.0026852303766906           0.0069565874124150
          0.0015484148509242          -0.0041419051742824          -0.0054800718541932
          0.0000000000000000           0.0000000000000000           0.0000000000000000
         -2.8784318891784615         -17.8901362276564626          40.1647104570232116
          1.2419130492272901         -17.9362027865946096         -18.1269117942192288
          0.0000000000000000           0.0000000000000000           0.0000000000000000
   1
         -0.0573725905908936          -0.1004533054494126          -0.0154103192741287
          0.0000000000000000           0.0000000000000000           0.0000000000000000
          0.0209009175426025           0.0246402110762245           0.0022270200214791
          0.0000000000000000           0.0000000000000000           0.0000000000000000
          0.0794297133441246           0.0925034448933758           0.0014004017064869
          0.0000000000000000           0.0000000000000000           0.0000000000000000
          0.1201566616686711           0.1165265611049689          -0.0114542187701878
          0.0000000000000000           0.0000000000000000           0.0000000000000000
          0.1218112693649151           0.0850832245925646          -0.0285857331725562
          0.0000000000000000           0.0000000000000000           0.0000000000000000
          0.0806228034083145           0.0303103625991568          -0.0309373924077793
          0.0000000000000000           0.0000000000000000           0.0000000000000000
          0.0162162253543102          -0.0011388637368815          -0.0087965923990799
          0.0000000000000000           0.0000000000000000           0.0000000000000000
          0.0003220818967659          -0.0001195734798056          -0.0001867961326692
          0.0000000000000000           0.0000000000000000           0.0000000000000000
          0.9494646151535554           0.6666334593131835          -0.3257749798891440
          0.0551830217866918           0.3630495040604057           0.2088714239867242
          0.0000000000000000           0.0000000000000000           0.0000000000000000
         -0.0202548152490653           0.4502241183375433           0.4559897244374370
          0.0014758667002309          -0.3370074350349073          -0.2878581342385873
          0.0000000000000000           0.0000000000000000           0.0000000000000000
          1.4831735914421538           0.7065372932030103          -0.4108794261081486
         -0.0271340696592436           0.4962129847192238           0.2243900391545998
          0.0000000000000000           0.0000000000000000           0.0000000000000000
         -0.4562652693630847           0.2737186112517261           1.1526499825450109
         -0.1345483798321653          -0.9039008934714020          -0.7690690772960235
          0.0000000000000000           0.0000000000000000           0.0000000000000000
          0.7987081777548279           0.5915934980449857          -0.2708145480900594
          0.0767071847613400           0.2663898397086834           0.1361035069896065
          0.0000000000000000           0.0000000000000000           0.0000000000000000
          0.1845527612661175           0.7276072036110548           0.4823680496789212
          0.0940044513739996          -0.2670924876110924          -0.3041554053371612
          0.0000000000000000           0.0000000000000000           0.0000000000000000
          1.1912770673267021           0.5598501861352344          -0.3577300333098248
         -0.0029971504987539           0.3628079254441379           0.1625263643978942
          0.0000000000000000           0.0000000000000000           0.0000000000000000
         -0.0370337656507190           0.8318775972673740           1.1486351622281366
          0.0315973827265650          -0.7041567291954139          -0.7179914602556412
          0.0000000000000000           0.0000000000000000           0.0000000000000000
          0.3395396145231256           0.8637821850659052           0.4475577515614291
          0.1713157697758168          -0.1912687710362531          -0.2887266767306646
          0.0000000000000000           0.0000000000000000           0.0000000000000000
          0.3314582047489742           1.1883101861396359           1.0143052766183571
          0.1805668059770145          -0.4777091391393009          -0.6004075458647934
          0.0000000000000000           0.0000000000000000           0.0000000000000000
          0.3508190370638573           0.7520453750140575           0.3461555368669341
          0.1842606296111570          -0.1309531437577607          -0.2294193234342773
          0.0000000000000000           0.0000000000000000           0.0000000000000000
          0.4534545798100244           1.1169689565734586           0.7585340383206554
          0.2281960753118649          -0.2975690852066611          -0.4326978671170402
          0.0000000000000000           0.0000000000000000           0.0000000000000000
          1.2336461739911659           2.6094242786663173           2.8833622937761771
          0.2010289069595134          -1.2670231868805868          -1.4623246229594689
          0.0000000000000000           0.0000000000000000           0.0000000000000000
       2495.1547663887581621        1574.2893527099233779        2707.9046457123417895
      -1630.1399889939575587       -3454.7830768115613864       -2541.9623660148909039
          0.0000000000000000           0.0000000000000000           0.0000000000000000
          0.2495330433400332           0.4856646488516931           0.2126452610914193
          0.1375920074232202          -0.0806053465912684          -0.1428274376539914
          0.0000000000000000           0.0000000000000000           0.0000000000000000
          0.3607314974033529           0.7530924498788109           0.4530253882420099
          0.1803725658237767          -0.1634569068583110          -0.2499785301694381
          0.0000000000000000           0.0000000000000000           0.0000000000000000
          1.0160986027702568           1.8831306342285190           1.6703397458267364
          0.2524038344397257          -0.6315719087986796          -0.7658212751595807
          0.0000000000000000           0.0000000000000000           0.0000000000000000
       1401.6609658632153241        1198.1761375971332200        1393.4039295289887832
       -595.7709358768025822       -1328.1180495335172509        -981.1364525150931968
          0.0000000000000000           0.0000000000000000           0.0000000000000000
          0.0866583047908971           0.1585684726443631           0.0681236063340460
          0.0499638180478190          -0.0287440219373384          -0.0453814394735889
          0.0000000000000000           0.0000000000000000           0.0000000000000000
          0.1350050867123491           0.2539722522488393           0.1399577932910334
          0.0673498983919635          -0.0519365547906276          -0.0742494211530584
          0.0000000000000000           0.0000000000000000           0.0000000000000000
          0.3853064180218179           0.6653219378751922           0.4987394582038546
          0.1133324327706904          -0.1743365207560053          -0.2051050499252246
          0.0000000000000000           0.0000000000000000           0.0000000000000000
        384.0066969698046933         416.6251891707027539         371.4815543634288133
        -80.4204798855734992        -221.6339396168873179        -162.8961424432242211
          0.0000000000000000           0.0000000000000000           0.0000000000000000
   3
          0.0856090700976329           0.0301570465440404           0.0104369424608155
          0.0000000000000000           0.0000000000000000           0.0000000000000000
         -0.0438867773057406          -0.0231598895996109           0.0045155344371244
          0.0000000000000000           0.0000000000000000           0.0000000000000000
         -0.1384251938825023          -0.0608950558066781           0.0058604532330917
          0.0000000000000000           0.0000000000000000           0.0000000000000000
         -0.2051226784492463          -0.0812854697188456           0.0117974875590026
          0.0000000000000000           0.0000000000000000           0.0000000000000000
         -0.2063383963335821          -0.0698861401169105           0.0164269068524763
          0.0000000000000000           0.0000000000000000           0.0000000000000000
         -0.1314834196471991          -0.0363320705419395           0.0114147095534327
          0.0000000000000000           0.0000000000000000           0.0000000000000000
         -0.0232717009278220          -0.0048915410015495           0.0009737154268314
          0.0000000000000000           0.0000000000000000           0.0000000000000000
         -0.0003969104270944          -0.0000595381072647          -0.0000318863459072
          0.0000000000000000           0.0000000000000000           0.0000000000000000
         -1.4625404212097608          -0.7198623884954347          -0.1080567999222955
         -0.4210037102664333           0.1095172392218258           0.2829834008586689
          0.0000000000000000           0.0000000000000000           0.0000000000000000
          0.3350035295591855           0.4031029115426124           0.3001364787051373
         -0.1009423795904638          -0.5294101666164780          -0.3464653317504622
          0.0000000000000000           0.0000000000000000           0.0000000000000000
         -1.9327799595523028          -0.8280835458618361           0.0177251698867930
         -0.5483780701270830          -0.0046635322704949           0.2523666008164585
          0.0000000000000000           0.0000000000000000           0.0000000000000000
          1.6623079419855993           1.4178470542142572           0.8341117271416640
          0.0917445912248559          -1.2825183439471024          -1.0065308644018036
          0.0000000000000000           0.0000000000000000           0.0000000000000000
         -1.2754307406435901          -0.5814910886237666          -0.0665713221287253
         -0.3649414749835995           0.0587796411624941           0.2162224194933510
          0.0000000000000000           0.0000000000000000           0.0000000000000000
         -0.0394333768937069           0.2229978683135916           0.3009802054618612
         -0.1584853986630748          -0.5427331824424403          -0.3596757699448900
          0.0000000000000000           0.0000000000000000           0.0000000000000000
         -1.5737909862952260          -0.6408330928948434           0.0184026943953306
         -0.4652298496807168          -0.0175446043410557           0.2159801489999325
          0.0000000000000000           0.0000000000000000           0.0000000000000000
          0.8982037412045409           0.9681448209798706           0.7535057495765025
         -0.0523176970396680          -1.2205702515509240          -0.9358162298765490
          0.0000000000000000           0.0000000000000000           0.0000000000000000
         -0.3443390727329694           0.0390724942581513           0.2809817872314387
         -0.1999032027148988          -0.4987354107623468          -0.3345977214583350
          0.0000000000000000           0.0000000000000000           0.0000000000000000
          0.1641853960727792           0.4653219017716529           0.6227538519719801
         -0.1867016599771424          -1.0442412568430923          -0.7768258031785453
          0.0000000000000000           0.0000000000000000           0.0000000000000000
         -0.4219779058416318          -0.0657814694712555           0.2305722183562936
         -0.1918757796584585          -0.3858398136585581          -0.2636165326551212
          0.0000000000000000           0.0000000000000000           0.0000000000000000
         -0.2155121543088135           0.1153431942880572           0.4617764049178464
         -0.2340958895325006          -0.7679928971905843          -0.5583220224423014
          0.0000000000000000           0.0000000000000000           0.0000000000000000
          1.3163648719532168           1.2850186990791159           1.7291710504422493
         -0.4857455109693161          -2.8543724592759183          -1.9986619533883239
          0.0000000000000000           0.0000000000000000           0.0000000000000000
       4432.4591157413997280        5046.6673049985383841        3711.2050337223031420
       -422.2770167550502265       -3216.7420996018995538       -2347.1825026312221780
          0.0000000000000000           0.0000000000000000           0.0000000000000000
         -0.3199495696791840          -0.0898296269016948           0.1543631686254245
         -0.1383299270509546          -0.2337416525720496          -0.1664857427244123
          0.0000000000000000           0.0000000000000000           0.0000000000000000
         -0.2736632029003648          -0.0525388510247852           0.2858241551206579
         -0.1912904169327884          -0.4489840869926969          -0.3264005332755485
          0.0000000000000000           0.0000000000000000           0.0000000000000000
          0.2648689645899329           0.2696187135483451           0.9571056388479012
         -0.4593395935837025          -1.5911402652624380          -1.0834126730434468
          0.0000000000000000           0.0000000000000000           0.0000000000000000
       1920.5978620838345705        2116.3949151392621388        1509.9427765339835332
       -381.2171211065744956       -1694.5964721953521348       -1066.1224595593521371
          0.0000000000000000           0.0000000000000000           0.0000000000000000
         -0.1145419724886208          -0.0494691765900326           0.0571898321057266
         -0.0513631747078473          -0.0702120751314002          -0.0569091719807740
          0.0000000000000000           0.0000000000000000           0.0000000000000000
         -0.1208494370984491          -0.0646120433980025           0.0988319729892465
         -0.0772160690710127          -0.1306295708842796          -0.1026077679883850
          0.0000000000000000           0.0000000000000000           0.0000000000000000
         -0.0581539659332811          -0.1048995552064411           0.2930842876814579
         -0.1962394733925802          -0.4399567362598570          -0.3106250255753388
          0.0000000000000000           0.0000000000000000           0.0000000000000000
        355.3327564558661606         327.1831762446732341         265.2714518679256912
       -126.6953005236553480        -420.9684394994853278        -230.7501564378229091
          0.0000000000000000           0.0000000000000000           0.0000000000000000
   4
          0.0192104848251371           0.0805570511262869           0.0057532979022594
          0.0000000000000000           0.0000000000000000           0.0000000000000000
         -0.0046729695276101          -0.0081328571986817          -0.0034762442797627
          0.0000000000000000           0.0000000000000000           0.0000000000000000
         -0.0173574350157869          -0.0704330622231577          -0.0027859861296916
          0.0000000000000000           0.0000000000000000           0.0000000000000000
         -0.0150090093651300          -0.1158740068330950           0.0090038821042039
          0.0000000000000000           0.0000000000000000           0.0000000000000000
          0.0064526344317175          -0.1305032888938416           0.0297281355522844
          0.0000000000000000           0.0000000000000000           0.0000000000000000
          0.0261321226629746          -0.1039213739800989           0.0393803190517713
          0.0000000000000000           0.0000000000000000           0.0000000000000000
          0.0145889347458782          -0.0311300597036839           0.0162384998647943
          0.0000000000000000           0.0000000000000000           0.0000000000000000
          0.0006924726210181          -0.0012146502599473           0.0006925643636689
          0.0000000000000000           0.0000000000000000           0.0000000000000000
         -0.0945402127540979          -0.9762754119991996          -0.1925403389001607
         -0.1161483608878954           0.0414588008098155           0.2988526522626685
          0.0000000000000000           0.0000000000000000           0.0000000000000000
          0.1193492333253503           0.6980434255418536           0.1991043137729105
         -0.0323614573002421          -0.4564606438589197          -0.3872585091842745
          0.0000000000000000           0.0000000000000000           0.0000000000000000
         -0.1659237997966826          -1.2578879061253148          -0.0939895055457470
         -0.0388455503589981          -0.0631695312814862           0.3605652781741750
          0.0000000000000000           0.0000000000000000           0.0000000000000000
          0.2618550923622154           2.0907497689567847           0.6892997998003900
          0.1287282568163086          -1.0590084206189567          -1.0116570447197109
          0.0000000000000000           0.0000000000000000           0.0000000000000000
         -0.0733725016692635          -0.8236202947177439          -0.1197739067997057
         -0.0920827272493550          -0.0012893678146509           0.2292390556917961
          0.0000000000000000           0.0000000000000000           0.0000000000000000
          0.0401104093669809           0.4062010263599330           0.2125815213161503
         -0.0363254585167898          -0.5069849979042734          -0.3993974567204530
          0.0000000000000000           0.0000000000000000           0.0000000000000000
         -0.1105553240418508          -1.0096759456035607          -0.0518055262022662
         -0.0382606997450789          -0.0668691172544446           0.3070933089123703
          0.0000000000000000           0.0000000000000000           0.0000000000000000
          0.1164104980306385           1.4499666965517948           0.6129053300294438
          0.0732538377200519          -1.0782603774336899          -0.9501797159121277
          0.0000000000000000           0.0000000000000000           0.0000000000000000
         -0.0065506876187020           0.1235760765934346           0.2202798252835580
         -0.0399625618453243          -0.5051296128731976          -0.3724021033424356
          0.0000000000000000           0.0000000000000000           0.0000000000000000
          0.0152388786926803           0.7705349856423616           0.5077789228859270
          0.0079897516953972          -0.9973640922253493          -0.8035564500389928
          0.0000000000000000           0.0000000000000000           0.0000000000000000
          0.0051939520521013          -0.0346318712627932           0.2070070519766580
         -0.0371266358610546          -0.4219347408004279          -0.2973877014818009
          0.0000000000000000           0.0000000000000000           0.0000000000000000
          0.0109386563113027           0.3078583210675518           0.3949911971533877
         -0.0327312884721348          -0.7932324889239396          -0.5932546426597712
          0.0000000000000000           0.0000000000000000           0.0000000000000000
          0.2134886684129473           2.2154103000814263           1.2973967991842432
         -0.0968966733919234          -2.6195770493068009          -1.9738822070578308
          0.0000000000000000           0.0000000000000000           0.0000000000000000
       2967.7326602065381849        3843.8154969298379910        2784.5758644002903566
       -337.2936974146601301       -1751.8475393574044574       -1562.7271307472656190
          0.0000000000000000           0.0000000000000000           0.0000000000000000
          0.0396850406214282          -0.0846429896070376           0.1639296494618845
         -0.0263098247901883          -0.2805037327942940          -0.1920667164815399
          0.0000000000000000           0.0000000000000000           0.0000000000000000
          0.0530305905791816           0.0582574334529964           0.2723843043148126
         -0.0396416307821339          -0.5093370095911122          -0.3594212497990806
          0.0000000000000000           0.0000000000000000           0.0000000000000000
          0.1721471646231129           0.9090531561811092           0.7444935895370970
         -0.1532113219253987          -1.6112443250129052          -1.1249807019489209
          0.0000000000000000           0.0000000000000000           0.0000000000000000
       1204.8713660740547766        1656.0675613150781373        1052.5541898521364601
       -278.4834132903299064        -990.5344188987791085        -715.3826469589860153
          0.0000000000000000           0.0000000000000000           0.0000000000000000
          0.0468881026661820          -0.0583302025857142           0.0786113462347821
         -0.0093471963899307          -0.1006876004401810          -0.0677314491303020
          0.0000000000000000           0.0000000000000000           0.0000000000000000
          0.0648772432570376          -0.0357372393099974           0.1178298415783532
         -0.0181120963326188          -0.1767323585267765          -0.1189782794141125
          0.0000000000000000           0.0000000000000000           0.0000000000000000
          0.1391622003563804           0.1375450616617745           0.2676411589104853
         -0.0732159755449903          -0.5328024109970976          -0.3488176165752814
          0.0000000000000000           0.0000000000000000           0.0000000000000000
        205.7199054878598758         355.1187336395569787         170.9159919839184738
        -93.3000680239111659        -291.7162929314711732        -173.8388130334158461
          0.0000000000000000           0.0000000000000000           0.0000000000000000
   5
         -0.0630430849260176           0.0248871854613494          -0.0534526593827642
          0.0000000000000000           0.0000000000000000           0.0000000000000000
          0.0288773987301993           0.0270479875063442          -0.0221503188964960
          0.0000000000000000           0.0000000000000000           0.0000000000000000
          0.1067576144387843           0.0241260780457977           0.0106135094373439
          0.0000000000000000           0.0000000000000000           0.0000000000000000
          0.1688799089591619           0.0197413594496250           0.0446691897298949
          0.0000000000000000           0.0000000000000000           0.0000000000000000
          0.1770621117417730           0.0159777302864499           0.0656655947649308
          0.0000000000000000           0.0000000000000000           0.0000000000000000
          0.1152374017917422           0.0111028113846501           0.0544332396812307
          0.0000000000000000           0.0000000000000000           0.0000000000000000
          0.0210419862147662           0.0021630189314210           0.0125011388713762
          0.0000000000000000           0.0000000000000000           0.0000000000000000
          0.0003927373611576           0.0000373284770813           0.0002512230270425
          0.0000000000000000           0.0000000000000000           0.0000000000000000
          1.2819921853248104           0.1141857293788866           0.0328122601368746
          0.1998284613424188           0.1324840938143576           0.3308491726698069
          0.0000000000000000           0.0000000000000000           0.0000000000000000
         -0.1389804929970106           0.6087096760560530          -0.1624544251756928
         -0.0022784877337419          -0.3001194993878600          -0.4326128044568563
          0.0000000000000000           0.0000000000000000           0.0000000000000000
          1.7873660349046447           0.1706997036173409           0.2518974902567346
          0.3863616092392423           0.0646099826075630           0.4437335217004258
          0.0000000000000000           0.0000000000000000           0.0000000000000000
         -1.0545793217390003           1.1597475969716715          -0.1386358803684045
         -0.0178522889130796          -0.8005972037968719          -1.0831904325529005
          0.0000000000000000           0.0000000000000000           0.0000000000000000
          1.0994235890759274           0.1170818627784716           0.0889289500002766
          0.1921840478420041           0.0838575049666176           0.2552432120858917
          0.0000000000000000           0.0000000000000000           0.0000000000000000
          0.1530190384415664           0.5220047528086723           0.0357229681918682
          0.0832064283342210          -0.2922244819532382          -0.3988854778054814
          0.0000000000000000           0.0000000000000000           0.0000000000000000
          1.4524018970823129           0.1653509732011914           0.2406243656047481
          0.3136445117545685           0.0328983187304300           0.3597351240933742
          0.0000000000000000           0.0000000000000000           0.0000000000000000
         -0.4404072041864071           0.9751967532615933           0.1342124019879322
          0.0956892727390027          -0.7192656551092818          -0.9485222556893717
          0.0000000000000000           0.0000000000000000           0.0000000000000000
          0.4216669845975062           0.3756627208067957           0.2228957250295526
          0.1470279907665701          -0.2464909414378976          -0.3232025796473562
          0.0000000000000000           0.0000000000000000           0.0000000000000000
          0.1978878146588875           0.6861495385093398           0.3888427657403787
          0.1802770449281915          -0.5632153449121446          -0.7228013301622027
          0.0000000000000000           0.0000000000000000           0.0000000000000000
          0.5157276293891551           0.2173794361407970           0.2993379560787975
          0.1497927992559052          -0.1696667343498755          -0.2193070119486508
          0.0000000000000000           0.0000000000000000           0.0000000000000000
          0.5475419052132662           0.3895538082700029           0.4836877333302160
          0.1850535490798741          -0.3705742409025494          -0.4650600143937791
          0.0000000000000000           0.0000000000000000           0.0000000000000000
          0.5505257443005087           1.5389762970763736           1.3647241291388987
          0.1867933483418340          -1.6549101504885497          -1.7195685950046016
          0.0000000000000000           0.0000000000000000           0.0000000000000000
        375.9118834927609214        5137.7308700061939817        1106.3182942017074311
       -326.0758066519749718       -4610.4333304133169804       -2821.6473923597568501
          0.0000000000000000           0.0000000000000000           0.0000000000000000
          0.4307063435161280           0.0887597838973714           0.2613319142475673
          0.1050681695143039          -0.0875700095191035          -0.1129861796394498
          0.0000000000000000           0.0000000000000000           0.0000000000000000
          0.5641082229390729           0.1568062085169475           0.4122413569634358
          0.1292540268519521          -0.1878119448599587          -0.2298567897152812
          0.0000000000000000           0.0000000000000000           0.0000000000000000
          1.0498891970325182           0.6271125897440716           1.0848056184525092
          0.1421828369984710          -0.8043218681713653          -0.8142279581521537
          0.0000000000000000           0.0000000000000000           0.0000000000000000
        281.3298820915884448        2235.4220306228899062         663.4052137563090810
       -230.7368118158845220       -1900.6472003965518525       -1198.0467990838080823
          0.0000000000000000           0.0000000000000000           0.0000000000000000
          0.1908833297673319           0.0106085789711770           0.1217193779171124
          0.0352283377076197          -0.0195616413567480          -0.0246728991588168
          0.0000000000000000           0.0000000000000000           0.0000000000000000
          0.2795540390266462           0.0187931500469183           0.1902501467778693
          0.0429650481795802          -0.0426372173945435          -0.0488843782965818
          0.0000000000000000           0.0000000000000000           0.0000000000000000
          0.6279379550227648           0.0885139866988033           0.4797026298226697
          0.0492728880676926          -0.1791937999258813          -0.1673581559433344
          0.0000000000000000           0.0000000000000000           0.0000000000000000
        144.3786843750189632         422.8262804504892074         211.6217450339179891
        -71.3908515705697653        -337.5837335797064043        -216.6959123416844193
          0.0000000000000000           0.0000000000000000           0.0000000000000000
   6
         -0.0753634357663706           0.1009841121552140           0.1165177055281764
          0.0000000000000000           0.0000000000000000           0.0000000000000000
         -0.0440865812618281          -0.0150947410696552           0.0236605953416382
          0.0000000000000000           0.0000000000000000           0.0000000000000000
         -0.0164637141470887          -0.0907544059109875          -0.0586738355456304
          0.0000000000000000           0.0000000000000000           0.0000000000000000
          0.0044435681732040          -0.1444969000067773          -0.1266995482954030
          0.0000000000000000           0.0000000000000000           0.0000000000000000
          0.0043241362311721          -0.1601084655043761          -0.1458303771784301
          0.0000000000000000           0.0000000000000000           0.0000000000000000
         -0.0120641437884809          -0.1239369236164632          -0.1024245533731625
          0.0000000000000000           0.0000000000000000           0.0000000000000000
         -0.0099597862120798          -0.0345865678958538          -0.0236478931132098
          0.0000000000000000           0.0000000000000000           0.0000000000000000
         -0.0004510221139140          -0.0012458451967452          -0.0007818598832068
          0.0000000000000000           0.0000000000000000           0.0000000000000000
         -0.0093605027696788          -1.2532546019723723          -1.0766984096338408
         -0.0274213950495265           0.0244537640740121           0.0349091503666432
          0.0000000000000000           0.0000000000000000           0.0000000000000000
         -0.4581943220411310           0.2858166447332472           0.8053668578112061
         -0.1128628143495845          -0.0220936408017505           0.0981633498084173
          0.0000000000000000           0.0000000000000000           0.0000000000000000
          0.1631483558005383          -1.8186648756217059          -1.5719394198790833
          0.0000024641609326           0.0056530393042091          -0.0221440410782585
          0.0000000000000000           0.0000000000000000           0.0000000000000000
         -0.7345192827423662           1.2594776177895362           2.1921911150110049
         -0.1708803744391831          -0.0874417704473161           0.1043643578052899
          0.0000000000000000           0.0000000000000000           0.0000000000000000
          0.0035080428911645          -1.0988066578327924          -0.9784159618784013
         -0.0197514095563251           0.0102980476808897           0.0232156295369440
          0.0000000000000000           0.0000000000000000           0.0000000000000000
         -0.2524649674662055          -0.0861448265896632           0.3439580942628972
         -0.0691158480304755          -0.0387946294644172           0.0480512950872853
          0.0000000000000000           0.0000000000000000           0.0000000000000000
          0.1130737135975454          -1.5071206294626156          -1.3137126172170996
         -0.0013291639034119           0.0008346480528385          -0.0121601928695766
          0.0000000000000000           0.0000000000000000           0.0000000000000000
         -0.3988723071171921           0.5182030330236415           1.3310354950654979
         -0.1000580408517126          -0.0973507062377752           0.0375111382311061
          0.0000000000000000           0.0000000000000000           0.0000000000000000
         -0.0364147643034490          -0.3918247713366715          -0.1116644976076145
         -0.0272908360074476          -0.0372963642828877           0.0082625199446203
          0.0000000000000000           0.0000000000000000           0.0000000000000000
         -0.0370554626871072          -0.1569975918676099           0.4052256976758126
         -0.0347813722419416          -0.0777585911741723          -0.0100005797963588
          0.0000000000000000           0.0000000000000000           0.0000000000000000
          0.0884185964062638          -0.4695658635897395          -0.3350652658662677
         -0.0052540065070682          -0.0217678387942070          -0.0054754526714085
          0.0000000000000000           0.0000000000000000           0.0000000000000000
          0.1772187942539452          -0.4508589594443445          -0.1636702597467966
         -0.0029846048504840          -0.0419795537362225          -0.0194967930816445
          0.0000000000000000           0.0000000000000000           0.0000000000000000
          0.7215996962413050          -0.3001146856983694           1.1968525667406218
          0.0359104684604788          -0.1641588024945473          -0.1363948602723258
          0.0000000000000000           0.0000000000000000           0.0000000000000000
       1778.0590133516825517        1515.9712747826085888        5272.3213192351522594
        401.2775651745182017        -623.6512851771298074        -851.4723894663987949
          0.0000000000000000           0.0000000000000000           0.0000000000000000
          0.1107820308138533          -0.3599570246152171          -0.3241680180197548
          0.0010386425266148          -0.0074765059408775          -0.0045350623371906
          0.0000000000000000           0.0000000000000000           0.0000000000000000
          0.2140393799730100          -0.4141267865436473          -0.3293821915851452
          0.0038321884038255          -0.0138897698833500          -0.0106969081177419
          0.0000000000000000           0.0000000000000000           0.0000000000000000
          0.7454599927590534          -0.6136412303299542          -0.0445335944714302
          0.0257474388358412          -0.0509387806639512          -0.0533424294271135
          0.0000000000000000           0.0000000000000000           0.0000000000000000
        840.4146385490133753         259.1888471298536274        2059.8415915086416135
        135.6043292454475875        -167.5829440697209520        -244.5317048773373187
          0.0000000000000000           0.0000000000000000           0.0000000000000000
          0.0510124973539926          -0.1342444307216993          -0.1406445050546774
          0.0004633909162325          -0.0006353983093022          -0.0007175810100198
          0.0000000000000000           0.0000000000000000           0.0000000000000000
          0.0997763027535311          -0.1676229550074098          -0.1770702285402502
          0.0010003597814526          -0.0011625071786200          -0.0014791039247743
          0.0000000000000000           0.0000000000000000           0.0000000000000000
          0.3374472286730257          -0.2925949762156169          -0.2550934524739945
          0.0043464760583151          -0.0041216323384432          -0.0061328055100744
          0.0000000000000000           0.0000000000000000           0.0000000000000000
        222.9686770305932271         -13.4648862194547263         320.5622232249850185
         14.1960236522946026         -12.0739117841757562         -20.7237884976008928
          0.0000000000000000           0.0000000000000000           0.0000000000000000
