1  82   2   0   0   -5.063787   0.000000

./DATA/2947/100/M027/
0
          5.0323421451202890
          6.2867120383889592
          3.3863479372983294
          4.4469044855409869
          2.2817126751334373
          3.1378271001848055
          1.3475556100611432
          1.9642736710690107
          0.6235554859775594
          0.9943564349159784
          0.2067107954487211
          0.3892852021421245
          0.0158063655594572
          0.0529262230014040
          0.0001035026883957
          0.0015465491279927
          2.1256266329056426
          8.0013880287264634
          4.7006032339594643
          5.8315721958084223
         23.5938792934798194
         11.0970304271436770
          1.6837236324342104
          6.2036152381166190
          4.1154137589072342
          9.0956147582397691
         37.3885977676233097
         16.9082681452756454
          1.4844902870803842
          5.8239768840921595
          3.3937077515218541
          4.0827746378943344
         17.1496276841872906
          8.0930945326178794
          1.1648498910347875
          4.4796070828664822
          2.9277237589726983
          6.3614185926626865
         27.1309086830567239
         12.3264973211647249
          2.2679540840417194
         10.1112240053279230
          4.7956396175266152
          3.5268314747061922
         15.9494999073768469
          7.2942202626175305
          1.0415156087445621
          5.0209862798649558
          2.3935645804045449
          1.6151510333639327
          7.8898366876660599
          3.6289917039096409
          4.2425147018813680
         21.2081925285380599
          9.0582430600052994
       3117.2256481740137133
      19553.7107730304160214
       5405.2547198715628838
          0.3642871785215762
          1.9709023298584083
          0.9422286068854315
          0.5629570726142257
          3.0833489219659262
          1.4189938315610171
          1.4619840680192362
          8.1565183363903415
          3.4626215686653339
        942.7820610039509575
       6667.3102205865961878
       1789.9209637538883726
          0.0497308902431108
          0.3592569022663742
          0.1702044100491606
          0.0764797143947315
          0.5596967652350919
          0.2515351345297168
          0.1953432501475473
          1.4448156308050499
          0.5831866047487578
        104.7793643561122678
        917.9251752619561557
        225.0629878502952863
1
          6.2867120383889565
          5.0323421451202890
          4.4469044855409869
          3.3863479372983294
          3.1378271001848055
          2.2817126751334378
          1.9642736710690107
          1.3475556100611432
          0.9943564349159784
          0.6235554859775594
          0.3892852021421246
          0.2067107954487212
          0.0529262230014040
          0.0158063655594572
          0.0015465491279927
          0.0001035026883957
          4.7006032339594679
          8.0013880287264723
          2.1256266329056421
         11.0970304271436717
         23.5938792934798123
          5.8315721958084223
          4.1154137589072297
          6.2036152381166243
          1.6837236324342104
         16.9082681452756525
         37.3885977676233239
          9.0956147582397691
          3.3937077515218559
          5.8239768840921640
          1.4844902870803847
          8.0930945326178740
         17.1496276841873083
          4.0827746378943344
          2.9277237589726988
          4.4796070828664813
          1.1648498910347871
         12.3264973211647249
         27.1309086830567594
          6.3614185926626847
          4.7956396175266116
         10.1112240053279212
          2.2679540840417212
          7.2942202626175332
         15.9494999073768504
          3.5268314747061926
          2.3935645804045440
          5.0209862798649612
          1.0415156087445621
          3.6289917039096418
          7.8898366876660644
          1.6151510333639323
          9.0582430600053030
         21.2081925285380422
          4.2425147018813671
       5405.2547198715610648
      19553.7107730304160214
       3117.2256481740146228
          0.9422286068854318
          1.9709023298584061
          0.3642871785215763
          1.4189938315610164
          3.0833489219659280
          0.5629570726142261
          3.4626215686653317
          8.1565183363903468
          1.4619840680192360
       1789.9209637538883726
       6667.3102205865779979
        942.7820610039509575
          0.1702044100491606
          0.3592569022663747
          0.0497308902431107
          0.2515351345297167
          0.5596967652350918
          0.0764797143947315
          0.5831866047487577
          1.4448156308050493
          0.1953432501475472
        225.0629878502952579
        917.9251752619559284
        104.7793643561122394
