1  82   4   0   0   -11.708908   0.000000

./DATA/2947/200/40/
0
          1.0254041417365465
          6.4092461426123899
          0.5639327001900724
          4.5003747380201675
          0.2902067521335119
          3.1208914754583503
          0.1071341342687571
          1.8525282901883127
          0.0203530008485898
          0.7984218054746194
          0.0014274121483987
          0.2109214151232529
          0.0000018593096932
          0.0076109870049612
          0.0000000000031547
          0.0000099138700002
          0.0000000000000000
          0.7856150671911838
          4.5685512648366169
          0.0000000000000000
          3.9413531771975152
         11.2786044756614814
          0.0000000000000000
          0.3339631929544883
          3.3453798561530919
          0.0000000000000000
          6.6454394129671597
         16.7654862778028608
          0.0000000000000000
          0.5111589747650662
          3.2374150436199716
          0.0000000000000000
          2.6257292425348924
          8.0822109734486531
          0.0000000000000000
          0.2076242752846808
          2.3058766587369672
          0.0000000000000000
          4.4367648108243332
         11.9954685183942580
          0.0000000000000000
          1.3143399965597795
          4.6182962252108455
          0.0000000000000000
          2.2272931334199875
          6.8432427518422587
          0.0000000000000000
          0.5052009326950833
          2.1610020957761025
          0.0000000000000000
          0.8584601752303409
          3.2001550360044764
          0.0000000000000000
          2.4961978912562270
          7.2949430480947361
          0.0000000000000000
       1578.8272192923843704
       2262.0124319209262467
          0.0000000000000000
          0.1309720278370255
          0.7541851011732966
          0.0000000000000000
          0.2230529665622395
          1.1180610094578562
          0.0000000000000000
          0.6493175057879321
          2.5199416847933822
          0.0000000000000000
        404.5747317102085390
        574.0409698342461979
          0.0000000000000000
          0.0090347524017714
          0.0974156031040953
          0.0000000000000000
          0.0154135978141740
          0.1450055364045331
          0.0000000000000000
          0.0449060938630393
          0.3248065557092273
          0.0000000000000000
         27.6343855146188098
         50.8507622024059458
1
          2.1364153808707962
          5.2982349034781393
          1.5001249126733891
          3.5641825255368507
          1.0402971584861163
          2.3708010691057444
          0.6175094300627713
          1.3421529943942989
          0.2661406018248732
          0.5526342044983361
          0.0703071383744176
          0.1420416888972339
          0.0025369956683204
          0.0050758506463340
          0.0000033046233334
          0.0000066092498215
          0.3635435695467204
          2.5804853931946994
          2.4101373692863821
          0.4242844711847296
          7.9842851004706947
          6.8113880812035648
          0.3509133171296063
          1.6397476674943470
          1.6886820644836291
          0.4723951204056244
         12.4473470820463561
         10.4911834883180060
          0.2445950923066767
          1.8394728360549881
          1.6645060900233803
          0.2782196105766500
          5.7069445086574317
          4.7227760967494472
          0.2375846278556128
          1.1312899418749773
          1.1446263642910539
          0.3048336643955598
          8.8662332870798259
          7.2611663777431934
          0.1362524314051215
          3.2444726195169107
          2.5519111708485913
          0.1458919882363651
          5.0128089025621074
          3.9118349944637747
          0.0512560380238831
          1.5065562987013288
          1.1083906917459720
          0.0536013902237165
          2.3123873019656647
          1.6926265190454368
          0.0631639139992163
          5.5690335011501295
          4.1589435242016171
          3.9445172202021190
       2026.3949932710077064
       1810.5001407220979672
          0.0130466663597137
          0.5203540773417790
          0.3517563853088301
          0.0133614517938262
          0.7930020915716642
          0.5347504326546043
          0.0146431228213428
          1.8671140461488789
          1.2875020216110924
          0.5281798439824734
        516.4958641049347534
        461.5916575955366739
          0.0008868433290844
          0.0661816328784851
          0.0393818792982970
          0.0008926196846950
          0.1000229841716898
          0.0595035303623221
          0.0009161123672629
          0.2296741770259723
          0.1391223601790315
          0.0102307222124063
         43.0915085287187480
         35.3834084660935702
1
          2.1364153808707962
          5.2982349034781393
          1.5001249126733891
          3.5641825255368507
          1.0402971584861158
          2.3708010691057453
          0.6175094300627710
          1.3421529943942989
          0.2661406018248732
          0.5526342044983360
          0.0703071383744176
          0.1420416888972340
          0.0025369956683204
          0.0050758506463340
          0.0000033046233334
          0.0000066092498215
          0.3635435695467203
          2.5804853931946945
          2.4101373692863821
          0.4242844711847296
          7.9842851004706921
          6.8113880812035648
          0.3509133171296063
          1.6397476674943459
          1.6886820644836300
          0.4723951204056244
         12.4473470820463596
         10.4911834883179953
          0.2445950923066767
          1.8394728360549868
          1.6645060900233835
          0.2782196105766501
          5.7069445086574300
          4.7227760967494516
          0.2375846278556128
          1.1312899418749769
          1.1446263642910537
          0.3048336643955598
          8.8662332870798277
          7.2611663777431943
          0.1362524314051215
          3.2444726195169120
          2.5519111708485882
          0.1458919882363651
          5.0128089025621083
          3.9118349944637791
          0.0512560380238831
          1.5065562987013292
          1.1083906917459738
          0.0536013902237165
          2.3123873019656664
          1.6926265190454404
          0.0631639139992163
          5.5690335011501313
          4.1589435242016144
          3.9445172202021190
       2026.3949932710074791
       1810.5001407220993315
          0.0130466663597137
          0.5203540773417795
          0.3517563853088309
          0.0133614517938262
          0.7930020915716642
          0.5347504326546042
          0.0146431228213428
          1.8671140461488795
          1.2875020216110911
          0.5281798439824732
        516.4958641049347534
        461.5916575955366170
          0.0008868433290844
          0.0661816328784851
          0.0393818792982970
          0.0008926196846950
          0.1000229841716898
          0.0595035303623221
          0.0009161123672629
          0.2296741770259722
          0.1391223601790315
          0.0102307222124064
         43.0915085287187409
         35.3834084660935417
1
          2.1364153808707962
          5.2982349034781384
          1.5001249126733889
          3.5641825255368498
          1.0402971584861160
          2.3708010691057448
          0.6175094300627710
          1.3421529943942996
          0.2661406018248732
          0.5526342044983360
          0.0703071383744176
          0.1420416888972340
          0.0025369956683204
          0.0050758506463340
          0.0000033046233334
          0.0000066092498215
          0.3635435695467203
          2.5804853931946954
          2.4101373692863826
          0.4242844711847296
          7.9842851004706965
          6.8113880812035621
          0.3509133171296063
          1.6397476674943452
          1.6886820644836300
          0.4723951204056244
         12.4473470820463596
         10.4911834883179989
          0.2445950923066767
          1.8394728360549859
          1.6645060900233830
          0.2782196105766501
          5.7069445086574255
          4.7227760967494543
          0.2375846278556128
          1.1312899418749771
          1.1446263642910539
          0.3048336643955598
          8.8662332870798224
          7.2611663777431961
          0.1362524314051215
          3.2444726195169125
          2.5519111708485887
          0.1458919882363651
          5.0128089025621083
          3.9118349944637805
          0.0512560380238831
          1.5065562987013297
          1.1083906917459738
          0.0536013902237165
          2.3123873019656660
          1.6926265190454410
          0.0631639139992163
          5.5690335011501340
          4.1589435242016126
          3.9445172202021181
       2026.3949932710074791
       1810.5001407220993315
          0.0130466663597137
          0.5203540773417794
          0.3517563853088309
          0.0133614517938262
          0.7930020915716640
          0.5347504326546045
          0.0146431228213428
          1.8671140461488798
          1.2875020216110920
          0.5281798439824732
        516.4958641049347534
        461.5916575955365602
          0.0008868433290844
          0.0661816328784851
          0.0393818792982970
          0.0008926196846950
          0.1000229841716899
          0.0595035303623221
          0.0009161123672629
          0.2296741770259722
          0.1391223601790314
          0.0102307222124064
         43.0915085287187480
         35.3834084660935488
