1  82   4   0   0   -11.380243   0.000000

./DATA/2947/200/43/
0
          0.9328227871112676
          6.0336497994111307
          0.5015364782370985
          4.2336324108398360
          0.2516876098926341
          2.9209191379437227
          0.0894748136158069
          1.7112932554096436
          0.0159624326823117
          0.7170151106750177
          0.0010123631324006
          0.1802738144763514
          0.0000010254852694
          0.0057369470169268
          0.0000000000010522
          0.0000058113080226
          0.0000000000000000
          0.6342896335757641
          3.9243234102283000
          0.0000000000000000
          3.2837238419781438
          9.7517867449707349
          0.0000000000000000
          0.2535824071974502
          2.7841344041187459
          0.0000000000000000
          5.5524508240022108
         14.4390610736036020
          0.0000000000000000
          0.4100444387814488
          2.7665073460937997
          0.0000000000000000
          2.1652489260547596
          6.9597520426837658
          0.0000000000000000
          0.1571313238289146
          1.9096992934499781
          0.0000000000000000
          3.6675402983755361
         10.2961886866299022
          0.0000000000000000
          1.0632185264465894
          3.9410143710896981
          0.0000000000000000
          1.8050052439084665
          5.8269426795904744
          0.0000000000000000
          0.3968670666536918
          1.8143793063995384
          0.0000000000000000
          0.6751836097254698
          2.6840085429237441
          0.0000000000000000
          1.9644829909378578
          6.0708678579629893
          0.0000000000000000
       1232.7482959284502613
       1620.4896860225653654
          0.0000000000000000
          0.0983441962560424
          0.6155467217187700
          0.0000000000000000
          0.1675965633043618
          0.9124540708099816
          0.0000000000000000
          0.4880345795329905
          2.0481585234828708
          0.0000000000000000
        302.6807203285383139
        412.5579121727387246
          0.0000000000000000
          0.0061618723094467
          0.0743975910706891
          0.0000000000000000
          0.0105144373336834
          0.1108016689478992
          0.0000000000000000
          0.0306355259586386
          0.2480227080156336
          0.0000000000000000
         18.8253035591280309
         36.7188413159840579
1
          2.0112165998037108
          4.9552559867186883
          1.4112108036132787
          3.3239580854636559
          0.9736397126479077
          2.1989670351884483
          0.5704310851365479
          1.2303369838889027
          0.2390050368916726
          0.4939725064656568
          0.0600912714921171
          0.1211949061166349
          0.0019123156723089
          0.0038256568298873
          0.0000019371026742
          0.0000038742064006
          0.3068622784992740
          2.2139209276789105
          2.0378298376258890
          0.3461399674263776
          6.9034858424537919
          5.7858847770687198
          0.2986660399225163
          1.3432849919666141
          1.3957657794270657
          0.3772214177767232
         10.7224148215163577
          8.8918756583127205
          0.2039441390146002
          1.5731314322938144
          1.3994762135668322
          0.2252714217914346
          4.9110414935578959
          3.9886880533891977
          0.1994839442661465
          0.9265420817106601
          0.9408045913020815
          0.2421385098198151
          7.6023622042388190
          6.1192282709468104
          0.1086674544150966
          2.7644141807118041
          2.1311512624093902
          0.1145731850330743
          4.2571504976303247
          3.2602242408355484
          0.0398749559089336
          1.2621253146663889
          0.9092461024779075
          0.0412433559024436
          1.9319135200527600
          1.3860352766940038
          0.0468185186796173
          4.6084358649287074
          3.3800964652925130
          2.2942992362890711
       1486.6539575186152433
       1364.2897251961114762
          0.0097425348965448
          0.4236608101047706
          0.2804875729734956
          0.0099134648977898
          0.6443413051791954
          0.4257958640373586
          0.0106091278539116
          1.5068989531250880
          1.0186850220368628
          0.2882527121105594
        375.3556761337846979
        339.5947036553822045
          0.0006038252913461
          0.0504447009009159
          0.0295109371878735
          0.0006065311896982
          0.0761595293637641
          0.0445500457281202
          0.0006175347904058
          0.1743252444158237
          0.1037154547680430
          0.0049750701307343
         30.7443785901038851
         24.7947912148774492
1
          2.0112165998037108
          4.9552559867186892
          1.4112108036132787
          3.3239580854636563
          0.9736397126479077
          2.1989670351884496
          0.5704310851365482
          1.2303369838889027
          0.2390050368916726
          0.4939725064656568
          0.0600912714921171
          0.1211949061166349
          0.0019123156723089
          0.0038256568298873
          0.0000019371026742
          0.0000038742064006
          0.3068622784992740
          2.2139209276789127
          2.0378298376258841
          0.3461399674263776
          6.9034858424537902
          5.7858847770687216
          0.2986660399225164
          1.3432849919666145
          1.3957657794270628
          0.3772214177767232
         10.7224148215163648
          8.8918756583127294
          0.2039441390146002
          1.5731314322938146
          1.3994762135668335
          0.2252714217914346
          4.9110414935578959
          3.9886880533891977
          0.1994839442661465
          0.9265420817106609
          0.9408045913020808
          0.2421385098198151
          7.6023622042388208
          6.1192282709468087
          0.1086674544150966
          2.7644141807118054
          2.1311512624093925
          0.1145731850330743
          4.2571504976303300
          3.2602242408355515
          0.0398749559089336
          1.2621253146663876
          0.9092461024779059
          0.0412433559024436
          1.9319135200527604
          1.3860352766940029
          0.0468185186796173
          4.6084358649287074
          3.3800964652925130
          2.2942992362890715
       1486.6539575186150159
       1364.2897251961114762
          0.0097425348965448
          0.4236608101047706
          0.2804875729734954
          0.0099134648977898
          0.6443413051791957
          0.4257958640373583
          0.0106091278539116
          1.5068989531250880
          1.0186850220368628
          0.2882527121105594
        375.3556761337846410
        339.5947036553831708
          0.0006038252913461
          0.0504447009009159
          0.0295109371878735
          0.0006065311896982
          0.0761595293637642
          0.0445500457281203
          0.0006175347904058
          0.1743252444158238
          0.1037154547680429
          0.0049750701307343
         30.7443785901038886
         24.7947912148774066
1
          2.0112165998037108
          4.9552559867186892
          1.4112108036132782
          3.3239580854636550
          0.9736397126479077
          2.1989670351884478
          0.5704310851365481
          1.2303369838889031
          0.2390050368916726
          0.4939725064656567
          0.0600912714921171
          0.1211949061166349
          0.0019123156723089
          0.0038256568298873
          0.0000019371026742
          0.0000038742064006
          0.3068622784992740
          2.2139209276789127
          2.0378298376258854
          0.3461399674263775
          6.9034858424537893
          5.7858847770687216
          0.2986660399225164
          1.3432849919666145
          1.3957657794270628
          0.3772214177767232
         10.7224148215163702
          8.8918756583127294
          0.2039441390146002
          1.5731314322938146
          1.3994762135668326
          0.2252714217914346
          4.9110414935578968
          3.9886880533891995
          0.1994839442661465
          0.9265420817106614
          0.9408045913020804
          0.2421385098198151
          7.6023622042388217
          6.1192282709468078
          0.1086674544150966
          2.7644141807118072
          2.1311512624093916
          0.1145731850330742
          4.2571504976303292
          3.2602242408355515
          0.0398749559089336
          1.2621253146663880
          0.9092461024779060
          0.0412433559024436
          1.9319135200527611
          1.3860352766940029
          0.0468185186796173
          4.6084358649287065
          3.3800964652925121
          2.2942992362890715
       1486.6539575186154707
       1364.2897251961107941
          0.0097425348965448
          0.4236608101047706
          0.2804875729734956
          0.0099134648977898
          0.6443413051791956
          0.4257958640373583
          0.0106091278539116
          1.5068989531250883
          1.0186850220368633
          0.2882527121105594
        375.3556761337846979
        339.5947036553828866
          0.0006038252913461
          0.0504447009009159
          0.0295109371878735
          0.0006065311896982
          0.0761595293637642
          0.0445500457281203
          0.0006175347904058
          0.1743252444158238
          0.1037154547680429
          0.0049750701307343
         30.7443785901038993
         24.7947912148774066
