1  82   4   1   0   -12.270843   0.000000

./DATA/2947/200/29/
0
          1.4691584717122503
          8.0314746899723239
          0.8567631965198511
          5.6618738847173695
          0.4750473878567222
          3.9860950576373249
          0.1981417441863407
          2.4628502223253261
          0.0466613030237099
          1.1648674365143705
          0.0046495495436395
          0.3650269855709817
          0.0000146289658511
          0.0204584778621890
          0.0000000001448683
          0.0000643801578220
          0.0157381094492147
          1.6858154355500521
          7.9746402877033562
          0.0438104884666185
          7.6244636317860790
         19.2777643554105609
          0.0116253737663499
          0.8577459997829540
          6.4656004585566613
          0.0677701318011575
         12.7350423922549769
         29.0718485939710867
          0.0080657527091522
          1.1223619692840829
          5.7552106213948653
          0.0224525483407053
          5.2359797279306592
         14.0157372439424837
          0.0059582567553468
          0.5466843942699545
          4.5506001487971890
          0.0347318480184530
          8.7739199115631106
         21.0716533938925181
          0.0070919911647702
          2.7799900758339882
          8.2559189465727680
          0.0109706577001273
          4.6796827172275881
         12.3574542468871442
          0.0014129356383923
          1.1733367115542395
          4.0731772468777114
          0.0021856893747535
          1.9842693539046932
          6.0705882071039454
          0.0057567722855480
          5.7666329970125068
         14.3340098219234324
          3.3302551344040254
       3990.5401067373181831
       7028.6859271590601566
          0.0001410085901845
          0.3530829952737443
          1.5592573461430048
          0.0002181285464128
          0.5995721298827394
          2.3170841235988955
          0.0005745226881926
          1.7450681660846670
          5.3398941507568125
          0.3323717776256205
       1150.2445521214094697
       1900.3891125122463563
          0.0000014045511674
          0.0337916432380997
          0.2515714097202457
          0.0000021727255071
          0.0575898660155503
          0.3739845907926019
          0.0000057227033408
          0.1677764871660632
          0.8430674414051895
          0.0033107461328870
        105.3315798898307918
        175.8866136396387674
1
          2.6771582299907761
          6.8234749316938004
          1.8872912949057896
          4.6313457863314307
          1.3286983525457754
          3.1324440929482726
          0.8209500741084422
          1.8400418924032249
          0.3882891455047905
          0.8232395940332904
          0.1216756618569939
          0.2480008732576275
          0.0068194926207297
          0.0136536142073104
          0.0000214600526073
          0.0000429202500829
          0.6738760251795977
          4.5306132866264024
          4.4717045208966439
          0.8778371527097574
         13.6376564754495533
         12.4305448475039455
          0.6448378489275146
          3.3066399411103951
          3.3834940420680524
          1.0527601039878345
         21.5207263187567470
         19.3011746952826577
          0.4695546020737967
          3.2718185332103511
          3.1442652081039641
          0.5901690141286617
          9.9088133770145692
          8.7751871290706411
          0.4524603463774096
          2.3110408711999590
          2.3397415822451184
          0.6936891704871397
         15.5850305588084357
         13.6015854241785128
          0.3036114521762338
          5.8233864186406885
          4.9160031427545849
          0.3458185214997634
          9.1065600273344280
          7.5957290729806717
          0.1238370560259270
          2.8588896230513665
          2.2652002149930501
          0.1360060234056760
          4.4364698758928576
          3.4845673510848840
          0.1857931354438676
         11.1066312760654018
          8.8139751797122319
         21.0434036216374345
       5973.8838464418768126
       5027.6290389672740275
          0.0360703291098497
          1.0850585709668883
          0.7913524499302006
          0.0381657690690960
          1.6682485875553155
          1.2104600254036304
          0.0467161178255540
          4.0481865868816591
          2.9906341348224688
          3.5429651900822869
       1643.2549953351394834
       1404.1680758860620699
          0.0033481363114326
          0.1722818816033320
          0.1097344395947483
          0.0034123998789207
          0.2616948827757426
          0.1664693468789953
          0.0036739712696110
          0.6106225141195938
          0.3965531658853910
          0.1081713085191940
        152.1519264393307367
        128.9614065277519899
1
          2.6771582299907752
          6.8234749316938021
          1.8872912949057883
          4.6313457863314316
          1.3286983525457747
          3.1324440929482726
          0.8209500741084422
          1.8400418924032251
          0.3882891455047905
          0.8232395940332906
          0.1216756618569939
          0.2480008732576274
          0.0068194926207297
          0.0136536142073104
          0.0000214600526073
          0.0000429202500829
          0.6738760251795975
          4.5306132866264033
          4.4717045208966457
          0.8778371527097568
         13.6376564754495586
         12.4305448475039544
          0.6448378489275152
          3.3066399411103955
          3.3834940420680493
          1.0527601039878334
         21.5207263187567364
         19.3011746952826400
          0.4695546020737965
          3.2718185332103515
          3.1442652081039690
          0.5901690141286612
          9.9088133770145745
          8.7751871290706340
          0.4524603463774096
          2.3110408711999586
          2.3397415822451229
          0.6936891704871390
         15.5850305588084250
         13.6015854241785288
          0.3036114521762335
          5.8233864186406912
          4.9160031427545787
          0.3458185214997632
          9.1065600273344227
          7.5957290729806513
          0.1238370560259269
          2.8588896230513656
          2.2652002149930488
          0.1360060234056758
          4.4364698758928576
          3.4845673510848911
          0.1857931354438674
         11.1066312760654000
          8.8139751797122585
         21.0434036216373705
       5973.8838464418731746
       5027.6290389672740275
          0.0360703291098497
          1.0850585709668881
          0.7913524499301992
          0.0381657690690960
          1.6682485875553146
          1.2104600254036295
          0.0467161178255539
          4.0481865868816582
          2.9906341348224608
          3.5429651900822745
       1643.2549953351392560
       1404.1680758860620699
          0.0033481363114326
          0.1722818816033319
          0.1097344395947483
          0.0034123998789207
          0.2616948827757432
          0.1664693468789954
          0.0036739712696110
          0.6106225141195930
          0.3965531658853921
          0.1081713085191936
        152.1519264393307935
        128.9614065277525867
1
          2.6771582299907766
          6.8234749316937986
          1.8872912949057894
          4.6313457863314298
          1.3286983525457752
          3.1324440929482735
          0.8209500741084422
          1.8400418924032240
          0.3882891455047905
          0.8232395940332911
          0.1216756618569939
          0.2480008732576272
          0.0068194926207297
          0.0136536142073104
          0.0000214600526073
          0.0000429202500829
          0.6738760251795980
          4.5306132866264033
          4.4717045208966466
          0.8778371527097573
         13.6376564754495657
         12.4305448475039579
          0.6448378489275152
          3.3066399411103946
          3.3834940420680484
          1.0527601039878343
         21.5207263187567328
         19.3011746952826471
          0.4695546020737967
          3.2718185332103511
          3.1442652081039686
          0.5901690141286616
          9.9088133770145692
          8.7751871290706571
          0.4524603463774096
          2.3110408711999564
          2.3397415822451264
          0.6936891704871394
         15.5850305588084250
         13.6015854241785199
          0.3036114521762336
          5.8233864186406930
          4.9160031427545823
          0.3458185214997634
          9.1065600273344245
          7.5957290729806495
          0.1238370560259270
          2.8588896230513661
          2.2652002149930488
          0.1360060234056759
          4.4364698758928602
          3.4845673510848902
          0.1857931354438676
         11.1066312760653965
          8.8139751797122603
         21.0434036216374345
       5973.8838464418740841
       5027.6290389672785750
          0.0360703291098497
          1.0850585709668883
          0.7913524499301987
          0.0381657690690960
          1.6682485875553141
          1.2104600254036300
          0.0467161178255540
          4.0481865868816582
          2.9906341348224590
          3.5429651900822865
       1643.2549953351399381
       1404.1680758860600235
          0.0033481363114326
          0.1722818816033319
          0.1097344395947483
          0.0034123998789207
          0.2616948827757432
          0.1664693468789952
          0.0036739712696110
          0.6106225141195936
          0.3965531658853917
          0.1081713085191940
        152.1519264393308504
        128.9614065277519046
