1  82   4   1   4   -13.767601   0.000000
  0 
./DATA/2947/110/M027/
0
          8.0506180842742623
          3.1133706366552802
          5.5144644174142741
          2.1905531198103416
          3.7768345028651771
          1.5367715903913943
          2.2748730876872205
          0.9515815978322764
          1.0807165959168890
          0.4666536733056489
          0.3729156976968295
          0.1661015556081038
          0.0327973962061811
          0.0153137329687863
          0.0003342060088856
          0.0001772052003507
          6.8300639974897512
          6.3412864149854187
          0.9879191647310673
         18.4831811420917660
         19.1302500670430042
          1.4713692372543887
          5.5248889654410833
          4.8118815797835337
          0.9931482771019426
         28.8311232546451173
         30.3898088838986951
          1.9600484221485845
          4.8587843266462034
          4.6307591335215301
          0.6832416614898191
         13.2073479477187110
         14.0018189709757674
          0.9987497880626161
          3.8907878925493327
          3.4521663261771001
          0.6903518920864127
         20.5879151346943559
         22.1942860010855476
          1.3213681452320054
          7.5836752983984308
          8.3358394469700663
          0.5223658469802104
         11.8077640346555093
         13.1590170903142027
          0.6833673404286694
          3.6458608132571864
          4.1747311282443098
          0.2187793803217459
          5.6683588924000530
          6.5508184763850252
          0.2822252427318532
         14.9225800719768458
         17.1740171430891770
          0.5524163615055168
      12140.7137954947302205
      12720.5006438408472604
        132.0437480143520474
          1.3730380919244112
          1.6417837045091741
          0.0670689874630963
          2.1320617410501983
          2.5551626976450876
          0.0851647562405442
          5.5398981418745663
          6.5238681537666796
          0.1601798316484024
       3950.1482695740692179
       4043.7946391876585039
         31.0403096205908646
          0.2306793902414557
          0.2905675679999127
          0.0073240994446027
          0.3585505715909931
          0.4463945060460284
          0.0091375156643689
          0.9143457177705078
          1.0914718192611208
          0.0160992039474604
        502.0133813022298455
        469.3822596065256789
          2.0301367095299141
0
          8.0348358945974248
          3.1161336651809775
          5.5114391104735834
          2.1917811553586737
          3.7881473878296203
          1.5351695619039036
          2.3029854931391061
          0.9467546908312275
          1.1219374082183491
          0.4604676807273940
          0.4110061171870588
          0.1619231661846698
          0.0445663097351855
          0.0144562749853983
          0.0007728942211813
          0.0001476830935656
          7.0037473467349720
          6.3483759889061835
          0.9846479470601242
         18.3287215900475076
         19.1509514032228942
          1.4751211671516653
          5.7944487310571562
          4.8659840578318869
          0.9688722553058056
         28.4443972176821838
         30.4711348864653111
          1.9498186954888879
          5.0130289136080108
          4.6393235898269376
          0.6808359042374452
         13.0888863954526595
         14.0350936479649491
          1.0013973814519717
          4.1165299987238280
          3.4935701694952241
          0.6722549240624327
         20.2682449624131387
         22.2851102857712817
          1.3133778784914856
          7.5030603627519543
          8.3798262338215697
          0.5241989108009033
         11.5701271377856738
         13.2533509303318215
          0.6786253473170516
          3.5935602055613942
          4.2192208435064167
          0.2203730749509246
          5.5061723801748004
          6.6338722938112458
          0.2806067103128609
         14.2300202427128060
         17.4346985609735903
          0.5278388306232060
      12145.5045428355842887
      12434.0212526505420101
        140.4051283047150775
          1.3425348566726436
          1.6753979710881877
          0.0684169289855620
          2.0375018930582991
          2.6123198859914281
          0.0854766210250237
          5.1284220246029557
          6.6931147826780641
          0.1524762675153510
       3839.1052288149212472
       4022.7494558003472775
         31.5327058896619263
          0.2206919886231913
          0.3035375616696524
          0.0078692816034755
          0.3287823793164434
          0.4665919593949376
          0.0096228223094805
          0.7849384029942501
          1.1452249690577154
          0.0158013691288331
        439.2005228459879049
        490.8446119203420039
          1.7913189638940112
0
          8.1708345840459842
          2.9798377009030301
          5.5397429633918813
          2.1639544973535632
          3.7493880215247937
          1.5739303156898146
          2.2270277939576215
          1.0211461369438726
          1.0518713251708778
          0.5269624488534428
          0.3749854781739241
          0.1940427134345082
          0.0400542369356000
          0.0177020550745197
          0.0007010319484553
          0.0001781752341387
          6.5721918161561277
          6.6857558769428795
          1.0672979515730516
         18.9222989054563833
         18.7103519184976115
          1.3404658165518284
          5.2398968662818373
          5.2732851833032326
          1.0951327762103025
         29.9401110448823502
         29.3224772664126654
          1.6414685061678562
          4.6309225875289615
          4.9292628216413616
          0.7612198994807736
         13.4133722662788095
         13.7873092118773446
          0.9415749351788801
          3.6547667985818819
          3.8293862538790870
          0.7783590300407763
         21.2196661560815798
         21.5454790343510467
          1.1390691014369896
          7.5884914604452991
          8.3051756110615287
          0.5260924572493580
         11.9929982455149968
         12.9140040834743015
          0.6257291582257373
          3.5712540657194509
          4.2252545068441849
          0.2437531732207708
          5.6299289543900768
          6.5251378154030180
          0.2853841051437290
         15.0192179326704895
         16.8109232418375569
          0.4369149550846523
      12307.1421927280589443
      12414.0686579953053297
         95.4350166431108846
          1.3081265897220304
          1.6941368999267019
          0.0865128117946552
          2.0517982401505401
          2.5924390480673858
          0.1002663223565521
          5.3669627246247531
          6.4997179483338909
          0.1468481736603714
       3881.6985658488042645
       4038.3074461519204306
         18.7356426445220343
          0.2119039507549764
          0.3079067262185322
          0.0122230769340464
          0.3284320768034792
          0.4639559655017567
          0.0141810361912933
          0.8242852969646042
          1.1109458288351701
          0.0202069648944333
        444.4545239275849440
        496.3077823788195246
          0.8568948462224778
1
          9.2093420027392856
          1.9549717518473262
          6.5462887725225789
          1.1585710941935050
          4.6458714679851107
          0.6670713534378542
          2.9194824256073768
          0.3056814583450480
          1.4540838028864858
          0.0915576175547972
          0.5220674352272817
          0.0154779642689689
          0.0474720630287043
          0.0002436094602854
          0.0005030635280550
          0.0000000719803771
         11.1932270041846014
          2.8531949545531279
          0.1033811406015019
         26.9902588306144224
         11.8004476140911176
          0.2968309240537079
          9.5533920683269944
          1.6926179301195443
          0.0642164706865374
         41.1474557211866170
         19.5871232491955318
          0.4511160375909491
          8.1600497403178007
          1.9461379329235624
          0.0588687559173042
         19.8517339475861405
          8.1879012068794452
          0.1691206771087999
          6.8554591555925297
          1.1262247451158904
          0.0364495585267700
         30.2388275701291818
         13.6097512930276636
          0.2569534009097614
         11.9282567213443311
          4.4475681920887284
          0.0645530320109930
         18.1449237700873560
          7.4054776509467324
          0.0980293342745158
          6.0573286290347790
          1.9616498103079822
          0.0169668519755059
          9.2004350725404951
          3.2701475361783947
          0.0257470974434351
         23.1469853686633940
          9.4424698687569428
          0.0625995787550706
      16129.3640069874345500
       8970.4623685947717604
         28.5166868422060560
          2.4304795328895432
          0.6445202928726780
          0.0025640605064566
          3.6873759762385925
          1.0742391712534443
          0.0038870499298326
          9.1258547821105189
          3.0790510672124931
          0.0094064703151567
       5393.9838129242798459
       2692.7894946876604081
          4.1749451531390722
          0.4461235482736172
          0.0792882642598916
          0.0000613439081045
          0.6772648158434253
          0.1316490153024896
          0.0000928338441777
          1.6393298600352832
          0.3708801123047520
          0.0002228053485792
        710.1423259408244348
        275.5444592913579527
          0.0940816217172546
   0    4  0.475059  0.885858 -0.177147 
          0.0516335863216930          -0.1414927048676800          -0.0540365272964381
         -0.0514550657555142           0.1066087621017816          -0.0080155616319378
          0.0158708116682436          -0.0260555132702608          -0.0076057125970559
         -0.0166582712072903           0.0177368564054458          -0.0002954541361829
         -0.0379847756788412           0.0627318788171739          -0.0040883243051469
          0.0280573375847719          -0.0593178876850232           0.0069580576408425
         -0.0975108504679424           0.1312682803579050          -0.0289802921930773
          0.0686606740260902          -0.1243429045474090           0.0167696895128790
         -0.1273260214010612           0.1503071727965745          -0.0628642378294383
          0.0754760160128660          -0.1486685511111668           0.0276841499352543
         -0.0954387845228216           0.1068530995281018          -0.0645246052819984
          0.0395533808113827          -0.1136101273862675           0.0295345518086765
         -0.0200564632735861           0.0230960891731009          -0.0196107630682294
         -0.0006059407475620          -0.0288750064920861           0.0102884106843236
         -0.0004724409038458           0.0005524539381601          -0.0005970568641150
         -0.0003419994703883          -0.0008817425573670           0.0003340126705898
         -0.4032401181998848           0.5508500105472061          -0.0930147656316517
          0.1443689881055193          -0.3762452658021450           0.0457081858490467
          0.0993761201098003          -0.1371714883560785           0.0042046257621038
          0.3607062542962081          -0.4200324085946157           0.0544266538588117
         -0.1438410744804758           0.2259313393340187           0.0016496147440995
         -0.1341974260208403           0.1243358516788465           0.0087831880855539
         -0.6784155501924304           0.7176147849720117          -0.2576387827086256
          0.1735636682968140          -0.3299973053476900           0.0294862194996656
          0.1952573646999235          -0.3497079859348053           0.0462767021132329
          0.8494771947997630          -1.2241500533116285           0.0372440562722950
         -0.4028564568751757           0.8743559049246422          -0.0586309227102297
         -0.2718897275613580           0.1733066941350443           0.0554338267601331
         -0.3825670910607738           0.5075525747315547          -0.0928887357827851
          0.1336882616984200          -0.3554407289242615           0.0373737958877110
          0.0940024507735406          -0.1192274751336347           0.0021782664283192
          0.1876240594834582          -0.1102392122298395           0.0897948429006240
         -0.0526270895981547           0.0483235510030791           0.0291003645740473
         -0.0853296247035867           0.0575071595704715           0.0084713969767622
         -0.5836103908780932           0.5947561712739627          -0.2243384626216830
          0.1461652600127795          -0.2969847371979643           0.0236647944358896
          0.1645407428625187          -0.2719114736155481           0.0335621280856702
          0.5567719102103709          -0.6408274026488244           0.1410286947451357
         -0.2264654425803699           0.5105438226567166           0.0071179318085624
         -0.1941234080917361           0.0815577957926648           0.0461483891825564
          0.0007770300592492           0.1675361566767820           0.0731092723126412
          0.0289524343371314          -0.1263026087687825           0.0365624211299435
         -0.0312322893572473           0.0022227069422424           0.0049450196272470
          0.2121827707060915          -0.0697838493074178           0.1524305617252858
         -0.0493321624265988           0.1182143013895552           0.0392906224738705
         -0.0996315874534694           0.0041607214234560           0.0295685215876689
         -0.1044904657452949           0.2780270237306469           0.0142808324164996
          0.0554332915687029          -0.2074639593414792           0.0225793916743174
          0.0022496183998824          -0.0164319368661823           0.0004025906323540
         -0.0225021264124139           0.2328925809738996           0.0669163812424912
          0.0384393947840301          -0.1238607333345807           0.0275071710325969
         -0.0308465810999824          -0.0229034042609008           0.0129400288800457
          0.3039122808282706          -0.2603472930746508           0.4104671391111477
          0.0414672835890044           0.5506938440251291           0.0458391153388771
         -0.1717501968824304          -0.0633174524309770           0.0736742679048559
       -820.1019502793888023        -955.8528863866566780         375.4720640788810329
        426.5025719371546415         394.5163349362817371         108.0649460456557023
         32.5141412288448493          44.9241462914560188           5.0839826536731536
         -0.1139085611843087           0.2429049294915732          -0.0373004709174534
          0.0362679428854644          -0.1906415137299168           0.0057432942227323
          0.0119201771603450          -0.0117604190867782          -0.0020309508733421
         -0.1056244236298564           0.2810384754662660          -0.0286965948034327
          0.0407703789097575          -0.1926374953683432           0.0043787159996281
          0.0013166188080193          -0.0168055465955343           0.0022654852488173
         -0.0531841916041186           0.2712147606517997           0.0956295515564753
          0.0961023396045221          -0.0134933609518970          -0.0011916473656228
         -0.0472128705959949          -0.0429820377068576           0.0242003815750962
       -279.8046744029425668        -453.3657336961265401         394.3310941512744421
        206.9300258189689714         236.5687662692442075         113.1338713656395782
         -0.1668941759375224           7.4662372935244328           4.6893601088709014
         -0.0487222455069934           0.1072601321099969          -0.0409345602431584
          0.0013133880212030          -0.0906836083215747          -0.0009535533416244
          0.0052100570452492          -0.0019893432127919          -0.0012175096120516
         -0.0591088486384045           0.1437041446995295          -0.0561610348982694
          0.0020298271649580          -0.1118187574307428          -0.0041771971860387
          0.0044707918384094          -0.0029166864153292          -0.0008517807562530
         -0.0896752576098241           0.2461886049403476          -0.0923277769701387
          0.0158603926706000          -0.1410653222863802          -0.0200901171947604
         -0.0001280213290580          -0.0075555212243062           0.0015046356363668
        -38.8322625126753280         -91.4481411111809592         104.1936837370861326
         47.3073807462946760          57.2336004446984106          22.1571958186073061
         -1.0885450929563429          -0.4575769212482367           0.7263467093291621
   3
         -0.0514550657555143           0.1066087621017816          -0.0080155616319378
          0.0000000000000000           0.0000000000000000           0.0000000000000000
         -0.0166582712072902           0.0177368564054458          -0.0002954541361829
          0.0000000000000000           0.0000000000000000           0.0000000000000000
          0.0280573375847719          -0.0593178876850232           0.0069580576408425
          0.0000000000000000           0.0000000000000000           0.0000000000000000
          0.0686606740260902          -0.1243429045474090           0.0167696895128790
          0.0000000000000000           0.0000000000000000           0.0000000000000000
          0.0754760160128660          -0.1486685511111668           0.0276841499352543
          0.0000000000000000           0.0000000000000000           0.0000000000000000
          0.0395533808113827          -0.1136101273862675           0.0295345518086765
          0.0000000000000000           0.0000000000000000           0.0000000000000000
         -0.0006059407475620          -0.0288750064920861           0.0102884106843236
          0.0000000000000000           0.0000000000000000           0.0000000000000000
         -0.0003419994703883          -0.0008817425573670           0.0003340126705898
          0.0000000000000000           0.0000000000000000           0.0000000000000000
          0.6236869365406006          -0.9485951204723998           0.1155133614685807
         -0.1018190091686164           0.0496903623678166           0.0281612599397174
          0.0000000000000000           0.0000000000000000           0.0000000000000000
         -0.6231590229155570           0.7982811940042743          -0.0681555608754346
          0.0321763973465355          -0.0753616357222806          -0.0021856322444021
          0.0000000000000000           0.0000000000000000           0.0000000000000000
          0.8266859968806818          -1.3517333339130868           0.0951678091778766
         -0.0573102441578882          -0.0645309488548752           0.0676199536419372
          0.0000000000000000           0.0000000000000000           0.0000000000000000
         -1.6670059220316342           2.1420192950402575          -0.2721700355101521
          0.2106805688724155          -0.3146349450350691           0.0069261692736983
          0.0000000000000000           0.0000000000000000           0.0000000000000000
          0.5453816054541875          -0.8002980148154409           0.1309987845359657
         -0.0708875643537664           0.0149994718959693           0.0229145520791308
          0.0000000000000000           0.0000000000000000           0.0000000000000000
         -0.4643204333539209           0.4931808368942589          -0.0645246240742073
          0.0882332164936742          -0.1384401030222957          -0.0016152252689684
          0.0000000000000000           0.0000000000000000           0.0000000000000000
          0.7017681842772331          -1.0854350707443188           0.1276109781279279
         -0.0533884193319414          -0.0567815492646174           0.0533401791090847
          0.0000000000000000           0.0000000000000000           0.0000000000000000
         -1.3176358933389845           1.5015226326750812          -0.2634358390924186
          0.2648531423629394          -0.3636606991011476           0.0042806244128868
          0.0000000000000000           0.0000000000000000           0.0000000000000000
         -0.2717383824155554           0.1536695069261282          -0.0609324063484728
          0.1264237999950260          -0.1552951488997862          -0.0054644779085357
          0.0000000000000000           0.0000000000000000           0.0000000000000000
         -0.8516111018180115           0.7460228622097722          -0.2336669033568526
          0.2812637283186198          -0.3305961197584117          -0.0056402680227984
          0.0000000000000000           0.0000000000000000           0.0000000000000000
         -0.1264895375533562          -0.0675579762856144          -0.0517802459503120
          0.1179595733101499          -0.1124287078481171          -0.0099481120063178
          0.0000000000000000           0.0000000000000000           0.0000000000000000
         -0.4505964102892723           0.1912356586365491          -0.1777320031138564
          0.2302690439178209          -0.2174093003246622          -0.0151536057373477
          0.0000000000000000           0.0000000000000000           0.0000000000000000
         -2.1137734684431444           2.0218965610096054          -0.9978415046937501
          0.7768955351087654          -0.9074965733620175           0.0359656952590838
          0.0000000000000000           0.0000000000000000           0.0000000000000000
      -3802.2149217316027716        6516.5800455234948458       -3065.5223223839302591
        882.6283771475576714       -3387.5392725668166349        1052.1853407062189945
          0.0000000000000000           0.0000000000000000           0.0000000000000000
         -0.0470885309454918          -0.1423447565548767          -0.0340584457032378
          0.0750550602600267          -0.0512690514498647          -0.0099353194468858
          0.0000000000000000           0.0000000000000000           0.0000000000000000
         -0.1853888332590452          -0.0841538274442843          -0.1051094864003076
          0.1364611299085908          -0.0941186901824002          -0.0160302296632065
          0.0000000000000000           0.0000000000000000           0.0000000000000000
         -0.8878281617986130           0.4992311693657279          -0.5333174027493905
          0.4231090173112554          -0.3586210253024176          -0.0164832712064826
          0.0000000000000000           0.0000000000000000           0.0000000000000000
      -1434.6546470204527850        2405.9383797934897302       -1237.9609059492065626
        344.0081134465722243       -1143.7141499057681813         357.8848500575078901
          0.0000000000000000           0.0000000000000000           0.0000000000000000
         -0.0147684925782976          -0.0865361858499017          -0.0095835142512729
          0.0198982831218145          -0.0070259952967703          -0.0038934439817757
          0.0000000000000000           0.0000000000000000           0.0000000000000000
         -0.0423514616464322          -0.1032863990090011          -0.0282599333553527
          0.0343472137702085          -0.0124801849307511          -0.0063624797171571
          0.0000000000000000           0.0000000000000000           0.0000000000000000
         -0.1756862724455875          -0.0954224830958525          -0.1348338147898036
          0.0997249037122288          -0.0447391506364000          -0.0138910380687061
          0.0000000000000000           0.0000000000000000           0.0000000000000000
       -206.4459228079400361         330.3238552751145107        -214.7845531807605823
         59.4509499518764031        -124.3398775519703463          38.5703379110450868
          0.0000000000000000           0.0000000000000000           0.0000000000000000
   0
         -0.0000000000000001           0.0000000000000000           0.0000000000000001
          0.0000000000000000           0.0000000000000000           0.0000000000000000
          0.0000000000000000           0.0000000000000000           0.0000000000000000
          0.0000000000000000           0.0000000000000000           0.0000000000000000
         -0.0000000000000000           0.0000000000000000           0.0000000000000000
          0.0000000000000000           0.0000000000000000           0.0000000000000000
          0.0000000000000000           0.0000000000000000           0.0000000000000000
          0.0000000000000000           0.0000000000000000           0.0000000000000000
          0.0000000000000000           0.0000000000000000           0.0000000000000000
          0.0000000000000000           0.0000000000000000           0.0000000000000000
          0.0000000000000000           0.0000000000000000           0.0000000000000000
          0.0000000000000000           0.0000000000000000           0.0000000000000000
         -0.0000000000000000          -0.0000000000000000           0.0000000000000000
          0.0000000000000000           0.0000000000000000           0.0000000000000000
          0.0000000000000000           0.0000000000000000           0.0000000000000000
          0.0000000000000000           0.0000000000000000           0.0000000000000000
          0.1173507840903349          -0.1956387099792417          -0.0215583129284308
         -0.1110564559770363           0.1649139875787007          -0.0052067215779815
          0.0000000000000000           0.0000000000000000           0.0000000000000000
         -0.0917205150899390           0.1913679826123739          -0.0036581416770950
          0.0762351500659957          -0.1777496242559330           0.0181945354256388
          0.0000000000000000           0.0000000000000000           0.0000000000000000
          0.0128437013930654          -0.1387764213071953          -0.1480454691010787
         -0.0356730467888907           0.1052566728333662           0.0188943180900160
          0.0000000000000000           0.0000000000000000           0.0000000000000000
         -0.4052988969674753           0.6352369638760366          -0.1122451265984072
          0.3389101652971727          -0.5800705508359002           0.0656968320972567
          0.0000000000000000           0.0000000000000000           0.0000000000000000
          0.0933959830405667          -0.1285804916927651           0.0064229786003142
         -0.0844399806286689           0.1095409506235558          -0.0045869054658152
          0.0000000000000000           0.0000000000000000           0.0000000000000000
         -0.1094093319744271           0.1880105317003702          -0.0054506378778229
          0.0931128066986222          -0.1712612661867191           0.0152365688708965
          0.0000000000000000           0.0000000000000000           0.0000000000000000
          0.0251331110106796          -0.0945814163080051          -0.0877118442509621
         -0.0390959799899086           0.0727042626656009           0.0139013593292682
          0.0000000000000000           0.0000000000000000           0.0000000000000000
         -0.3804775190193085           0.5386006304782658          -0.1114590772072374
          0.3160095946646738          -0.4889001709549493           0.0535483080026912
          0.0000000000000000           0.0000000000000000           0.0000000000000000
         -0.1116538044317255           0.1530592322597962          -0.0073462329489935
          0.0958676174968597          -0.1356220670465393           0.0087881432981848
          0.0000000000000000           0.0000000000000000           0.0000000000000000
         -0.3138064761788482           0.3797044376529726          -0.0955953713714773
          0.2581307880259364          -0.3393648359441915           0.0337108471850633
          0.0000000000000000           0.0000000000000000           0.0000000000000000
         -0.0894397383534248           0.0967148233431288          -0.0064371024288776
          0.0765202739032569          -0.0818044791978416           0.0020135750475041
          0.0000000000000000           0.0000000000000000           0.0000000000000000
         -0.2164307472570939           0.2152530132487733          -0.0647769636992233
          0.1761141488817245          -0.1855995087802630           0.0143683408134173
          0.0000000000000000           0.0000000000000000           0.0000000000000000
         -0.9619867769664312           0.9429898815160542          -0.5240131076188060
          0.7124028657925824          -0.8522674155515017           0.1308647005259945
          0.0000000000000000           0.0000000000000000           0.0000000000000000
      -1660.3565071607220034        2745.1803934143649712       -1941.9397794687743044
        494.2923362430478278       -3128.6406788572026016         904.2174380852171680
          0.0000000000000000           0.0000000000000000           0.0000000000000000
         -0.0526912191492147           0.0434805908698462          -0.0032087109049791
          0.0444791329494931          -0.0333441184162399          -0.0017499969836359
          0.0000000000000000           0.0000000000000000           0.0000000000000000
         -0.1142617805420586           0.0889120659242641          -0.0309103272333990
          0.0917126490449078          -0.0703590079728811           0.0020296353710994
          0.0000000000000000           0.0000000000000000           0.0000000000000000
         -0.4558282334200335           0.3565821989135989          -0.2359747810724286
          0.3337484660682313          -0.3021754828178473           0.0431130555692943
          0.0000000000000000           0.0000000000000000           0.0000000000000000
       -641.2840519697110722         913.9025901528427767        -785.2409094587251275
        190.9200810657402485       -1039.0288314111403452         323.7055151109366875
          0.0000000000000000           0.0000000000000000           0.0000000000000000
         -0.0135656940721425           0.0076741930859286          -0.0002639814439870
          0.0110250066640543          -0.0041620302723730          -0.0013416236467264
          0.0000000000000000           0.0000000000000000           0.0000000000000000
         -0.0266216488853272           0.0144003488190632          -0.0052719239049444
          0.0207047982660667          -0.0082379561143094          -0.0012909169318708
          0.0000000000000000           0.0000000000000000           0.0000000000000000
         -0.0947207037267872           0.0515709295281448          -0.0412007539844009
          0.0679526591910621          -0.0334048804599230           0.0026342477477643
          0.0000000000000000           0.0000000000000000           0.0000000000000000
       -104.2173166812781062         103.7337104376325954        -123.8859900185959049
         35.6305270226806385        -110.4207931852378408          39.3782873311040760
          0.0000000000000000           0.0000000000000000           0.0000000000000000
   1
         -0.0167682550778575          -0.0395441182340884          -0.0618734654486135
          0.0000000000000000           0.0000000000000000           0.0000000000000000
         -0.0059751425628749          -0.0102755448072226          -0.0131246865971441
          0.0000000000000000           0.0000000000000000           0.0000000000000000
         -0.0035578918488886           0.0057783042781331          -0.0022417908900335
          0.0000000000000000           0.0000000000000000           0.0000000000000000
         -0.0082258001108795           0.0152509809587885          -0.0208666350691694
          0.0000000000000000           0.0000000000000000           0.0000000000000000
         -0.0179302937035796           0.0176508245629701          -0.0580389959663170
          0.0000000000000000           0.0000000000000000           0.0000000000000000
         -0.0213409963075933           0.0134609069193402          -0.0702660921233514
          0.0000000000000000           0.0000000000000000           0.0000000000000000
         -0.0077781824957847           0.0038348386937888          -0.0245316543219399
          0.0000000000000000           0.0000000000000000           0.0000000000000000
         -0.0002710869518033           0.0001745954970202          -0.0007637432975072
          0.0000000000000000           0.0000000000000000           0.0000000000000000
          0.1875336605302260          -0.3283767530232586          -0.0772078345680873
         -0.1976465224265326           0.3787926051731735          -0.0835557353493123
          0.0000000000000000           0.0000000000000000           0.0000000000000000
         -0.3381825668628877           0.4035299032722215          -0.0335742314540842
          0.2402585219397763          -0.5143981821361557           0.0912122204767031
          0.0000000000000000           0.0000000000000000           0.0000000000000000
          0.0113619794491892          -0.5248786507482365          -0.2657652102106696
         -0.1510056198568161           0.5590978190897997          -0.1537594613555066
          0.0000000000000000           0.0000000000000000           0.0000000000000000
         -1.0400704753370471           0.9389346618427289          -0.1784980039826611
          0.7248044688758020          -1.2272837555288585           0.1957764502965229
          0.0000000000000000           0.0000000000000000           0.0000000000000000
          0.1424005660731338          -0.2121172629741717          -0.0587159165399092
         -0.1526031525080288           0.2729278434735466          -0.0759279153483914
          0.0000000000000000           0.0000000000000000           0.0000000000000000
         -0.3321036395568304           0.4811137513009636           0.0278227663173364
          0.2513758566905125          -0.5085942228492929           0.1095441873299877
          0.0000000000000000           0.0000000000000000           0.0000000000000000
          0.0263817872331204          -0.4002151398197074          -0.2030134858389892
         -0.1396661506325579           0.4378753611788400          -0.1338355915329128
          0.0000000000000000           0.0000000000000000           0.0000000000000000
         -0.9226266240268091           0.9862468887305637          -0.0299361201244967
          0.6682918677645272          -1.1251687714668386           0.2371086138238454
          0.0000000000000000           0.0000000000000000           0.0000000000000000
         -0.2984021269067199           0.5088796906304394           0.0443955767529587
          0.2270777558629296          -0.4718486310303281           0.1018080787703237
          0.0000000000000000           0.0000000000000000           0.0000000000000000
         -0.7285707142732875           0.9382112027110434           0.0550571224584900
          0.5336200965897566          -0.9519385466477591           0.2293182595187887
          0.0000000000000000           0.0000000000000000           0.0000000000000000
         -0.2325077591711180           0.4474979837449850           0.0114661085076771
          0.1656680109109560          -0.3915588584623257           0.0676873881822959
          0.0000000000000000           0.0000000000000000           0.0000000000000000
         -0.5016533153892068           0.7678269470007446           0.0408654752372489
          0.3535167464765186          -0.7292555361950542           0.1654840728461903
          0.0000000000000000           0.0000000000000000           0.0000000000000000
         -2.0857381395213226           2.1617364027369050           0.1451645088896805
          1.3140203768545771          -2.3235832780744663           0.6773706614607926
          0.0000000000000000           0.0000000000000000           0.0000000000000000
      -4031.2430745292749634        1813.7374121518982975       -1768.6589405094832728
        658.8972027573803416       -2984.5397299253127130        1082.2035450528733236
          0.0000000000000000           0.0000000000000000           0.0000000000000000
         -0.1453144822441776           0.3151236986860447          -0.0273658714612718
          0.0907056617373031          -0.2708671097490623           0.0286163046116570
          0.0000000000000000           0.0000000000000000           0.0000000000000000
         -0.2790264289889765           0.5137625181255836          -0.0105468702631766
          0.1782849984353739          -0.4734943543032280           0.0836854861259972
          0.0000000000000000           0.0000000000000000           0.0000000000000000
         -1.0106551688151078           1.3370268388853821           0.0973585002481445
          0.5922555220398463          -1.3824193063034667           0.3767374422310450
          0.0000000000000000           0.0000000000000000           0.0000000000000000
      -1628.7821407098399504         722.4209744118221579        -456.7631824143002177
        170.7983168656462567       -1178.4180366230923482         516.0079976763232708
          0.0000000000000000           0.0000000000000000           0.0000000000000000
         -0.0466281612550744           0.1241675575706092          -0.0326122682902211
          0.0216500784124780          -0.1070787662864627           0.0016013387683610
          0.0000000000000000           0.0000000000000000           0.0000000000000000
         -0.0777729408415658           0.1936247206456141          -0.0342281391752754
          0.0383574756539400          -0.1769674738769763           0.0155033400800000
          0.0000000000000000           0.0000000000000000           0.0000000000000000
         -0.2297557409839777           0.4669883773877690          -0.0155552479141735
          0.1069472625568640          -0.4739916834685584           0.0934211682469990
          0.0000000000000000           0.0000000000000000           0.0000000000000000
       -274.3476899768475619         139.0701402322817160         -10.4659002482449139
          1.9501964732697239        -222.8382606428826307         108.6274450409900822
          0.0000000000000000           0.0000000000000000           0.0000000000000000
   2
          0.0684018413995504          -0.1019485866335915           0.0078369381521755
          0.0000000000000000           0.0000000000000000           0.0000000000000000
          0.0218459542311186          -0.0157799684630384           0.0055189740000883
          0.0000000000000000           0.0000000000000000           0.0000000000000000
         -0.0344268838299526           0.0569535745390409          -0.0018465334151134
          0.0000000000000000           0.0000000000000000           0.0000000000000000
         -0.0892850503570629           0.1160172993991165          -0.0081136571239079
          0.0000000000000000           0.0000000000000000           0.0000000000000000
         -0.1093957276974816           0.1326563482336044          -0.0048252418631214
          0.0000000000000000           0.0000000000000000           0.0000000000000000
         -0.0740977882152283           0.0933921926087617           0.0057414868413530
          0.0000000000000000           0.0000000000000000           0.0000000000000000
         -0.0122782807778015           0.0192612504793120           0.0049208912537105
          0.0000000000000000           0.0000000000000000           0.0000000000000000
         -0.0002013539520425           0.0003778584411398           0.0001666864333922
          0.0000000000000000           0.0000000000000000           0.0000000000000000
         -0.1576455550535376           0.1653454495712945           0.0168069174410835
         -0.4090336886976482           0.6146948984812066          -0.0458824539537753
          0.0000000000000000           0.0000000000000000           0.0000000000000000
          0.1975964645784497           0.0254073314517937           0.0420153796409327
          0.4017709087204882          -0.6165676113091192           0.0725959555718729
          0.0000000000000000           0.0000000000000000           0.0000000000000000
         -0.5838744172563256           0.5194082528552219          -0.0947457823187393
         -0.4662051231014253           0.6933784919794425          -0.0555339936874834
          0.0000000000000000           0.0000000000000000           0.0000000000000000
          0.1266096220076499           0.2395320166162201          -0.0443288579190438
          1.1554040717348446          -1.7691465276012084           0.1814228253638132
          0.0000000000000000           0.0000000000000000           0.0000000000000000
         -0.1677888667433977           0.1972439162203043           0.0385884711577674
         -0.3480928706945426           0.5064936949258163          -0.0388025290380452
          0.0000000000000000           0.0000000000000000           0.0000000000000000
         -0.0163807739936801           0.2689562804487304          -0.0148554474220100
          0.3217085125423709          -0.5162241779080871           0.0610107541131262
          0.0000000000000000           0.0000000000000000           0.0000000000000000
         -0.4651262883903625           0.4153222378713611          -0.0333971622739351
         -0.4034835750236849           0.5807072451982189          -0.0402427540921628
          0.0000000000000000           0.0000000000000000           0.0000000000000000
         -0.1623101028909231           0.5587469663282133          -0.1402849994334893
          0.9361191914501407          -1.4647285004695880           0.1593838122101803
          0.0000000000000000           0.0000000000000000           0.0000000000000000
         -0.2108307394052765           0.4437415780582565          -0.0853428908636987
          0.2053242892544939          -0.3715425317178207           0.0466616657382263
          0.0000000000000000           0.0000000000000000           0.0000000000000000
         -0.4168228493399376           0.7689195108851006          -0.2419205718209477
          0.6198072926851195          -1.0397193424925133           0.1250561516430306
          0.0000000000000000           0.0000000000000000           0.0000000000000000
         -0.2730933130962627           0.4448758338206618          -0.1267438930617037
          0.0952858738016622          -0.2293095710649956           0.0341833912977924
          0.0000000000000000           0.0000000000000000           0.0000000000000000
         -0.4770609264821363           0.7289017205747711          -0.2803952143795304
          0.3195481097843222          -0.6325552880187520           0.0879958635339945
          0.0000000000000000           0.0000000000000000           0.0000000000000000
         -1.6617222093373158           1.8945434122160287          -1.1828956359235838
          1.4489428744563244          -2.8249685219487994           0.5481518519310111
          0.0000000000000000           0.0000000000000000           0.0000000000000000
      -1746.7752360023162055         574.7456397820614029       -2342.5542494947108025
       1297.6729265291044157       -4043.8451337100364071        1554.3543166877882413
          0.0000000000000000           0.0000000000000000           0.0000000000000000
         -0.2119961583375608           0.3182267832077386          -0.1208508947986615
          0.0181828660862722          -0.1146900717174601           0.0236299271578746
          0.0000000000000000           0.0000000000000000           0.0000000000000000
         -0.3563765492706801           0.5080051038656755          -0.2369873328554374
          0.1017858196170955          -0.3098646698818320           0.0538454109440509
          0.0000000000000000           0.0000000000000000           0.0000000000000000
         -1.1063615238553359           1.2677500741769205          -0.8338146587771962
          0.5255746727555882          -1.3638491076472512           0.2917470713772132
          0.0000000000000000           0.0000000000000000           0.0000000000000000
       -843.5730352339382989         258.7540723657501758       -1013.3887167606567346
        458.3358123925029304       -1728.1703962440919895         723.2500541405687500
          0.0000000000000000           0.0000000000000000           0.0000000000000000
         -0.0741961881222643           0.1207214790377734          -0.0617376622803304
         -0.0135818269750061          -0.0310058479025605           0.0118989533971723
          0.0000000000000000           0.0000000000000000           0.0000000000000000
         -0.1231725756485020           0.1886069793287409          -0.1101588732111504
         -0.0085799614197770          -0.0786165067436543           0.0219575453461054
          0.0000000000000000           0.0000000000000000           0.0000000000000000
         -0.3571326853822210           0.4544351221878482          -0.3331850436699660
          0.0229197755828625          -0.3303311281335826           0.0861694328256223
          0.0000000000000000           0.0000000000000000           0.0000000000000000
       -201.8930810455997289          73.7271392377743808        -210.4908207067141745
         40.9742287148955526        -323.8428149793859347         139.5179642954913390
          0.0000000000000000           0.0000000000000000           0.0000000000000000
