1  82   4   0   0   -12.058274   0.000000

./DATA/2947/200/36/
0
          1.1564378497661143
          6.9552539233768291
          0.6545599775715670
          4.8882131822101549
          0.3479170428161357
          3.4100657861316734
          0.1348732070480435
          2.0566055504147354
          0.0278080535985025
          0.9186383321565472
          0.0022236042223732
          0.2587417447504482
          0.0000040208236038
          0.0109988071227710
          0.0000000000131472
          0.0000198886036381
          0.0002951235290863
          1.0397831866713554
          5.5896809607263522
          0.0008215093202804
          4.9985570668116557
         13.7047598360194556
          0.0002180360822450
          0.4761009109544722
          4.2531943416960862
          0.0012708076646331
          8.3936486712350771
         20.4833520922820860
          0.0001418553783179
          0.6824325216195575
          3.9887534230317172
          0.0003948702914482
          3.3735558672096246
          9.8723607599718761
          0.0001048021913365
          0.2981352636957268
          2.9538648958552312
          0.0006108320175972
          5.6803819548758794
         14.7210795697355241
          0.0001116621987547
          1.7302340702836676
          5.7058748508687378
          0.0001727322820086
          2.9241643157657236
          8.4836432959849315
          0.0000190519150179
          0.6903209971665671
          2.7245549820013042
          0.0000294717532589
          1.1708585389832471
          4.0424599357098190
          0.0000776251629748
          3.4014044632183840
          9.3246695131841513
          0.0449084432749487
       2180.8649175915106753
       3476.3526972573254170
          0.0000015234990933
          0.1896108385434393
          0.9852511525357874
          0.0000023567284134
          0.3225753287068170
          1.4613233529261098
          0.0000062073480051
          0.9385767601644899
          3.3161167712740278
          0.0035911338063001
        589.7064019642899666
        892.1992523075025474
          0.0000000097420280
          0.0148087384445282
          0.1385077924589957
          0.0000000150701200
          0.0252555581974214
          0.2060456744463246
          0.0000000396929401
          0.0735692132302672
          0.4622444871240675
          0.0000229635363041
         45.4008929898438538
         79.2275884827843555
1
          2.3184179744589439
          5.7932737986840008
          1.6294043940700518
          3.9133687657116711
          1.1366885953772237
          2.6212942335705844
          0.6855351834715784
          1.5059435739912004
          0.3062127773855160
          0.6402336083695342
          0.0862472482501493
          0.1747181007226721
          0.0036662690409237
          0.0073365589054511
          0.0000066295345460
          0.0000132590822393
          0.4525453579794905
          3.1679576534157099
          3.0092562595315973
          0.5538446842676787
          9.6950028777481272
          8.4552908501355297
          0.4318895183668713
          2.1303841613818073
          2.1672396089841284
          0.6344881709432476
         15.1844746100466033
         13.0593087901920022
          0.3092476544707035
          2.2681511469529236
          2.0939289986059624
          0.3667504103341619
          6.9725916417161438
          5.9069694454226456
          0.2974860978488910
          1.4736494894376164
          1.4809693744557890
          0.4124916095758076
         10.8825304789640267
          9.1070502680891643
          0.1831009587428183
          4.0144593398547439
          3.2386602847535939
          0.2004143756605207
          6.2296548845908291
          4.9779110837813230
          0.0710781281785352
          1.9043207306993231
          1.4394961722050343
          0.0755660482519101
          2.9341273736304752
          2.2036545245639378
          0.0938850297479831
          7.1624777703662605
          5.4697888014512621
          7.6073191786691750
       3029.3087990113758678
       2620.3464051020591796
          0.0190550947699680
          0.6819275249984018
          0.4738808948099497
          0.0197162450995356
          1.0423081879872746
          0.7218766052745311
          0.0224099821198144
          2.4787834699978823
          1.7535062866688198
          1.1085654906050642
        789.1511712118876858
        691.6495087031058802
          0.0014578844380956
          0.0943590055779821
          0.0574996506294745
          0.0014725821646669
          0.1428371380340233
          0.0869915275151763
          0.0015323718438557
          0.3296213188050888
          0.2046600493983289
          0.0252888461400360
         67.9014456261906076
         56.7017699638336410
1
          2.3184179744589444
          5.7932737986840035
          1.6294043940700518
          3.9133687657116716
          1.1366885953772237
          2.6212942335705853
          0.6855351834715783
          1.5059435739912010
          0.3062127773855160
          0.6402336083695344
          0.0862472482501493
          0.1747181007226721
          0.0036662690409237
          0.0073365589054511
          0.0000066295345460
          0.0000132590822393
          0.4525453579794905
          3.1679576534157072
          3.0092562595315937
          0.5538446842676786
          9.6950028777481077
          8.4552908501355173
          0.4318895183668712
          2.1303841613818109
          2.1672396089841337
          0.6344881709432476
         15.1844746100466015
         13.0593087901919542
          0.3092476544707035
          2.2681511469529188
          2.0939289986059610
          0.3667504103341619
          6.9725916417161384
          5.9069694454226589
          0.2974860978488909
          1.4736494894376162
          1.4809693744557944
          0.4124916095758076
         10.8825304789640285
          9.1070502680891821
          0.1831009587428183
          4.0144593398547448
          3.2386602847535917
          0.2004143756605207
          6.2296548845908264
          4.9779110837813176
          0.0710781281785352
          1.9043207306993235
          1.4394961722050361
          0.0755660482519102
          2.9341273736304738
          2.2036545245639392
          0.0938850297479831
          7.1624777703662534
          5.4697888014512559
          7.6073191786691741
       3029.3087990113758678
       2620.3464051020591796
          0.0190550947699680
          0.6819275249984019
          0.4738808948099495
          0.0197162450995356
          1.0423081879872735
          0.7218766052745315
          0.0224099821198144
          2.4787834699978846
          1.7535062866688231
          1.1085654906050635
        789.1511712118877995
        691.6495087031064486
          0.0014578844380956
          0.0943590055779821
          0.0574996506294744
          0.0014725821646669
          0.1428371380340232
          0.0869915275151762
          0.0015323718438557
          0.3296213188050888
          0.2046600493983289
          0.0252888461400360
         67.9014456261906645
         56.7017699638335202
1
          2.3184179744589444
          5.7932737986839964
          1.6294043940700516
          3.9133687657116725
          1.1366885953772237
          2.6212942335705836
          0.6855351834715783
          1.5059435739912019
          0.3062127773855160
          0.6402336083695334
          0.0862472482501493
          0.1747181007226721
          0.0036662690409237
          0.0073365589054511
          0.0000066295345460
          0.0000132590822393
          0.4525453579794906
          3.1679576534157050
          3.0092562595315941
          0.5538446842676786
          9.6950028777481112
          8.4552908501355386
          0.4318895183668712
          2.1303841613818109
          2.1672396089841257
          0.6344881709432476
         15.1844746100466033
         13.0593087901919525
          0.3092476544707035
          2.2681511469529201
          2.0939289986059615
          0.3667504103341620
          6.9725916417161331
          5.9069694454226589
          0.2974860978488909
          1.4736494894376164
          1.4809693744557948
          0.4124916095758077
         10.8825304789640320
          9.1070502680891856
          0.1831009587428183
          4.0144593398547439
          3.2386602847535917
          0.2004143756605207
          6.2296548845908237
          4.9779110837813256
          0.0710781281785352
          1.9043207306993239
          1.4394961722050361
          0.0755660482519102
          2.9341273736304734
          2.2036545245639476
          0.0938850297479831
          7.1624777703662490
          5.4697888014512541
          7.6073191786691732
       3029.3087990113767773
       2620.3464051020628176
          0.0190550947699680
          0.6819275249984021
          0.4738808948099495
          0.0197162450995356
          1.0423081879872735
          0.7218766052745315
          0.0224099821198144
          2.4787834699978841
          1.7535062866688227
          1.1085654906050637
        789.1511712118876858
        691.6495087031070170
          0.0014578844380956
          0.0943590055779821
          0.0574996506294744
          0.0014725821646669
          0.1428371380340233
          0.0869915275151761
          0.0015323718438557
          0.3296213188050888
          0.2046600493983289
          0.0252888461400360
         67.9014456261906503
         56.7017699638335344
