1  82   4   1   4   -12.048253   0.000000
  0 
./DATA/2947/108/M027/
0
          4.1080122236884238
          5.3413545755883165
          2.7454571572210478
          3.7453820487363214
          1.8330988329150726
          2.6179787347913126
          1.0652458760316175
          1.6119405321403455
          0.4801820380943106
          0.7823570451229123
          0.1581070687175035
          0.2737844497411579
          0.0156192218482684
          0.0243405653681621
          0.0002830223907486
          0.0002644203041395
          1.2942853820751228
          5.3395815133902698
          3.1750693968180079
          3.5449178470777416
         15.7181941169683892
          7.3554524520432771
          1.0321705541976864
          4.0966179848700008
          2.6253749935116226
          5.5334354842029256
         24.8538431920262539
         10.9861411039621508
          0.8898754131914337
          3.8336044455770066
          2.2855966630611855
          2.4433729961480153
         11.2969880672035057
          5.2851119763686114
          0.7020144805069033
          2.9106404147898339
          1.8634422476927439
          3.8090096464200669
         17.8374076580428280
          7.8624728743075849
          1.3141812535169271
          6.5267794750445489
          3.0486405317069254
          2.0434874612241476
         10.2814796924132104
          4.5020639402519604
          0.5720536630289279
          3.1403484207977685
          1.4610928046021276
          0.8861470081193070
          4.9329252008217299
          2.1349401495353844
          2.3136430075892007
         13.0317233887542798
          5.0007621533794921
       1885.2059183000455960
       9640.7675267364520550
       2993.5172551626073982
          0.1839158326906168
          1.1664793912731350
          0.5387458143464058
          0.2834370539467388
          1.8266769275180332
          0.7761874611745410
          0.7274917693012560
          4.7606249243048664
          1.7548159180633094
        540.2672880246577733
       3086.5769963674761129
        888.5913111448360269
          0.0213317665134314
          0.1811718124154645
          0.0824420634723065
          0.0326200971185669
          0.2826465761212362
          0.1162887751334276
          0.0815909540425844
          0.7233530594576342
          0.2489471514881951
         51.5571562302088395
        382.3801028398415269
         89.4361852908147910
0
          4.1080122236884229
          5.3513401059918850
          2.7454571572210473
          3.7442456665010861
          1.8330988329150728
          2.6045941705904596
          1.0652458760316172
          1.5886994458049448
          0.4801820380943105
          0.7597172900653331
          0.1581070687175035
          0.2629515552995261
          0.0156192218482684
          0.0244185778877675
          0.0002830223907486
          0.0003303951290924
          1.2942853820751232
          5.2895266185100178
          3.0965798403045985
          3.5449178470777416
         15.7539230331145372
          7.3959166303982444
          1.0321705541976867
          4.0538116350230773
          2.4908791582712770
          5.5334354842029230
         24.9826044642321499
         11.0895527384585701
          0.8898754131914335
          3.7873541557583446
          2.2185142202707593
          2.4433729961480157
         11.3090999891677431
          5.3064092665940068
          0.7020144805069032
          2.8707354688939941
          1.7572251563477832
          3.8090096464200665
         17.9142271357128173
          7.9330152489942733
          1.3141812535169277
          6.5139374188286316
          3.0516440584178972
          2.0434874612241476
         10.2984593740614585
          4.5364556369705058
          0.5720536630289288
          3.1156087434804149
          1.4555878170162904
          0.8861470081193074
          4.9126847844760473
          2.1457852462209739
          2.3136430075892012
         13.0572463554422118
          5.0677513296091261
       1885.2059183000433222
       9832.9925073372232873
       2851.3687195991651606
          0.1839158326906169
          1.1448996472030870
          0.5330301736272367
          0.2834370539467390
          1.7989387187961225
          0.7768882398358273
          0.7274917693012557
          4.7125506930562127
          1.7818755643240098
        540.2672880246576597
       3123.2110218706002343
        849.1198594396560111
          0.0213317665134314
          0.1734346214817449
          0.0805047648847948
          0.0326200971185669
          0.2708118224037560
          0.1153493238014082
          0.0815909540425844
          0.6934871681575667
          0.2533348401620142
         51.5571562302088111
        373.4130922781065465
         86.9521448311318892
1
          5.3538562433199814
          4.1081323994455206
          3.7457409944886773
          2.7439576375413237
          2.6069068595611791
          1.8237106692723308
          1.5924348350712110
          1.0435206191116468
          0.7638195967684747
          0.4481197414010527
          0.2653183273151249
          0.1296721916130159
          0.0246190895254153
          0.0079362207249772
          0.0003303361945092
          0.0000528969988557
          3.0776678456641022
          5.2034360955489269
          1.2736279128010162
          7.4407764360753532
         15.8220636635804350
          3.5208954998208029
          2.5568216291638723
          3.7825476230625319
          0.9872430101674687
         11.2830388099863654
         25.0198027591255361
          5.4817781842070392
          2.1981475820064076
          3.7175452208965831
          0.8705986551728542
          5.3466237048873015
         11.3689831139478681
          2.4150839220366005
          1.7997472196845274
          2.6585454376047060
          0.6649226592489941
          8.0966994654463171
         17.9614212237072444
          3.7538931929764887
          3.0830789694622864
          6.5607593825659398
          1.2856062649121809
          4.6554660657940499
         10.3494572449010445
          1.9921706138628179
          1.4760561666412166
          3.1477009820003543
          0.5499593133030527
          2.2185235914038826
          4.9562890582004151
          0.8485063382050722
          5.5234897789391679
         13.0288783440430596
          2.1707235047101019
       4371.7572570798756715
       8980.4526520888757659
       1461.0430378912535616
          0.5432058754683319
          1.1625713587369522
          0.1718900918435562
          0.8111399027513667
          1.8268321549381854
          0.2636999426755089
          1.9828792403066697
          4.7409865067576105
          0.6603319682533669
       1432.3939962483605086
       2824.9995286382918493
        386.3812918419808966
          0.0828975676722261
          0.1779110866706205
          0.0187167840829003
          0.1227149863656715
          0.2788415383521495
          0.0284813485213337
          0.2922060890742469
          0.7115035193852357
          0.0691421280755491
        173.5390435213651585
        340.4771211662845758
         31.3919300693257739
1
          5.3388384382602210
          4.1081323994455188
          3.7438867207487316
          2.7439576375413242
          2.6156660458205923
          1.8237106692723313
          1.6082051428740793
          1.0435206191116466
          0.7782547384197704
          0.4481197414010525
          0.2714176777255592
          0.1296721916130159
          0.0241400537305144
          0.0079362207249772
          0.0002644792387227
          0.0000528969988557
          3.1351816534701809
          5.2267114059328774
          1.2736279128010168
          7.3969867057819805
         15.7938254740660060
          3.5208954998208002
          2.6530901972526055
          3.7986037639298811
          0.9872430101674686
         11.1767003018761990
         24.9328319001961596
          5.4817781842070366
          2.2469066143210692
          3.7404226939282910
          0.8705986551728534
          5.3218454276385234
         11.3643132238163673
          2.4150839220366005
          1.8753902513897622
          2.6745108840097838
          0.6649226592489940
          8.0252678780246640
         17.9222919437859360
          3.7538931929764856
          3.0750454875498487
          6.5789963022639615
          1.2856062649121818
          4.6186810630892188
         10.3600450263941184
          1.9921706138628175
          1.4753882792540594
          3.1749312500594926
          0.5499593133030530
          2.2024029432693952
          4.9919547268952185
          0.8485063382050722
          5.4538533627669565
         13.0781907379177689
          2.1707235047101010
       4525.3085679939440524
       8741.6438740827506990
       1461.0430378912535616
          0.5436472693287876
          1.1845162796407567
          0.1718900918435564
          0.8045639748055354
          1.8603251873935629
          0.2636999426755090
          1.9481687473057510
          4.8202074654842795
          0.6603319682533663
       1477.9633994926941796
       2783.2003220509536732
        386.3812918419808966
          0.0827649843228807
          0.1853541163844163
          0.0187167840829003
          0.1209251416541032
          0.2911636007415311
          0.0284813485213337
          0.2827166472448980
          0.7458171292409922
          0.0691421280755492
        175.5006202105034276
        351.3921135550413624
         31.3919300693257490
   0    4 -0.673246 -0.536874  0.551516 
         -0.0364372202912994           0.0661069312685489           0.0380350012581813
         -0.0319699804138968          -0.0932652433363677           0.0179207736664122
         -0.0165630956179318           0.0017117921626166           0.0131045112123517
         -0.0061765978431074           0.0037030025669988          -0.0042158345697815
         -0.0052525031026782          -0.0570928080623765           0.0198672108236005
         -0.0131036640563662           0.0986042448510997          -0.0352970859199202
          0.0048060371592569          -0.1120943935221231           0.0519668154161175
         -0.0310312687769740           0.1870012962087497          -0.0751496771314127
          0.0179400117147662          -0.1402899244865338           0.0926637929916904
         -0.0351988553636183           0.2217711771130917          -0.1036363614446918
          0.0279715004330595          -0.1165517687435595           0.0928306996923777
         -0.0134984602582839           0.1634347201716238          -0.0894277956541013
          0.0138872070607386          -0.0353262882775949           0.0288450348288772
          0.0034359360471888           0.0360983728525016          -0.0264401440966588
          0.0006626851509145          -0.0014519014508291           0.0011419586460882
          0.0002074277423177           0.0009243436716713          -0.0009333744265007
         -0.0082614025618376          -0.1213251241011141           0.0598266503326626
         -0.0240618201447277          -0.1146820181646341           0.0448213276157251
         -0.0890850639219170           0.5593931644753593          -0.1950528458002222
         -0.0451806240357730           0.0400995565542161           0.0767212883933983
         -0.1415696315224978           0.1768650936988231          -0.0964423748472939
          0.0607795097980289          -0.2677846850868500           0.0827732384610153
          0.0032192721745527          -0.1441695070987631           0.1002029870091353
          0.1633347880949220          -0.4274811723536496           0.2784574602794357
         -0.2700451214919150           0.9247354224518679          -0.3966358878213361
         -0.0706191707733181           0.1786798542118971           0.1339922631306081
         -0.0716808346606223           0.1556130513732717          -0.0040699446465985
          0.0296840259479772          -0.7296202766725520           0.1590162807011399
         -0.0049806449157289          -0.1160447616610008           0.0555966718933625
         -0.0383584593314322          -0.0758900496253784           0.0340355526593358
         -0.0686541023884581           0.5015493813389130          -0.1746961088432483
         -0.0237497076673355          -0.0439163890306044           0.0335332670265420
         -0.1202100871307918           0.2322064289115665          -0.1225433156009776
          0.0647341214465293          -0.1167852385967019           0.0459381202356190
          0.0012408625398603          -0.1258962661529082           0.0913632728393405
          0.1122089921745896          -0.3316588415287482           0.2233868120456029
         -0.2005466198201804           0.7681512001799630          -0.3277558478746485
         -0.0362972629633527           0.0183604791078844           0.0472364631056986
         -0.0514942634241275           0.2845341155451412          -0.0897709244750277
          0.0662298278497946          -0.4685180396912673           0.1135126102830858
         -0.0027130351093317          -0.1072219710868961          -0.0049742639566844
         -0.1215246714665805           0.2687065617431021          -0.1196995509395127
          0.0521003160733070           0.0236824530525334           0.0060765877163098
         -0.0027871257392553          -0.1152821221084252          -0.0283550435759934
         -0.0869050329167662           0.3869673189001460          -0.1349053942487146
          0.0718274054801238          -0.1945285919709250           0.0563843887641507
          0.0090018876684094          -0.1105030403456693          -0.0210161974251261
         -0.1256763672863975           0.2452217050894520          -0.0842032358279476
          0.0302169306629171           0.0841695377691490          -0.0174066633653665
          0.0154435068914021          -0.1473987629625484          -0.0560048844845597
         -0.1363656371014717           0.3791332238688506          -0.1138855184685604
          0.0476296098997872          -0.0278291310081782           0.0121517822800125
          0.0544287850583168          -0.2509777621623178          -0.1385338890245865
          0.0173004280406905           0.5971238015853411           0.0080694912486724
          0.0720021521497580          -0.3045971654213144          -0.0017895704242620
       -335.1187991676775937         472.2616287400629176         582.6626749315643110
       1158.7727274956284873       -3098.0215677136652630        1520.7595450140818230
       -235.4929258340666820        1609.4381129553298706        -943.0633047284002259
          0.0108306959134948          -0.0706579315403472          -0.0181752640391787
         -0.1019447860368369           0.1651281709417103          -0.0389066636054128
          0.0117275189132182           0.0749671456620312          -0.0211291418442098
          0.0177242712762788          -0.1015077438542440          -0.0441541976231423
         -0.1363982690692355           0.2648970627275312          -0.0600442526532907
          0.0191884928375686           0.0308819880933844          -0.0093545548405343
          0.0511272986255403          -0.2179477024603060          -0.1372851467180271
         -0.1823043977153258           0.5689757413254333          -0.0480810919280355
          0.0402313862096371          -0.0985778298298980          -0.0088437147760465
        -77.5323389429616014          70.8772719516149721         154.7829378372735505
        494.0548922404768177        -981.3968192645866111         587.4236774064246447
        -30.8591410871209639         536.5015410521571084        -282.0314220014744819
          0.0044673170408232          -0.0176368333465654          -0.0054143056022200
         -0.0389597095465414           0.0504791031876536          -0.0039099777185587
          0.0014655310030126           0.0267422754870187          -0.0088598865307293
          0.0071415227980996          -0.0264278878215040          -0.0126870434728492
         -0.0597200755799206           0.0833549036114507          -0.0084756221346690
          0.0016189894354549           0.0196005043379360          -0.0077772257281493
          0.0191080883749266          -0.0624780977318930          -0.0439999398126573
         -0.1275185504138884           0.2106267585920031          -0.0116777172787983
          0.0019625611176698          -0.0094571137005060          -0.0101421768678010
          1.6960770038015633         -14.4803859173573706          -1.1952379749479924
         61.0451991341668148         -68.4929131242354856          82.1140110451680130
          3.6356990645094718          53.5198874279333268         -21.4213982752220318
   1
         -0.0364372202912995           0.0661069312685490           0.0380350012581813
          0.0000000000000000           0.0000000000000000           0.0000000000000000
         -0.0165630956179317           0.0017117921626167           0.0131045112123518
          0.0000000000000000           0.0000000000000000           0.0000000000000000
         -0.0052525031026782          -0.0570928080623764           0.0198672108236006
          0.0000000000000000           0.0000000000000000           0.0000000000000000
          0.0048060371592569          -0.1120943935221231           0.0519668154161176
          0.0000000000000000           0.0000000000000000           0.0000000000000000
          0.0179400117147662          -0.1402899244865338           0.0926637929916903
          0.0000000000000000           0.0000000000000000           0.0000000000000000
          0.0279715004330595          -0.1165517687435595           0.0928306996923778
          0.0000000000000000           0.0000000000000000           0.0000000000000000
          0.0138872070607386          -0.0353262882775949           0.0288450348288772
          0.0000000000000000           0.0000000000000000           0.0000000000000000
          0.0006626851509145          -0.0014519014508291           0.0011419586460882
          0.0000000000000000           0.0000000000000000           0.0000000000000000
         -0.0205855409002276          -0.0408058760948111           0.1009228968346163
          0.0840296898069909          -0.7850429497701614           0.3278734566255556
          0.0000000000000000           0.0000000000000000           0.0000000000000000
         -0.0595774989961879          -0.0810324752255355           0.1038990112544759
         -0.2399341517449371           0.7604645302036650          -0.3380560401991844
          0.0000000000000000           0.0000000000000000           0.0000000000000000
         -0.0359464738480570          -0.0275306178752487           0.2468780097311842
          0.2289786903277644          -1.2333402655598209           0.5962786873183435
          0.0000000000000000           0.0000000000000000           0.0000000000000000
         -0.1139303900399773          -0.1079838161366971           0.2528302385709018
         -0.4189489927760945           1.8576746943878286          -0.7355803063311389
          0.0000000000000000           0.0000000000000000           0.0000000000000000
         -0.0106920364424078          -0.0693983838188612           0.0713089107785667
          0.0738212992695069          -0.6315406302198822           0.2853170549458914
          0.0000000000000000           0.0000000000000000           0.0000000000000000
         -0.0324034924321887          -0.1705433422185475           0.0623859976012898
         -0.2185711876970767           0.6547013481612480          -0.3243648200028914
          0.0000000000000000           0.0000000000000000           0.0000000000000000
         -0.0233376641027068          -0.0482942243077547           0.1863778573392727
          0.2077440872228566          -0.9933397216451677           0.5086334700204643
          0.0000000000000000           0.0000000000000000           0.0000000000000000
         -0.0667605760822690          -0.2505841411071278           0.1685320309847183
         -0.3770408867103110           1.5791442351170910          -0.7107302798771017
          0.0000000000000000           0.0000000000000000           0.0000000000000000
         -0.0048473184567468          -0.2215828710219336           0.0218226188545503
         -0.1936947057322059           0.4981285709197135          -0.2613286789464695
          0.0000000000000000           0.0000000000000000           0.0000000000000000
         -0.0176101901188001          -0.3337365051480912           0.0797301208447183
         -0.3226844390888713           1.1714613177656203          -0.5833895790726255
          0.0000000000000000           0.0000000000000000           0.0000000000000000
          0.0114621486281096          -0.1928991501118061          -0.0012636635995108
         -0.1582776058547026           0.3298710532301262          -0.1647193124805824
          0.0000000000000000           0.0000000000000000           0.0000000000000000
          0.0128181137329034          -0.2925943142416944           0.0217468425703651
         -0.2523174731167204           0.7495771088998177          -0.3806397345157451
          0.0000000000000000           0.0000000000000000           0.0000000000000000
          0.0289391787011555          -0.7327564805703385           0.3453190454652114
         -0.4951914326386491           2.8195840086035915          -1.4762820109515031
          0.0000000000000000           0.0000000000000000           0.0000000000000000
        -44.3751948643174146       -1152.5855255533954278        1809.1820846639468527
        844.7362755004135124        3523.4923234698794658       -2645.5853081058844509
          0.0000000000000000           0.0000000000000000           0.0000000000000000
          0.0147168132188098          -0.1139850282184631          -0.0076219209686204
         -0.1042908040271095           0.1739270108351137          -0.0713697201478033
          0.0000000000000000           0.0000000000000000           0.0000000000000000
          0.0209624670774080          -0.1731703267253044          -0.0029344032416050
         -0.1593986243967013           0.3804277558669947          -0.1768702176780905
          0.0000000000000000           0.0000000000000000           0.0000000000000000
          0.0525355508265549          -0.4333325409808311           0.1015538827696719
         -0.2976191391303458           1.3900763134264258          -0.7154820721564836
          0.0000000000000000           0.0000000000000000           0.0000000000000000
         47.3312672157601142        -493.0750920959744121         625.9115252640579001
        339.4153551012284993        1445.7410600921600690       -1200.2817685027087009
          0.0000000000000000           0.0000000000000000           0.0000000000000000
          0.0062810030006632          -0.0269488019469698          -0.0030734412747066
         -0.0325572337783135           0.0421279866334300          -0.0078089904896750
          0.0000000000000000           0.0000000000000000           0.0000000000000000
          0.0094077165446111          -0.0408867017146741          -0.0035853560660920
         -0.0473422808388686           0.0889045221986181          -0.0273898445644705
          0.0000000000000000           0.0000000000000000           0.0000000000000000
          0.0235321365969441          -0.1012551698054516           0.0054131175184499
         -0.0838610165043790           0.3158935263737604          -0.1321434523448348
          0.0000000000000000           0.0000000000000000           0.0000000000000000
         22.0576938031925209         -85.2203015698442670          73.6906402818795385
         53.9121316407091413         262.2050745409479191        -232.0632157542895015
          0.0000000000000000           0.0000000000000000           0.0000000000000000
   0
          0.0000000000000000          -0.0000000000000000           0.0000000000000000
          0.0000000000000000           0.0000000000000000           0.0000000000000000
         -0.0000000000000000           0.0000000000000000           0.0000000000000000
          0.0000000000000000           0.0000000000000000           0.0000000000000000
          0.0000000000000000           0.0000000000000000          -0.0000000000000000
          0.0000000000000000           0.0000000000000000           0.0000000000000000
          0.0000000000000000           0.0000000000000000          -0.0000000000000000
          0.0000000000000000           0.0000000000000000           0.0000000000000000
          0.0000000000000000           0.0000000000000000           0.0000000000000000
          0.0000000000000000           0.0000000000000000           0.0000000000000000
          0.0000000000000000           0.0000000000000000           0.0000000000000000
          0.0000000000000000           0.0000000000000000           0.0000000000000000
          0.0000000000000000          -0.0000000000000000           0.0000000000000000
          0.0000000000000000           0.0000000000000000           0.0000000000000000
          0.0000000000000000           0.0000000000000000           0.0000000000000000
          0.0000000000000000           0.0000000000000000           0.0000000000000000
         -0.0123241383383899           0.0805192480063029           0.0410962465019536
          0.0111346329247789          -0.1260021163557675           0.0215079454049421
          0.0000000000000000           0.0000000000000000           0.0000000000000000
         -0.0143968749604153          -0.1211320317797516           0.0271777228610767
         -0.0208616226540595           0.2127636114564571          -0.0629464090628810
          0.0000000000000000           0.0000000000000000           0.0000000000000000
         -0.0391657460226095           0.1166388892235146           0.1466750227220485
         -0.0257143984179426          -0.0719430945137178          -0.0558661469520777
          0.0000000000000000           0.0000000000000000           0.0000000000000000
         -0.0433112192666599          -0.2866636703485947           0.1188379754402948
         -0.0897069095756186           0.6055883611107296          -0.2247748558877235
          0.0000000000000000           0.0000000000000000           0.0000000000000000
         -0.0057113915266790           0.0466463778421398           0.0157122388852042
          0.0153362131212726          -0.0890532352308168           0.0194292269996707
          0.0000000000000000           0.0000000000000000           0.0000000000000000
         -0.0086537847648531          -0.1266269531879428           0.0288527305747480
         -0.0291548711559264           0.2222088965756395          -0.0688892248843101
          0.0000000000000000           0.0000000000000000           0.0000000000000000
         -0.0245785266425672           0.0776020418451536           0.0950145844999324
         -0.0065351681897545          -0.0598793472923158          -0.0390147325774313
          0.0000000000000000           0.0000000000000000           0.0000000000000000
         -0.0304633131189157          -0.2689446202150118           0.1212955678790196
         -0.0955173367441524           0.5626449163205967          -0.2156516363453936
          0.0000000000000000           0.0000000000000000           0.0000000000000000
         -0.0021342833474152          -0.1143608999350372           0.0267968828112349
         -0.0359659055278230           0.2067615375166331          -0.0670380870717299
          0.0000000000000000           0.0000000000000000           0.0000000000000000
         -0.0148230643795447          -0.2184543830396657           0.1080851644207119
         -0.0919618047961827           0.4650779871814389          -0.1849415721876032
          0.0000000000000000           0.0000000000000000           0.0000000000000000
          0.0024602609597002          -0.0823961097661369           0.0197525338256153
         -0.0340389400415751           0.1597222960511266          -0.0534077711315282
          0.0000000000000000           0.0000000000000000           0.0000000000000000
         -0.0026253931584986          -0.1451955512791461           0.0777517270549247
         -0.0733853418591181           0.3283483975609051          -0.1346494858383651
          0.0000000000000000           0.0000000000000000           0.0000000000000000
         -0.0254896063571612          -0.4817787184080211           0.4838529344897980
         -0.2779028083709831           1.2511559964671835          -0.6399109210792621
          0.0000000000000000           0.0000000000000000           0.0000000000000000
        290.7436043033600299       -1624.8471542934591980        1226.5194097323828828
        -31.2852491324579454        1857.1519974171335434       -1000.1210751503408574
          0.0000000000000000           0.0000000000000000           0.0000000000000000
          0.0038861173053151          -0.0433270966781159           0.0105533430705584
         -0.0231948111387328           0.0950003181482267          -0.0323681638541383
          0.0000000000000000           0.0000000000000000           0.0000000000000000
          0.0032381958011292          -0.0716625828710604           0.0412197943815371
         -0.0444351272797612           0.1824127198090874          -0.0766987226840703
          0.0000000000000000           0.0000000000000000           0.0000000000000000
          0.0014082522010147          -0.2153848385205251           0.2388390294876991
         -0.1444374565077538           0.6340353352848461          -0.3379804429087035
          0.0000000000000000           0.0000000000000000           0.0000000000000000
        124.8636061587217654        -563.9523640475892989         471.1285874267844065
          3.2619633968990582         710.2567034959478178        -429.1489087015444852
          0.0000000000000000           0.0000000000000000           0.0000000000000000
          0.0018136859598400          -0.0093119686004045           0.0023408643275134
         -0.0070684572310346           0.0268831675961603          -0.0092271804361119
          0.0000000000000000           0.0000000000000000           0.0000000000000000
          0.0022661937465115          -0.0144588138931702           0.0091016874067572
         -0.0122231342390056           0.0484105457518901          -0.0208826447985072
          0.0000000000000000           0.0000000000000000           0.0000000000000000
          0.0044240482220176          -0.0387770720735587           0.0494130573311073
         -0.0343268731848421           0.1530104113475283          -0.0868145550681476
          0.0000000000000000           0.0000000000000000           0.0000000000000000
         20.3616167993909585         -70.7399156524869142          74.8858782568275387
          0.9477925312517813         122.6801890116029483         -93.9920097436619102
          0.0000000000000000           0.0000000000000000           0.0000000000000000
   2
          0.0099161987354251           0.0037000369266273           0.0103017551466864
          0.0000000000000000           0.0000000000000000           0.0000000000000000
          0.0001052879198355          -0.0011234465575066           0.0005961035835852
          0.0000000000000000           0.0000000000000000           0.0000000000000000
         -0.0149268972360872          -0.0026066767460536          -0.0024662247246235
          0.0000000000000000           0.0000000000000000           0.0000000000000000
         -0.0290549052647814          -0.0022294876167639          -0.0018594825856680
          0.0000000000000000           0.0000000000000000           0.0000000000000000
         -0.0300833172222467          -0.0004968303040915           0.0009190835204289
          0.0000000000000000           0.0000000000000000           0.0000000000000000
         -0.0144160104447924           0.0009890702903312           0.0014231560889585
          0.0000000000000000           0.0000000000000000           0.0000000000000000
          0.0004222735616866           0.0006538900835600          -0.0002409039499810
          0.0000000000000000           0.0000000000000000           0.0000000000000000
          0.0000646767672702           0.0000229606787413          -0.0000089018042731
          0.0000000000000000           0.0000000000000000           0.0000000000000000
         -0.1117708706783432           0.1503256771776904          -0.0707882240187482
         -0.0384535995373569          -0.2846601139954680           0.1248965041194495
          0.0000000000000000           0.0000000000000000           0.0000000000000000
          0.0075311579224567          -0.2789130216182974           0.0937215753357765
          0.0022642582042776           0.4891326806672703          -0.1842801560273258
          0.0000000000000000           0.0000000000000000           0.0000000000000000
         -0.0621016914051571          -0.1246672736298262           0.1309500152077783
         -0.2151461817752527          -0.0025448370151431          -0.0157688703339947
          0.0000000000000000           0.0000000000000000           0.0000000000000000
          0.1765023657964433          -0.9831446712218014           0.4599696139168274
         -0.1337104662919838           1.5450407523103331          -0.6341221906275454
          0.0000000000000000           0.0000000000000000           0.0000000000000000
         -0.1029325252929051           0.1254069753625255          -0.0794034446062768
         -0.0099498813144964          -0.2170233044989468           0.1050661123731133
          0.0000000000000000           0.0000000000000000           0.0000000000000000
         -0.0271505660754065          -0.2489216407410475           0.0859551819301123
         -0.0128368096052014           0.4629233354264558          -0.1877093093904487
          0.0000000000000000           0.0000000000000000           0.0000000000000000
         -0.0553240211323915          -0.0743533738582876           0.0750740164508509
         -0.1241705137444988          -0.0203868012789896           0.0053972458930903
          0.0000000000000000           0.0000000000000000           0.0000000000000000
          0.0962398973026063          -0.8230106060654332           0.4057912695236282
         -0.1299443703259093           1.3395064785718154          -0.5801535976340336
          0.0000000000000000           0.0000000000000000           0.0000000000000000
         -0.0645948619140135          -0.1818536986910430           0.0776179981803984
         -0.0255888406253153           0.3810128366037090          -0.1701543015837630
          0.0000000000000000           0.0000000000000000           0.0000000000000000
          0.0012354969834852          -0.5727234444987446           0.3240411935975255
         -0.1118898343335073           1.0014484841079379          -0.4676951793157322
          0.0000000000000000           0.0000000000000000           0.0000000000000000
         -0.0776204456441695          -0.1015217169479039           0.0654108778686337
         -0.0265580362297002           0.2591618431967889          -0.1280012769869970
          0.0000000000000000           0.0000000000000000           0.0000000000000000
         -0.0553413524327800          -0.3199145287476476           0.2291428301199276
         -0.0785408311882420           0.6294163802765061          -0.3187117202734879
          0.0000000000000000           0.0000000000000000           0.0000000000000000
          0.2442915024108851          -1.8798486804628016           1.3710709469295346
         -0.3748065963992900           2.9376275425388529          -1.5194575433547857
          0.0000000000000000           0.0000000000000000           0.0000000000000000
       1972.6421127859769058       -6636.9589914198277256        4513.4313250646218876
       -339.6670013656454898        6344.7370389311508916       -3850.1953933856293588
          0.0000000000000000           0.0000000000000000           0.0000000000000000
         -0.0595345660243234          -0.0371372764641203           0.0456857684554629
         -0.0175943852603229           0.1346043219456053          -0.0731615983324582
          0.0000000000000000           0.0000000000000000           0.0000000000000000
         -0.0582283719071527          -0.1277979041467729           0.1321572210711781
         -0.0401252381806913           0.3061919483066419          -0.1674783424405021
          0.0000000000000000           0.0000000000000000           0.0000000000000000
          0.0494471675722045          -0.7697944039696920           0.6854738782096765
         -0.1495195121163165           1.3224087696364786          -0.7350543012532024
          0.0000000000000000           0.0000000000000000           0.0000000000000000
        769.4341175300977511       -2627.3548648279406734        1817.8836898439506058
        -63.3497132190124006        2407.2765416607480802       -1608.3796144435953011
          0.0000000000000000           0.0000000000000000           0.0000000000000000
         -0.0186381820848319          -0.0029284715420383           0.0170101385124020
         -0.0046011078902581           0.0321279708657340          -0.0184894674400006
          0.0000000000000000           0.0000000000000000           0.0000000000000000
         -0.0198625466363050          -0.0177906514783017           0.0391947022532534
         -0.0077973409328197           0.0679951900316780          -0.0388071865991640
          0.0000000000000000           0.0000000000000000           0.0000000000000000
         -0.0005952056677835          -0.1241501908805158           0.1647965148711911
         -0.0192513693072314           0.2659449993707886          -0.1562252587659153
          0.0000000000000000           0.0000000000000000           0.0000000000000000
        124.0412060997084467        -407.6327839266500632         299.2787288099187890
         10.2413914155400541         364.4376283820851654        -286.6719848422813470
          0.0000000000000000           0.0000000000000000           0.0000000000000000
   3
         -0.0418861791493219          -0.0969652802629949           0.0076190185197258
          0.0000000000000000           0.0000000000000000           0.0000000000000000
         -0.0062818857629430           0.0048264491245054          -0.0048119381533667
          0.0000000000000000           0.0000000000000000           0.0000000000000000
          0.0018232331797209           0.1012109215971533          -0.0328308611952967
          0.0000000000000000           0.0000000000000000           0.0000000000000000
         -0.0019763635121926           0.1892307838255137          -0.0732901945457447
          0.0000000000000000           0.0000000000000000           0.0000000000000000
         -0.0051155381413715           0.2222680074171831          -0.1045554449651206
          0.0000000000000000           0.0000000000000000           0.0000000000000000
          0.0009175501865085           0.1624456498812927          -0.0908509517430598
          0.0000000000000000           0.0000000000000000           0.0000000000000000
          0.0030136624855023           0.0354444827689415          -0.0261992401466777
          0.0000000000000000           0.0000000000000000           0.0000000000000000
          0.0001427509750475           0.0009013829929300          -0.0009244726222276
          0.0000000000000000           0.0000000000000000           0.0000000000000000
         -0.0011518323511756           0.7496698603499740          -0.2374264402150545
          0.0110554128290314           0.2161754868428793          -0.1702724087897962
          0.0000000000000000           0.0000000000000000           0.0000000000000000
         -0.0602399065601629          -0.5588994403751749           0.1628720416664596
         -0.0314771797437298           0.1625689052623371           0.0050968460192583
          0.0000000000000000           0.0000000000000000           0.0000000000000000
          0.0187479994692298           0.9084494951224098          -0.2719447950913574
         -0.1046804523360884           0.6128949764960184          -0.4230774182709253
          0.0000000000000000           0.0000000000000000           0.0000000000000000
         -0.0994281489487457          -1.7086891063278880           0.5286521686716720
         -0.1897456374816090           0.5056818133349336          -0.0723389086528165
          0.0000000000000000           0.0000000000000000           0.0000000000000000
          0.0068847828784424           0.6570908309437975          -0.2296432753026014
          0.0118404929534289           0.2106240746995689          -0.1460477653253542
          0.0000000000000000           0.0000000000000000           0.0000000000000000
         -0.0353702379723529          -0.3772597862790891           0.1345837750371269
          0.0031062360824102           0.3130041798573463          -0.0288250148725692
          0.0000000000000000           0.0000000000000000           0.0000000000000000
          0.0314471011728016           0.7783474735203415          -0.2558096525179552
         -0.0730593131930644           0.4771108259205575          -0.3313961713105676
          0.0000000000000000           0.0000000000000000           0.0000000000000000
         -0.0530629405287885          -1.2903537609254341           0.4726444481615006
         -0.0905278269351011           0.6818710362361127          -0.0969506704049984
          0.0000000000000000           0.0000000000000000           0.0000000000000000
         -0.0261079512146914          -0.1738878435947427           0.0953933607845860
          0.0264734324083882           0.4091092401000042          -0.0597284971495184
          0.0000000000000000           0.0000000000000000           0.0000000000000000
         -0.0329003492542062          -0.7778523076559674           0.3682178663819811
         -0.0055566741549335           0.7629698885962040          -0.1157880794264433
          0.0000000000000000           0.0000000000000000           0.0000000000000000
         -0.0298111300034453          -0.0383578979987753           0.0573174021748069
          0.0304793864063422           0.3766199982385294          -0.0675372597632844
          0.0000000000000000           0.0000000000000000           0.0000000000000000
         -0.0379434792899724          -0.3715508432131456           0.2406680869947364
          0.0320112881528467           0.6570275198189924          -0.1104406208925017
          0.0000000000000000           0.0000000000000000           0.0000000000000000
          0.1399879962966813          -2.1245161296636779           1.3089158212879073
         -0.0939359461528450           2.1226306923443046          -0.4586007102228601
          0.0000000000000000           0.0000000000000000           0.0000000000000000
       2560.1557259968030849       -3805.0660144417329320        3395.6760147643499295
      -1004.4748865663990500        2001.9631743211732555       -1700.3250934217712711
          0.0000000000000000           0.0000000000000000           0.0000000000000000
         -0.0292121229430596           0.0164527699563314           0.0267844536445691
          0.0225826909485213           0.2482648900824488          -0.0514236253078997
          0.0000000000000000           0.0000000000000000           0.0000000000000000
         -0.0397766271123203          -0.1253998739639269           0.1205472391283777
          0.0333290929212178           0.4187793872017262          -0.0792586134366237
          0.0000000000000000           0.0000000000000000           0.0000000000000000
          0.0165941301843180          -0.8888852004689911           0.6480149108195988
          0.0494910376710402           1.2486352440151973          -0.2549424854239143
          0.0000000000000000           0.0000000000000000           0.0000000000000000
       1047.9364437149424703       -1580.2542475818629555        1428.1427088880620886
       -165.1829213678918791         904.9637150150005027        -617.0628142093897850
          0.0000000000000000           0.0000000000000000           0.0000000000000000
         -0.0137305944720762           0.0121878309796304           0.0059062507371050
          0.0079136868752062           0.0759177307853636          -0.0177794369675086
          0.0000000000000000           0.0000000000000000           0.0000000000000000
         -0.0197156140448174          -0.0149273084420701           0.0270227792747874
          0.0129759835118526           0.1253585410446914          -0.0271505032405236
          0.0000000000000000           0.0000000000000000           0.0000000000000000
         -0.0239482816652258          -0.1660263873558070           0.1406589028909569
          0.0349523431757320           0.3516276767642231          -0.0752167385770297
          0.0000000000000000           0.0000000000000000           0.0000000000000000
        166.7295770006343218        -278.1687867190549923         249.7423284590367132
         23.9748088255756038         193.3820969995647374         -99.1867900068346131
          0.0000000000000000           0.0000000000000000           0.0000000000000000
