1  82   4   1   4   -12.136655   0.000000
  0 
./DATA/2947/108/M028/
0
          4.1059409929291864
          5.2062682956487709
          2.6829472217016455
          3.7137115775493510
          1.7414634857744098
          2.6417102630991418
          0.9661208594386915
          1.6618144434334381
          0.3990626386955782
          0.8258787185581947
          0.1099906273768710
          0.2935579882138141
          0.0056893731289718
          0.0252853034200349
          0.0000221463400897
          0.0002376638985719
          1.1681188597071721
          4.8138566336364690
          3.3959772239153079
          3.2375922641736383
         15.6448884504807904
          6.9238547974676683
          0.8875068899278836
          3.3351178680606730
          3.0184100742745805
          5.0264536988608182
         24.9971815017493242
         10.0741652213792943
          0.7746702797242467
          3.4653412253599711
          2.4554395293215761
          2.1527638772950151
         11.2873295097682735
          5.0159718966311582
          0.5821917279998510
          2.3597615707388977
          2.1536747955607836
          3.3383789231413883
         18.0037381395554981
          7.2747395301799518
          1.0871367326507961
          6.5522357463868328
          2.9340293318668667
          1.6819913453174178
         10.4208953083829456
          4.2320914501394178
          0.4340435035138874
          3.1643776483199164
          1.4324203438660077
          0.6691362094754966
          5.0145230607888536
          2.0514588024335860
          1.7113483991601031
         13.3719837187432731
          4.6545116962719861
       1154.3201817945921448
      10235.2628945395663322
       2502.0080642731627449
          0.1247864062632483
          1.1787293953240274
          0.5410803080576715
          0.1913868594632703
          1.8605098924962677
          0.7682877368844365
          0.4798162127453099
          4.8869562682759886
          1.6936261133448471
        278.6157912688775582
       3275.2739397140744586
        774.5503980218605875
          0.0122285652083133
          0.1852850287356910
          0.0865790125526507
          0.0186037346576348
          0.2913185040099200
          0.1216298125066746
          0.0451663775989390
          0.7497439111468507
          0.2573118660693803
         19.4538325445477547
        397.6009038781053846
         85.5228337363070068
0
          4.1059409929291872
          5.1989089751475133
          2.6829472217016459
          3.6963894108170381
          1.7414634857744100
          2.6138395923310767
          0.9661208594386917
          1.6254036613555187
          0.3990626386955782
          0.7942388998707322
          0.1099906273768710
          0.2825036441551096
          0.0056893731289718
          0.0279972448627292
          0.0000221463400897
          0.0004044422651319
          1.1681188597071723
          4.7280724486501917
          3.2735340245260725
          3.2375922641736397
         15.6243933436019073
          6.8847812143093678
          0.8875068899278842
          3.2589705965594140
          2.8525606039637497
          5.0264536988608146
         25.0516123864628426
         10.0750549835303378
          0.7746702797242470
          3.3911283533821561
          2.3523557528327266
          2.1527638772950155
         11.2740427337470308
          4.9645219089173036
          0.5821917279998502
          2.2897447558112392
          2.0266082683583080
          3.3383789231413887
         18.0555735165409814
          7.2509405805274723
          1.0871367326507964
          6.5461468887220242
          2.8741623445324245
          1.6819913453174189
         10.4625066633185995
          4.1837155395718542
          0.4340435035138874
          3.1622397023621467
          1.3764736511587510
          0.6691362094754968
          5.0400791867580548
          1.9940175370944682
          1.7113483991601031
         13.4563865230767430
          4.6636822420961126
       1154.3201817945912353
       9313.5140249075247993
       2558.3867678211618113
          0.1247864062632483
          1.1778375632923743
          0.5013980883457283
          0.1913868594632704
          1.8703168930595551
          0.7212430685912350
          0.4798162127453102
          4.9158776581483483
          1.6542079691262905
        278.6157912688776150
       2945.8529587917328172
        815.5198087500627935
          0.0122285652083133
          0.1847493475289262
          0.0728329270672768
          0.0186037346576348
          0.2913545123407267
          0.1032520002537549
          0.0451663775989390
          0.7461579681342470
          0.2286265222321443
         19.4538325445477405
        351.1088382971486794
         96.3130060447956424
1
          5.1982706375907899
          4.0915747296793894
          3.6971729648239404
          2.6847916732955559
          2.6182606835558313
          1.7511157191652884
          1.6334685101854509
          0.9788244313114665
          0.8008001894098307
          0.4103220284750044
          0.2818575726639389
          0.1175070059783453
          0.0256177851871907
          0.0075232480273952
          0.0003274126729279
          0.0000590777431332
          3.3126652475933853
          4.7965962880270041
          1.1806262483751362
          6.8239468173026641
         15.6289787749583660
          3.2591815356632670
          2.8996377816140222
          3.3602862663888211
          0.9098643372416535
          9.9222009210325819
         25.0250512402515604
          5.0669749118179173
          2.3799530119625816
          3.4516160780642697
          0.7877819286667403
          4.9164379625533829
         11.2972440994932146
          2.1802940083940996
          2.0559369245379240
          2.3778004023223223
          0.6004700475898528
          7.1289068257195165
         18.0690564451802196
          3.3854942070445713
          2.8482358628589335
          6.5777438467660572
          1.1136229486255604
          4.1104608836333139
         10.5016176460949993
          1.7250503226662093
          1.3724008431285177
          3.1862906178281025
          0.4524427241509880
          1.9679705850287346
          5.0762531276257903
          0.6983060201701274
          4.4683731911486264
         13.6263125957515090
          1.8014951628295266
       2080.7255842678837325
       9777.5916016548435437
       1242.7581220064198533
          0.5097757952085352
          1.1875145229212436
          0.1334955351687413
          0.7249686734479944
          1.8879923752286858
          0.2050037001212433
          1.5996954738195501
          5.0106409595527959
          0.5190654750597270
        604.4632298554137151
       3152.9826253782880485
        317.2331507713597603
          0.0796306808521642
          0.1837084619866228
          0.0136777536539517
          0.1118178671963677
          0.2916361446657164
          0.0208456518158647
          0.2358600947379620
          0.7629155504664131
          0.0512831232052256
         60.2838961246557474
        392.4059840612956123
         25.3647012682451773
1
          5.2069066332054943
          4.0915747296793876
          3.7129280235424487
          2.6847916732955559
          2.6372891718743872
          1.7511157191652884
          1.6537495946035059
          0.9788244313114663
          0.8193174290190965
          0.4103220284750043
          0.2942040597049850
          0.1175070059783453
          0.0276647630955733
          0.0075232480273952
          0.0003146934907759
          0.0000590777431332
          3.3873529825575730
          4.8557809684140860
          1.1806262483751349
          6.8816403907310493
         15.6749384890373751
          3.2591815356632701
          3.0005057220055482
          3.4428779890208188
          0.9098643372416536
          9.9890805383525016
         25.0811930302673893
          5.0669749118179181
          2.4402493593117009
          3.4987760612397327
          0.7877819286667399
          4.9722805773010554
         11.3289419366083202
          2.1802940083941000
          2.1352153458210559
          2.4400037707810713
          0.6004700475898525
          7.1992777817997595
         18.1003355215182502
          3.3854942070445726
          2.8940242645491145
          6.5891442923682675
          1.1136229486255622
          4.1722544027412436
         10.5006018609388452
          1.7250503226662102
          1.4023764001375338
          3.1821838685488184
          0.4524427241509882
          2.0103549991188974
          5.0541637848456640
          0.6983060201701276
          4.5454040162491802
         13.5179816912166562
          1.8014951628295259
       1998.4792641213634852
      10162.2754144920982071
       1242.7581220064191712
          0.5243216378254412
          1.1783411750804149
          0.1334955351687415
          0.7463606365173782
          1.8638390367902464
          0.2050037001212433
          1.6432694833430830
          4.9121767792043265
          0.5190654750597267
        580.8673856752878919
       3256.0449890676927680
        317.2331507713595897
          0.0828947187358490
          0.1794577626423975
          0.0136777536539517
          0.1168638945891220
          0.2821218132979132
          0.0208456518158647
          0.2472189771427691
          0.7268915714414177
          0.0512831232052255
         58.4871102470170214
        390.7565715894728555
         25.3647012682451667
   0    4  0.420556 -1.051333 -0.469487 
         -0.0717788057968881           0.0364509270921474           0.0286477530845364
          0.0484756241837759          -0.0686617399380109           0.1198396094363066
          0.0177312745242715           0.0045956506163242           0.0155380419345933
         -0.0311766653280117          -0.0130615143706461           0.0163721195658531
          0.0594201960125325          -0.0275137452710869           0.0176298698067289
         -0.1020486296315170           0.0393919549753642          -0.0249156248828751
          0.0664009827693303          -0.0578098911268242           0.0285718003929282
         -0.1602636985655206           0.0913661842851583          -0.0231215466615637
          0.0389765951372461          -0.0672925780627242           0.0388448043646872
         -0.1669053717263280           0.1194005720646918           0.0085034528447474
          0.0092293812487804          -0.0433745762162168           0.0321485539646408
         -0.1046239169267868           0.0968514611311978           0.0253250677742675
         -0.0000764907689482          -0.0061298495884987           0.0065911298085456
         -0.0166859582476618           0.0264838376551972           0.0101436341480793
          0.0000087847699625          -0.0000616214545878           0.0000831887738842
         -0.0002783699615240           0.0008881701699643           0.0004205369339470
          0.1442969288405836          -0.0625745325960938           0.0393848195254206
         -0.0516666999693126          -0.0747537740087778           0.1138732442273112
         -0.5106443124852383           0.2886581416528864          -0.1336976668561924
          0.0148566160458903           0.0907138107240604           0.0557664483296664
          0.0229705547214566          -0.0217859702789242          -0.0253798046601109
          0.0501467584972325          -0.2107535791155337           0.0945477843396160
          0.1446585531809610          -0.0429279972547164           0.0292605262018904
         -0.0376340657213187          -0.2906096764462470           0.2450717378637356
         -0.7442154740702365           0.6151337526879896          -0.1059809788628892
         -0.1142220724084242           0.2636486893855908           0.0620237838103826
          0.1116404436602193          -0.1846740689865381          -0.0334343599111114
          0.3773666678947041          -0.3836896888488497           0.3505099235287271
          0.1202492294663910          -0.0638670641978712           0.0338352935633789
         -0.0694439303716541          -0.0487711622649939           0.1033968519064560
         -0.4464412653009535           0.2568893812490084          -0.1078281109017900
          0.0628193590350477           0.0348678345040231           0.0312671267955590
          0.0196232208215507           0.0336341961121236          -0.1100572541902494
         -0.0612588003598655          -0.1320035987385128          -0.0072392881786210
          0.1131674048950866          -0.0473753400138582           0.0279357822431450
         -0.0585171723381989          -0.2108594606981766           0.2174677807559009
         -0.6012412487710339           0.5046572760297435          -0.0767143604514440
         -0.0016923359676001           0.1500944573899306           0.0227994487075052
          0.1196171300482114          -0.0460487439439438          -0.2094404314375078
          0.1691236811111426          -0.2731286839452970           0.1244632849948938
          0.0833772694535687          -0.0192029982013382           0.0110981083122575
         -0.0163684417426256           0.0891102197652172          -0.1332236078939409
         -0.1563262980947919          -0.0573805200488081          -0.0661614645586629
          0.0719766232235350           0.0319607225408756          -0.0058602417442032
          0.0645069564025498           0.0944099339798325          -0.2740374706987596
         -0.0398102514549464          -0.1587377663191229          -0.0398837021688624
          0.0666696558805564          -0.0410819903684752           0.0024251603698713
         -0.0607806285476929           0.1074069081649731          -0.0856544059444319
         -0.1789558909084206          -0.0175502386321377          -0.0563184841581141
          0.0761305025677975          -0.0311403446833950          -0.0125139932945479
         -0.0227016185539672           0.1563736278246279          -0.1956757182001604
         -0.1462543678762297          -0.0830862963455461          -0.0710212111224857
          0.1031274637245941           0.0628104934359716          -0.1011941577817823
          0.2219628567973812           0.1804897843066608          -0.6179787409115993
          0.1091622538352982          -0.0717714234315590          -0.1522259678244298
        -35.6033864508708149         222.4297372955758760         101.5061513029424987
       -812.8844893725031397       -1591.8369279668654599        1171.1661214364467014
        -59.5631952917650267        1620.4992031402700832         396.6206136705429799
          0.0351834105927935          -0.0323908884017236           0.0004940937487494
         -0.0771323295713917           0.0819082028904116          -0.0235199450380137
         -0.1355147163073666          -0.0050205616662884          -0.0189100177939222
          0.0448342398873468          -0.0374755906523267          -0.0074174169776913
         -0.0776997246793461           0.1298772046481362          -0.0746013496061474
         -0.1443912110924462          -0.0410612539953498          -0.0317238474117977
          0.0792981592692810          -0.0413085250396223          -0.0537727760364674
         -0.0098731011330088           0.2873385773968863          -0.3067849767456099
         -0.1087283839043907          -0.0828634604226208          -0.1095430576367612
          1.9555059193033446          53.9550923494528476           2.8203067108673183
       -168.4154286620250218        -385.3106610683336157         195.3951947191548015
         23.7563382771039748         549.5304856513237155          45.6781666158934243
          0.0070827195673889          -0.0087157139364902           0.0002923512471441
         -0.0425707036142715           0.0249758902433809           0.0087894199155027
         -0.0482100441927545          -0.0033589334679109           0.0057174347978268
          0.0096721790093487          -0.0116242046646590          -0.0011081794421012
         -0.0554160803924859           0.0412276071190811           0.0041296434664799
         -0.0600752248779927          -0.0142464294269861           0.0058310423378355
          0.0194441841689606          -0.0216606113693941          -0.0096143145541517
         -0.0855328520411704           0.1118158075893951          -0.0280174134406784
         -0.0891409777160968          -0.0431487626903499          -0.0030375174457445
          3.0581439064884028           0.0249583779470955          -5.6627183036073223
         11.7100472310130233          17.4006815621563291         -22.7061772485789248
         10.9695608472589168          59.9378214704499541         -17.4017688822300194
   3
         -0.0015330341087113          -0.0831121412032563           0.0680589310418594
          0.0000000000000000           0.0000000000000000           0.0000000000000000
         -0.0297562730067042          -0.0229458679307199           0.0071988304409660
          0.0000000000000000           0.0000000000000000           0.0000000000000000
         -0.0555121042179528           0.0413667691174266          -0.0175699103758031
          0.0000000000000000           0.0000000000000000           0.0000000000000000
         -0.0785865280178321           0.1051733957402544          -0.0172589777368350
          0.0000000000000000           0.0000000000000000           0.0000000000000000
         -0.0825486756048756           0.1366516030124995           0.0029333340228714
          0.0000000000000000           0.0000000000000000           0.0000000000000000
         -0.0551739234756026           0.1074393817044569           0.0175698767829154
          0.0000000000000000           0.0000000000000000           0.0000000000000000
         -0.0104721866669638           0.0278739749504450           0.0090598589871790
          0.0000000000000000           0.0000000000000000           0.0000000000000000
         -0.0002278747821084           0.0009002199576114           0.0004146152849935
          0.0000000000000000           0.0000000000000000           0.0000000000000000
         -0.3484839410678465           0.4093529521306170          -0.1139641058031390
          0.0116299422941233           0.1467333687360176           0.0787020915767516
          0.0000000000000000           0.0000000000000000           0.0000000000000000
          0.2504973004746701          -0.4654320191853240           0.1346432174830025
         -0.5543762516439670          -0.1327241425697362          -0.1263474203095599
          0.0000000000000000           0.0000000000000000           0.0000000000000000
         -0.6291526329112292           0.6109965400698577          -0.0453704020998487
         -0.1025173501166562           0.4545202240608990           0.1845821535450260
          0.0000000000000000           0.0000000000000000           0.0000000000000000
          0.5688098501738040          -1.1385734025620236           0.4518442444724333
         -1.2345297379928371          -0.1043947985506081          -0.2255168702275964
          0.0000000000000000           0.0000000000000000           0.0000000000000000
         -0.2516984754776475           0.3699202398632535          -0.0993218974527526
         -0.0182524122544246           0.1365933105744901           0.0284189693438069
          0.0000000000000000           0.0000000000000000           0.0000000000000000
          0.1889481168791381          -0.3316706979021562           0.0743164445175626
         -0.5336244640645502          -0.0129204224793926          -0.1585326605232500
          0.0000000000000000           0.0000000000000000           0.0000000000000000
         -0.4645029774493807           0.5346823639015666          -0.0416750199659316
         -0.0777000333613862           0.3584670234194099           0.1134416306898132
          0.0000000000000000           0.0000000000000000           0.0000000000000000
          0.4167902072641901          -0.8684995116292532           0.3056016639746985
         -1.1084441369816371           0.0594395573116457          -0.2604616290443001
          0.0000000000000000           0.0000000000000000           0.0000000000000000
          0.1062835624301688          -0.1745484186725720           0.0335858578525823
         -0.4577974254647824           0.0900990026644081          -0.1432406365724998
          0.0000000000000000           0.0000000000000000           0.0000000000000000
          0.2290368939277908          -0.5278565384952582           0.1753554749118991
         -0.8796462515741433           0.1950525390641563          -0.2263197549860596
          0.0000000000000000           0.0000000000000000           0.0000000000000000
          0.0374599067708694          -0.0626315015952503           0.0248133968907625
         -0.3348527365192142           0.1185503303979868          -0.0855324921331607
          0.0000000000000000           0.0000000000000000           0.0000000000000000
          0.0832033835473956          -0.2532969396954245           0.1050146061378864
         -0.6024987488270960           0.2196076729370347          -0.1344529053139244
          0.0000000000000000           0.0000000000000000           0.0000000000000000
          0.2211594183966586          -1.0538187685068430           0.5349905416361045
         -1.9374088285024802           0.8613946091397976          -0.3560137368685500
          0.0000000000000000           0.0000000000000000           0.0000000000000000
         12.6240247759523250        -892.7753742921502180        1132.0720102628872610
      -2813.4640634267821042        1416.9305427369879453         783.2912974999605922
          0.0000000000000000           0.0000000000000000           0.0000000000000000
         -0.0010937814336463          -0.0101109832085029           0.0259824043607507
         -0.1946287653663357           0.0852229148538856          -0.0263251674895418
          0.0000000000000000           0.0000000000000000           0.0000000000000000
          0.0045631193024079          -0.0880519439123793           0.0680958639803108
         -0.3317492428117296           0.1521721053527366          -0.0433121809399652
          0.0000000000000000           0.0000000000000000           0.0000000000000000
          0.0077049973591902          -0.4078217326262851           0.2727473675111433
         -0.9633480111316333           0.5316267283586203          -0.1428052798154139
          0.0000000000000000           0.0000000000000000           0.0000000000000000
        -27.9639252934999867        -314.8177245085573759         393.1278155099470268
       -930.6589549267823713         672.2144633472055375         191.7340682331044945
          0.0000000000000000           0.0000000000000000           0.0000000000000000
         -0.0078999416902546          -0.0007908382944727           0.0162215451891306
         -0.0567984238503530           0.0234510511324428           0.0048733593496722
          0.0000000000000000           0.0000000000000000           0.0000000000000000
         -0.0118075444378661          -0.0152902807766237           0.0302269890070033
         -0.0918604941785097           0.0423648890061692           0.0058414721650389
          0.0000000000000000           0.0000000000000000           0.0000000000000000
         -0.0296019055143939          -0.0715698258088334           0.0893425046160627
         -0.2395266871782040           0.1423583453386610          -0.0017757252526900
          0.0000000000000000           0.0000000000000000           0.0000000000000000
         -9.9493320861506191         -38.5881882231102509          53.2085711959490695
       -114.8450404490301082         145.3141272176935104           1.4062493500617845
          0.0000000000000000           0.0000000000000000           0.0000000000000000
   0
         -0.0000000000000000          -0.0000000000000000          -0.0000000000000000
          0.0000000000000000           0.0000000000000000           0.0000000000000000
          0.0000000000000000          -0.0000000000000000           0.0000000000000000
          0.0000000000000000           0.0000000000000000           0.0000000000000000
          0.0000000000000000           0.0000000000000000           0.0000000000000001
          0.0000000000000000           0.0000000000000000           0.0000000000000000
          0.0000000000000000           0.0000000000000000           0.0000000000000000
          0.0000000000000000           0.0000000000000000           0.0000000000000000
         -0.0000000000000000           0.0000000000000000           0.0000000000000000
          0.0000000000000000           0.0000000000000000           0.0000000000000000
          0.0000000000000000           0.0000000000000000          -0.0000000000000000
          0.0000000000000000           0.0000000000000000           0.0000000000000000
          0.0000000000000000           0.0000000000000000           0.0000000000000000
          0.0000000000000000           0.0000000000000000           0.0000000000000000
          0.0000000000000000          -0.0000000000000000           0.0000000000000000
          0.0000000000000000           0.0000000000000000           0.0000000000000000
         -0.0780480019991587           0.0693287461587966           0.0097411113423705
          0.0949400987592212          -0.0913785349707819           0.0822221405439177
          0.0000000000000000           0.0000000000000000           0.0000000000000000
          0.1576247744423952          -0.0552591070948132           0.0378345225851727
         -0.2166470429701623           0.0784779887526334          -0.0585140975298681
          0.0000000000000000           0.0000000000000000           0.0000000000000000
         -0.0724609109577082           0.0441203319757827           0.0521720260887120
          0.0204596955371422          -0.0139103821917416           0.1653821312292868
          0.0000000000000000           0.0000000000000000           0.0000000000000000
          0.3988846419254021          -0.2050553745314374           0.1083588485743170
         -0.6027145879216241           0.3258026652550882          -0.1160903449182873
          0.0000000000000000           0.0000000000000000           0.0000000000000000
         -0.0466591318108417           0.0496541343386893           0.0000808840525360
          0.0685761362667197          -0.0710908721692219           0.0345208852058632
          0.0000000000000000           0.0000000000000000           0.0000000000000000
          0.1381934260615608          -0.0641537491856130           0.0324703261269329
         -0.2018482855317255           0.0901082973150664          -0.0618105145725284
          0.0000000000000000           0.0000000000000000           0.0000000000000000
         -0.0488232249487599           0.0350642562222438           0.0288811001415368
          0.0228459223383121          -0.0184719245050617           0.0986924918062261
          0.0000000000000000           0.0000000000000000           0.0000000000000000
          0.3208818907960450          -0.1925515108263608           0.0936599842903315
         -0.5180029212585782           0.3039264144635149          -0.0939703077505586
          0.0000000000000000           0.0000000000000000           0.0000000000000000
          0.1017849710424952          -0.0642413448551588           0.0247920940301073
         -0.1635076880862059           0.0910738907103947          -0.0536719574055662
          0.0000000000000000           0.0000000000000000           0.0000000000000000
          0.2151864845163365          -0.1586895143656507           0.0707430862546514
         -0.3831592623080434           0.2534082351449944          -0.0636798474946322
          0.0000000000000000           0.0000000000000000           0.0000000000000000
          0.0608610407489496          -0.0501366650075685           0.0162177487136606
         -0.1093904895794577           0.0745500649567607          -0.0368105272778767
          0.0000000000000000           0.0000000000000000           0.0000000000000000
          0.1193576003392579          -0.1079423345950930           0.0449796996077319
         -0.2374715059072441           0.1806726233686053          -0.0378080148012568
          0.0000000000000000           0.0000000000000000           0.0000000000000000
          0.3995265585091733          -0.4198415327358538           0.2235591075868026
         -0.9685182623363549           0.8200998346638775           0.0430813485431799
          0.0000000000000000           0.0000000000000000           0.0000000000000000
         42.8534443143564658        -464.3730330200962726         399.7003565869570139
      -1660.8180014460406255        1376.4141401447730004         816.7326853658223627
          0.0000000000000000           0.0000000000000000           0.0000000000000000
          0.0269464147584405          -0.0278561694435247           0.0080763497577949
         -0.0549748702837173           0.0460149765173622          -0.0191414566651088
          0.0000000000000000           0.0000000000000000           0.0000000000000000
          0.0498445508513810          -0.0543547418129588           0.0215313075031853
         -0.1120074059412828           0.1006943047656975          -0.0194425696305767
          0.0000000000000000           0.0000000000000000           0.0000000000000000
          0.1568717418650211          -0.1893126489627681           0.1012298854828941
         -0.4219934171362696           0.4138162211130455           0.0138155306923504
          0.0000000000000000           0.0000000000000000           0.0000000000000000
         37.9692309920818190        -168.5706981880766193         147.7286866263191598
       -592.3855285257227479         622.5578591221029683         316.6516291362028142
          0.0000000000000000           0.0000000000000000           0.0000000000000000
          0.0047081189769771          -0.0060343628651270           0.0016371618529667
         -0.0115176240886562           0.0129800674088194          -0.0045835972904482
          0.0000000000000000           0.0000000000000000           0.0000000000000000
          0.0082392481796438          -0.0108153675306060           0.0041135015314999
         -0.0219962223997926           0.0258603684416899          -0.0053783114037994
          0.0000000000000000           0.0000000000000000           0.0000000000000000
          0.0243666163788167          -0.0336452876937971           0.0181898328113812
         -0.0759617601039370           0.0955477568255836          -0.0034193600660708
          0.0000000000000000           0.0000000000000000           0.0000000000000000
          9.6860291782368257         -22.6476286880078668          21.2310492452703450
        -82.1341604253418041         123.6760609955302073          44.1095103068439442
          0.0000000000000000           0.0000000000000000           0.0000000000000000
   1
         -0.0717788057968882           0.0364509270921474           0.0286477530845363
          0.0000000000000000           0.0000000000000000           0.0000000000000000
          0.0177312745242714           0.0045956506163242           0.0155380419345933
          0.0000000000000000           0.0000000000000000           0.0000000000000000
          0.0594201960125325          -0.0275137452710869           0.0176298698067290
          0.0000000000000000           0.0000000000000000           0.0000000000000000
          0.0664009827693304          -0.0578098911268242           0.0285718003929282
          0.0000000000000000           0.0000000000000000           0.0000000000000000
          0.0389765951372462          -0.0672925780627242           0.0388448043646872
          0.0000000000000000           0.0000000000000000           0.0000000000000000
          0.0092293812487804          -0.0433745762162168           0.0321485539646408
          0.0000000000000000           0.0000000000000000           0.0000000000000000
         -0.0000764907689482          -0.0061298495884987           0.0065911298085456
          0.0000000000000000           0.0000000000000000           0.0000000000000000
          0.0000087847699625          -0.0000616214545878           0.0000831887738842
          0.0000000000000000           0.0000000000000000           0.0000000000000000
          0.0662489268414246           0.0067542135627030           0.0491259308677909
          0.4821462819616115          -0.4078409949223525           0.1928156417598128
          0.0000000000000000           0.0000000000000000           0.0000000000000000
          0.1724813904882863           0.0354547036292466           0.0936009709148394
         -0.3891354829985268           0.3242017968527975          -0.1280302452066618
          0.0000000000000000           0.0000000000000000           0.0000000000000000
          0.0721976422232523           0.0011923347210665           0.0814325522906025
          0.4778127465732319          -0.6203802523903529           0.4616935972090382
          0.0000000000000000           0.0000000000000000           0.0000000000000000
          0.2846625695169767           0.0585933148541541           0.1703826323846995
         -1.2647507833470435           0.8437053311599483          -0.1799981767239130
          0.0000000000000000           0.0000000000000000           0.0000000000000000
          0.0735900976555491          -0.0142129298591818           0.0339161776159149
          0.3733356260822028          -0.3238314197475771           0.1186289775723085
          0.0000000000000000           0.0000000000000000           0.0000000000000000
          0.2010127850966091          -0.0292859146815900           0.0637374529224922
         -0.2898841863672990           0.2896770284488617          -0.0979997504894367
          0.0000000000000000           0.0000000000000000           0.0000000000000000
          0.0643441799463270          -0.0123110837916143           0.0568168823846819
          0.3764384263256826          -0.4840380838065526           0.3171074036927548
          0.0000000000000000           0.0000000000000000           0.0000000000000000
          0.3191895548284456          -0.0424570534364306           0.1164594329978364
         -0.9500011985733228           0.7429788125863251          -0.1161500524307353
          0.0000000000000000           0.0000000000000000           0.0000000000000000
          0.1851622404960636          -0.0834443430564971           0.0358902023423649
         -0.2024842727424781           0.2354580271369414          -0.0399241985300500
          0.0000000000000000           0.0000000000000000           0.0000000000000000
          0.2871631077398710          -0.1267287918247751           0.0648828445104483
         -0.6188285208990653           0.5807833582864067          -0.0199299810753828
          0.0000000000000000           0.0000000000000000           0.0000000000000000
          0.1275306966295059          -0.0912186553760436           0.0186429090835319
         -0.1499753148204063           0.1675759498328299           0.0143368568219027
          0.0000000000000000           0.0000000000000000           0.0000000000000000
          0.1954881029070556          -0.1390826792784879           0.0324657063131841
         -0.3811698336300957           0.3905129006100904           0.0544230936560571
          0.0000000000000000           0.0000000000000000           0.0000000000000000
          0.5026540222337677          -0.3570310392998818           0.1223649498050205
         -1.5869098964663120           1.5438597246579295           0.3551315269093457
          0.0000000000000000           0.0000000000000000           0.0000000000000000
          7.2500578634849209        -241.9432957245209934         501.2065078898995125
      -2731.3874323690724850        2690.0494242560143903        1267.5872559292329242
          0.0000000000000000           0.0000000000000000           0.0000000000000000
          0.0621298253512339          -0.0602470578452483           0.0085704435065443
         -0.1071969700093712           0.0929837379108327           0.0382917899437229
          0.0000000000000000           0.0000000000000000           0.0000000000000000
          0.0946787907387279          -0.0918303324652855           0.0141138905254941
         -0.2174970297971008           0.2034162674136931           0.0753282585259849
          0.0000000000000000           0.0000000000000000           0.0000000000000000
          0.2361699011343022          -0.2306211740023904           0.0474571094464266
         -0.7371468780016407           0.7747164237872342           0.2773141559007326
          0.0000000000000000           0.0000000000000000           0.0000000000000000
         39.9247369113850112        -114.6156058386237646         150.5489933371864879
       -893.0974588122974183        1252.9998489898518983         551.8340976444112584
          0.0000000000000000           0.0000000000000000           0.0000000000000000
          0.0117908385443660          -0.0147500768016172           0.0019295131001108
         -0.0455714651013734           0.0214958248837771           0.0233181173095459
          0.0000000000000000           0.0000000000000000           0.0000000000000000
          0.0179114271889925          -0.0224395721952650           0.0030053220893987
         -0.0759895876873528           0.0442524128000000           0.0386078360689205
          0.0000000000000000           0.0000000000000000           0.0000000000000000
          0.0438108005477773          -0.0553058990631912           0.0085755182572295
         -0.2010139563419011           0.1638405730789495           0.1067942350150194
          0.0000000000000000           0.0000000000000000           0.0000000000000000
         12.7441730847252366         -22.6226703100607622          15.5683309416630404
       -106.4662423289050963         249.3667794376477786         103.9551821040886068
          0.0000000000000000           0.0000000000000000           0.0000000000000000
   2
          0.0500086582924872           0.0144504012652452           0.0517806783944472
          0.0000000000000000           0.0000000000000000           0.0000000000000000
         -0.0014203923213075           0.0098843535600738           0.0091732891248870
          0.0000000000000000           0.0000000000000000           0.0000000000000000
         -0.0465365254135643          -0.0019748141420625          -0.0073457145070720
          0.0000000000000000           0.0000000000000000           0.0000000000000000
         -0.0816771705476885          -0.0138072114550962          -0.0058625689247287
          0.0000000000000000           0.0000000000000000           0.0000000000000000
         -0.0843566961214524          -0.0172510309478078           0.0055701188218760
          0.0000000000000000           0.0000000000000000           0.0000000000000000
         -0.0494499934511842          -0.0105879205732590           0.0077551909913521
          0.0000000000000000           0.0000000000000000           0.0000000000000000
         -0.0062137715806980          -0.0013901372952478           0.0010837751609003
          0.0000000000000000           0.0000000000000000           0.0000000000000000
         -0.0000504951794156          -0.0000120497876471           0.0000059216489534
          0.0000000000000000           0.0000000000000000           0.0000000000000000
         -0.3267381592976953           0.0227737642257435          -0.0491749434544694
          0.0306099430145197          -0.1735955664669969           0.0756412565571681
          0.0000000000000000           0.0000000000000000           0.0000000000000000
          0.3960286546430146          -0.0632344414587394           0.1169892713418033
         -0.4088587416406898           0.3153954653754236          -0.1062956928575132
          0.0000000000000000           0.0000000000000000           0.0000000000000000
         -0.5436689508330468          -0.2230004565352788           0.0272009060162745
         -0.0288615531052909           0.0349623591391272           0.1537823232218299
          0.0000000000000000           0.0000000000000000           0.0000000000000000
          0.9018646770483720          -0.3950168679042431           0.3595293356088193
         -0.9077989224157087           1.0129444228239677          -0.2100915756075327
          0.0000000000000000           0.0000000000000000           0.0000000000000000
         -0.2489804575835564           0.0180250278060346          -0.0463449686934173
         -0.0045178014791179          -0.1437520689196250           0.0261450401408733
          0.0000000000000000           0.0000000000000000           0.0000000000000000
          0.2619101066319632          -0.0714115359200013           0.0646900193448140
         -0.4590054535235445           0.2698507458455192          -0.1261661471222519
          0.0000000000000000           0.0000000000000000           0.0000000000000000
         -0.4032899273511349          -0.1589304232769506           0.0134426361734466
         -0.0184092550853900           0.0055000395754759           0.0895401310559074
          0.0000000000000000           0.0000000000000000           0.0000000000000000
          0.6184912010799036          -0.3378035507290227           0.2355126122499093
         -0.9273845591742432           0.8327056691057650          -0.2150822434703432
          0.0000000000000000           0.0000000000000000           0.0000000000000000
          0.0988839435327538          -0.0604605243304759           0.0247294519422487
         -0.4580546944425801           0.1864442151354127          -0.1049017290000935
          0.0000000000000000           0.0000000000000000           0.0000000000000000
          0.2787669264199034          -0.2368508032290028           0.1203613601582312
         -0.8519134314395338           0.5613954699357652          -0.1608040322152805
          0.0000000000000000           0.0000000000000000           0.0000000000000000
         -0.0180808573903926          -0.0318261098857572           0.0107454666371067
         -0.3741664862434952           0.0975635869822493          -0.0518897693271203
          0.0000000000000000           0.0000000000000000           0.0000000000000000
          0.0323902099931540          -0.1244016807085046           0.0561638786458788
         -0.6574351362196242           0.2998369686853870          -0.0709254885316009
          0.0000000000000000           0.0000000000000000           0.0000000000000000
          0.3364973243089603          -0.8384098045096080           0.4419208597444222
         -1.9886639632778966           1.6687810215388219          -0.0848532922376602
          0.0000000000000000           0.0000000000000000           0.0000000000000000
       1005.0300034590921996       -2370.5345114904089314        1810.5917145238634021
      -1825.5849910033507513        4947.2239113597433970         906.3911257089223454
          0.0000000000000000           0.0000000000000000           0.0000000000000000
         -0.0627925926865718          -0.0040975641588751           0.0083335865204300
         -0.2333357843260036           0.0315677302917890          -0.0042505429067394
          0.0000000000000000           0.0000000000000000           0.0000000000000000
         -0.0751132382813331          -0.0362884549289715           0.0263279082707643
         -0.3932888860658018           0.1104581750345625           0.0013539787594483
          0.0000000000000000           0.0000000000000000           0.0000000000000000
         -0.0744472400042254          -0.2929211506783719           0.1771709803857917
         -1.1051477548197528           0.6504103186306758           0.0471374374428828
          0.0000000000000000           0.0000000000000000           0.0000000000000000
        324.2039074016249742        -804.4270270333112194         631.9210858667438515
       -733.3916164500213881        1885.9564501125744300         307.6239062286695685
          0.0000000000000000           0.0000000000000000           0.0000000000000000
         -0.0369784939519251           0.0063553778848898           0.0042346769606235
         -0.0694795668367400          -0.0005126835833278           0.0119528692183212
          0.0000000000000000           0.0000000000000000           0.0000000000000000
         -0.0533537412858588           0.0049634673158720           0.0078637767721948
         -0.1125136741419794           0.0097047115665898           0.0210687540873930
          0.0000000000000000           0.0000000000000000           0.0000000000000000
         -0.1057073248611635          -0.0192247383958647           0.0344976340753684
         -0.2942685381475177           0.0880939448233048           0.0626983696760396
          0.0000000000000000           0.0000000000000000           0.0000000000000000
         30.9817387072105745         -95.4823269394340741          80.6372914522898157
       -129.2280608197757488         283.1544799947994875          55.2213293702861350
          0.0000000000000000           0.0000000000000000           0.0000000000000000
