1  82   7   1   7   -24.118442   0.000000
  0 
./DATA/2947/114/M025/
0
          9.5361319006203882
          1.7764020960544804
          6.6095422562966828
          1.2151203341657495
          4.6105571844185240
          0.8182346327573931
          2.8793560434846315
          0.4702097066277438
          1.4760017416634248
          0.2005429551423363
          0.5855193438592056
          0.0572353063877205
          0.0728708266213399
          0.0032552720799934
          0.0013936284562065
          0.0000149526129154
         10.9254227368429540
          3.8875582320597255
          0.2083201395964258
         27.3614113715943148
         12.6355530629572730
          0.2201877188154707
          9.4953296888208545
          2.8517123773912525
          0.2116902078994991
         42.3673069583235744
         20.3477020391863377
          0.2354253663375888
          7.9379918457266401
          2.8076966427078056
          0.1358515710651910
         19.7837644585032031
          9.2178934140539539
          0.1401390240442539
          6.8554130168139418
          2.0176496268159965
          0.1389208028835874
         30.5469582423670545
         14.8380431695082997
          0.1474957088417132
         11.6167924649308691
          5.4594292334295407
          0.0654216577211306
         17.8400793579780270
          8.7784414761426550
          0.0672447635693617
          5.7828448142916873
          2.7162026630785179
          0.0232218821237836
          8.8090308270503890
          4.3587380883703251
          0.0232579253746212
         22.6591428569262483
         11.8731942819629435
          0.0256482821514681
      20307.9232982836583687
       8585.9530276666846476
          1.1314095170984075
          2.3001719635378648
          1.0578619202088708
          0.0055421888728289
          3.4642253629764510
          1.6922793737568356
          0.0054155475863242
          8.6572023734476495
          4.5560961189571936
          0.0054970137580651
       6744.6456338318494090
       2995.4412898945852248
          0.1451763310979034
          0.4322490199020921
          0.1818746349434615
          0.0003500479432954
          0.6394218518516479
          0.2894044803823836
          0.0003345734114506
          1.5206085020059124
          0.7647688818582606
          0.0003125709779385
        875.7587793825741755
        430.4595292229806773
          0.0025695195432048
0
          9.5854771986046874
          1.7617329443732315
          6.5931010041257787
          1.2186643730318976
          4.5499343111202757
          0.8431801581324653
          2.7951979241872151
          0.5162122785812618
          1.4030804864381679
          0.2545333928570241
          0.5491368797529982
          0.0961956451642865
          0.0698750243879924
          0.0113155977527042
          0.0014165876614785
          0.0001893989446044
         10.3535180311733281
          4.1811603220202107
          0.2142420143339168
         27.4989915804373695
         12.4027918358742237
          0.2144174633355848
          8.7401209427500159
          3.3041494711686306
          0.2256374254831042
         43.0310680412781537
         19.7474124988766739
          0.2259883234864401
          7.4589085911479147
          3.0699763025720261
          0.1406184280026407
         19.7737518846085578
          9.0209842211900355
          0.1363685165302857
          6.2622271415746837
          2.4123640107832753
          0.1493216627776151
         30.8919137284960001
         14.3143798480192928
          0.1408218398329051
         11.4925270551124896
          5.3174418229569085
          0.0638266939942470
         17.8907510530483336
          8.3837222005237582
          0.0639049025399760
          5.6361499156642516
          2.6293240655607528
          0.0228816140212495
          8.7212931322353455
          4.1059049672378700
          0.0221413052572382
         23.0018325258813654
         10.9593714353836109
          0.0234584439936522
      20894.7222272426588461
       9220.9242143669853249
          1.0413705616981588
          2.1950134023925951
          1.0153917069361169
          0.0055851468826359
          3.3646794741492556
          1.5638204960602426
          0.0052300370135432
          8.6677777337057993
          4.0748521966974902
          0.0049839052153734
       6971.5519202156756364
       3102.3663688367651048
          0.1265440215327041
          0.3966819013197303
          0.1715157402406414
          0.0003740947329738
          0.5975806990617996
          0.2575551201424721
          0.0003398310640426
          1.4715835432106117
          0.6424230386798838
          0.0002898605613031
        912.1033342406017255
        415.7788753828896233
          0.0020935900764710
0
          9.5481968022815877
          1.8006170878200258
          6.5532416896218670
          1.2668253583388283
          4.5166605426839057
          0.8815264631759242
          2.7649766962947648
          0.5304926007196726
          1.3649384605790209
          0.2399693864978826
          0.5072455741263311
          0.0718621565292276
          0.0550050818547180
          0.0040793589935964
          0.0009118227752769
          0.0000175544578444
         10.1441713624105816
          4.2081075713540042
          0.2588099656350570
         27.1544212927101114
         12.9714035105458301
          0.2231676056296749
          8.5407561438009747
          3.0691497222296085
          0.2900838658123848
         42.5612560044000077
         20.5957416006132625
          0.2187991458016205
          7.2816008445407272
          3.0631947447102275
          0.1724373962881926
         19.5179979194224096
          9.5118115756744679
          0.1446153299216744
          6.0793710204805844
          2.1878600189455493
          0.1943662767123585
         30.5521651702438781
         15.0850936808740315
          0.1387221439793221
         11.3434534039496899
          5.6866660284220867
          0.0697344845293394
         17.7129741517892469
          9.0019867532487812
          0.0648154444083164
          5.5663982850493978
          2.8693450958663744
          0.0259183709372633
          8.6623505405457895
          4.5332059405752725
          0.0233280907508897
         23.0230684941612154
         11.9793176034352591
          0.0216794088133646
      21053.4101352193356433
       8047.7616665224804819
          1.2516856507760585
          2.1694604386343492
          1.1417667112620951
          0.0065882801151377
          3.3622815887775381
          1.8014920134470185
          0.0057712955192633
          8.7873101859736984
          4.7087532365614369
          0.0048013605974024
       7020.5071684046879454
       2737.4722629429093104
          0.1544486760258033
          0.3909438398774486
          0.2052168366755300
          0.0004648397757487
          0.6034300073072784
          0.3243106782949938
          0.0003995771254254
          1.5376114598494299
          0.8396801195828144
          0.0003027064350549
        934.3592130899163521
        397.0227653190388537
          0.0024610953162571
0
          9.5642937796054550
          1.7972556716442949
          6.5790828095764411
          1.2892479105737480
          4.5369442617193032
          0.9191469805991256
          2.7688799399619861
          0.5745003427048374
          1.3494641120944810
          0.2767568765849871
          0.4879717746244904
          0.0918881175179937
          0.0500960325515964
          0.0070577285927702
          0.0007560840006908
          0.0000602719040069
         10.1948617126197867
          4.5048162183187932
          0.2889150426598607
         27.4750874439899206
         13.2222988838679409
          0.2222540989373145
          8.5328848897980585
          3.3573782777037962
          0.3418396006991180
         43.0933363525383228
         20.7923436088020992
          0.2085177132540259
          7.2993463575482931
          3.3104935003852423
          0.1943369517811440
         19.7909647597169034
          9.7772968240961369
          0.1453399813424815
          6.0453090223537398
          2.4124903325851639
          0.2311954335685250
         31.0285458266908485
         15.3460969800069460
          0.1332014926912002
         11.5375868947626294
          5.9291802302293863
          0.0711227723466706
         18.0750434004715004
          9.2787802438757367
          0.0630062096125887
          5.6783568980973538
          3.0486000236931443
          0.0269285610795035
          8.8873461561371663
          4.7548043984634552
          0.0230302002924207
         23.7396722222894283
         12.2496551474208264
          0.0203191610936067
      20822.2070082515747345
       7577.9403370496047501
          1.0664545410561044
          2.2169346926206104
          1.2422854652744089
          0.0070067458374734
          3.4670329338677837
          1.9311494803251490
          0.0058095419267216
          9.1392442416707169
          4.9003929882418751
          0.0045297079617146
       6937.8923355657389038
       2558.4663232948764744
          0.1400502910830664
          0.3990335407357438
          0.2318665428079799
          0.0005155139240368
          0.6243178682970394
          0.3593340339751663
          0.0004173907567559
          1.6139271751478474
          0.8955774626150278
          0.0002886937640578
        927.2095972119503813
        365.3969199346634582
          0.0026540302520787
0
          9.7714585265112781
          1.5509965996048656
          6.7041503416099095
          1.0729007205002568
          4.5928699043943162
          0.7578268436303501
          2.7642798543116700
          0.4840171773351383
          1.3124320989891980
          0.2501383149348760
          0.4562962351982913
          0.0936283803352572
          0.0427897752632143
          0.0091472968745935
          0.0005173844085285
          0.0001090368931445
         10.1583573077739810
          3.9418375591166397
          0.0737470008212815
         28.9814092586957379
         10.8664201389570731
          0.1300749009612248
          8.1613628810677312
          3.1710209257063888
          0.0790881153791962
         45.8074667829112627
         17.0201860853872837
          0.1917439156590828
          7.2106805313768048
          2.8924603240904805
          0.0440993324658116
         20.8575958189235173
          7.9298077752328728
          0.0748156120943363
          5.6984244784588123
          2.2884265766177063
          0.0486293984206713
         32.9922550535521992
         12.3631214789024977
          0.1100619576777208
         12.1320576103304028
          4.7292290595031012
          0.0291271113022069
         19.2083973397193226
          7.3210036120270816
          0.0427099838378335
          5.9497608660557981
          2.3993157159115110
          0.0079213982028567
          9.4262339476745964
          3.6848308852967269
          0.0115672827472178
         25.3298654388627895
          9.3671477694936680
          0.0249544164489262
      21232.0791930511586543
       6784.9481856722641169
          3.2120729272791015
          2.3139348362723506
          0.9719317722308135
          0.0012715536452161
          3.6656042475412360
          1.4809176666767314
          0.0018468057033374
          9.7264587863323033
          3.6612707939115565
          0.0039432890447129
       7126.6764765908474146
       2153.7762291897324758
          0.4747963200086868
          0.4161188375471399
          0.1834230333717984
          0.0000356336510210
          0.6575900712388276
          0.2769806824750618
          0.0000512570055126
          1.7043967200906778
          0.6608976378167660
          0.0001074604851409
        959.9708983337189920
        278.3923023503567720
          0.0114090773079601
0
          9.6205662600512358
          1.8753746869968961
          6.4935249054869191
          1.4432013273073492
          4.3860361197056026
          1.1049886540889322
          2.6127355530154635
          0.7645719319817283
          1.2574155999155421
          0.4357025810887915
          0.4736930127123278
          0.1887206043993130
          0.0600719451692354
          0.0255418786572083
          0.0012976637761507
          0.0004901923671100
          9.2051378421264971
          5.7253616554895572
          0.4237894443676546
         26.9366422659233464
         14.3944276006825689
          0.2254040081729141
          7.4991318660642490
          4.6240940250327363
          0.6266677416782620
         42.9621407136579663
         21.9622259154187738
          0.2298968692887811
          6.5074327915280108
          4.3365156231574078
          0.2909375290804981
         19.0891122399489142
         10.7862779109840439
          0.1481599529578708
          5.2771833950207201
          3.4858738046345437
          0.4354793488942881
         30.4405422918625277
         16.3853983802878282
          0.1499241966490337
         10.8114195194902809
          6.6627604885414513
          0.0722889083997140
         17.2228989759018098
         10.0422210715822438
          0.0722327501927752
          5.1098235986208485
          3.4854830248058137
          0.0267552980926587
          8.1191578383186087
          5.1953344699505406
          0.0263082907941097
         22.3534876858668632
         12.9733215614097599
          0.0299900558203736
      21704.1819432429147128
       9461.8143505844182073
          1.0375138132016746
          1.8885477303099216
          1.4349441033118973
          0.0065862668392687
          2.9857890129902169
          2.1067273525100658
          0.0063417125717250
          8.1116355175574881
          5.1242037466797745
          0.0069766288266101
       7158.9916066814339501
       3331.4385040594324892
          0.1616614670689510
          0.3095825937710021
          0.2635126299020417
          0.0004200916072831
          0.4840641546364953
          0.3769081662918001
          0.0003887800297516
          1.2794269342770719
          0.8755696846033332
          0.0004055745825634
        927.7755242599455414
        469.3819148107194223
          0.0045500172523125
1
         10.5623790864937916
          0.8005190919349019
          7.5059600239178295
          0.4107275374056412
          5.3249037323841906
          0.1970942893533635
          3.3400040379503824
          0.0663305512761551
          1.6576435071058975
          0.0110994279111375
          0.5995302103337985
          0.0006714956031686
          0.0603971329508659
          0.0000007321880109
          0.0008814071796256
          0.0000000000011987
         14.7514783202378013
          0.7741266052798028
          0.0137014521379956
         36.7193899753841464
          4.6325322012529604
          0.0409729729424231
         12.4622950906780616
          0.3483294911940880
          0.0069613168704513
         56.3981184009707093
          8.0651406831403953
          0.0615043584793065
         10.7498425344112380
          0.4909230310600542
          0.0071662540720966
         27.1123618950161074
          3.0445162200887070
          0.0214300448767980
          8.9350110004014969
          0.2125461634389026
          0.0036409692102406
         41.6600497216112871
          5.3197325414962053
          0.0321685508196432
         16.4113570112253733
          1.4963485066792055
          0.0070100706836303
         25.2416614074068306
          2.6287444242414284
          0.0105227878117887
          8.4213896100396344
          0.5664924016158341
          0.0014665654187078
         12.9749422221936666
          1.0012874748073164
          0.0022014552220146
         33.6548940277329507
          3.1989715582612419
          0.0049838500743145
      23794.5592998999491101
       5004.6055649802719927
          0.7673606835521982
          3.4202469589331614
          0.1464556998513010
          0.0001569278675589
          5.2845192804870171
          0.2606036497501146
          0.0002355637662735
         13.6417067492077049
          0.8410056386150907
          0.0005332901992771
       8620.9564355663078459
       1378.7710999952407747
          0.0821104017470422
          0.6309030002478375
          0.0106086338710364
          0.0000017967900729
          0.9802380688565242
          0.0190614532296776
          0.0000026971540706
          2.5190067472706095
          0.0625391615648824
          0.0000061060572028
       1352.5165389023138687
        112.1416020389175117
          0.0009401463043838
   0    7 -0.907630  0.021609  0.679881 
         -0.0547164953870021           0.0267310482759238           0.1112907620413398
          0.0168111480738660          -0.0241958065834257          -0.0707031828653673
          0.0203122507066683           0.0159135525738450           0.1078759364175241
         -0.0685986862408690          -0.0207274365539985          -0.1557576280620147
          0.0587251143351088           0.0200234775292425           0.1074147328290544
         -0.1150571985188329          -0.0034128704429806          -0.2003300788923825
          0.0736835751684625           0.0365869378171580           0.1126464077458824
         -0.1303593817062768           0.0245188132810452          -0.2071956588007647
          0.0697366993557582           0.0528522214993424           0.1076416004303306
         -0.1021506231629096           0.0485725080596879          -0.1569787194097311
          0.0620194480170358           0.0415926874233623           0.0642804369406582
         -0.0488205504397484           0.0424029527935386          -0.0752432626758792
          0.0314597172578189           0.0044451211087862           0.0009873705628529
         -0.0049357285819130           0.0078843313164951          -0.0084765498773719
          0.0021678568209045          -0.0004233909174556          -0.0009274997941455
         -0.0000387380001342           0.0000847569075591          -0.0000774916091452
          0.4525857860727525           0.1378218079989799           0.7211448273308561
         -0.8253563963098228           0.2668775930620137          -1.3236687391328832
         -0.0766401403140934          -0.0308385398287085          -0.1400932542317634
          0.1761893722998827           0.0723218987305491           1.0239411418386350
         -0.7586727094217971          -0.4081295145550397          -1.6712198022195972
          0.0159559050886589          -0.0023959014486871          -0.0170268953241957
          0.4594494341455878           0.0463012398868894           0.7000803802302713
         -0.7844312680679001           0.6837997604837589          -1.2213892533010626
         -0.1220179079029765          -0.0416202747041574          -0.2094454136992931
         -0.0933433934001507          -0.0846985786499691           1.3056730092458271
         -0.6510638942918512          -0.6662144547503449          -1.9164913794744929
          0.0631741829025282           0.0152650020558853           0.0366873041158421
          0.3832191653011334           0.1496861202976019           0.6058384942301180
         -0.6987474616572433           0.2472927416017883          -1.1231127455673546
         -0.0589217774734458          -0.0217875685994687          -0.1007018712004793
          0.2932169047499409           0.0605149162374513           0.8143914032795914
         -0.8050101327990793          -0.3029465144084821          -1.5941929300804072
          0.0035944419348889          -0.0041759605510566          -0.0181244956760528
          0.3648205664917050           0.0759457981547349           0.5760633021842150
         -0.6279770030245637           0.5681164552165746          -1.0015684284003379
         -0.0898625351873832          -0.0284217610061422          -0.1472205420511104
          0.1848160453893160          -0.1023966099655699           0.9931691202831625
         -0.8405023453082356          -0.5323620568039649          -1.9437287974264432
          0.0351699036292863           0.0068014550906819           0.0179342089977427
          0.3405941330667241           0.0763160729295618           0.5789892877658679
         -0.7493481837825831          -0.1729507101817716          -1.3499482912351963
         -0.0042428415237630          -0.0040267796164944          -0.0146185733768659
          0.3662484036548975          -0.0610830873112784           0.6603310556850911
         -0.8985645906956207          -0.3501689785435926          -1.7504119396349769
          0.0116486575259726           0.0007514458916501           0.0035687346603862
          0.2840266140016091           0.1036588648218738           0.3997735614379696
         -0.5750907643826613          -0.0726055549990157          -0.9695587598503388
         -0.0048269050603217          -0.0023308365150690          -0.0083679273312228
          0.3557611924858936           0.0183626088276975           0.4376903709575722
         -0.7488904757379984          -0.1903004500393848          -1.3187205420382451
          0.0013471019176517          -0.0008693374802886          -0.0013644739710643
          0.5914259230643021          -0.5374289714627406           0.2403637005149702
         -1.1724350448422971          -0.4237366825636947          -2.6368408887949388
          0.0136845865120208           0.0031811308845184           0.0103454633205206
      -1133.6826230003086948         891.6375176620919092        1669.8732812614914565
       1280.8936773569037086        1722.0436069792847320         420.5084696353829941
          0.3386447581090330          -0.0860721859042398          -0.2441534033842424
          0.1745360953804758           0.1078109644275073           0.2648528634264490
         -0.3431394244413773          -0.0162873700315418          -0.5477456514979955
         -0.0024089732540520          -0.0007684168534260          -0.0030841128105032
          0.2302650227952672           0.0757407189733134           0.2995001077020187
         -0.4725951439141459          -0.0798003325295599          -0.7740028171806516
         -0.0007638167898094          -0.0005080844690861          -0.0012807151703915
          0.4786700057053309          -0.1976151359340375           0.1838253127842085
         -0.8797072309421829          -0.2683016771087390          -1.6740939000611545
          0.0023724543668271           0.0002245686683981           0.0017503862798219
        -82.3575807775199706         199.3861778707812960         362.2647853474435919
        459.9927815826629853         699.6826784733513023          25.8838096513900666
          0.0732553359711346           0.0109450709010868          -0.0210709407956565
          0.0545458301804369           0.0619131737439101           0.1176333919016433
         -0.1022218600852930           0.0040185167642999          -0.1508293687214260
         -0.0003262179369090          -0.0000548011192067          -0.0003237731854775
          0.0699701313880617           0.0643398329172714           0.1486785138472175
         -0.1484795920038331          -0.0129393183414798          -0.2214047080298737
         -0.0002016662538382          -0.0000476144485557          -0.0002009424521105
          0.1508818454539521           0.0194527888076611           0.1807342870083851
         -0.3152818334606000          -0.0871683049398922          -0.5139034802121755
          0.0000227934352361          -0.0000260733412558           0.0000061129727581
        114.8034951420257102         -26.7397011005856982         -38.6438353882844723
         43.2113814805687753          80.3803311063008437         -87.3361264964182027
          0.0026109311123114           0.0009170611563967           0.0005647736295664
   5
         -0.0580489812873007           0.0936949076065845          -0.0413296410444682
          0.0000000000000000           0.0000000000000000           0.0000000000000000
         -0.0531747665217989           0.0074453136544057          -0.1539605632285378
          0.0000000000000000           0.0000000000000000           0.0000000000000000
         -0.0512485588958951          -0.0703880586209304          -0.2159795886471330
          0.0000000000000000           0.0000000000000000           0.0000000000000000
         -0.0523402514535195          -0.1422534993321454          -0.2427805740747228
          0.0000000000000000           0.0000000000000000           0.0000000000000000
         -0.0526512843975978          -0.1766225407699284          -0.2194635207741303
          0.0000000000000000           0.0000000000000000           0.0000000000000000
         -0.0415780668794241          -0.1424036023256003          -0.1507083111953320
          0.0000000000000000           0.0000000000000000           0.0000000000000000
         -0.0125133547639442          -0.0423721763079359          -0.0422454181756846
          0.0000000000000000           0.0000000000000000           0.0000000000000000
         -0.0005904593676443          -0.0019972248264929          -0.0019855994516653
          0.0000000000000000           0.0000000000000000           0.0000000000000000
         -0.4144746262004840          -0.7476404571928775          -1.4254652346183965
          0.0303388541109814          -0.3734634412316396          -0.3703524265781888
          0.0000000000000000           0.0000000000000000           0.0000000000000000
         -0.1486021408984007           0.5800174291533809          -0.6872739601167231
         -0.5575055684081627           0.2281134666770238          -0.9386490314445411
          0.0000000000000000           0.0000000000000000           0.0000000000000000
         -0.5034479509943595          -1.2570128558532485          -1.7543394215102306
          0.0567062199951674          -0.4050552637654313          -0.4235996238322539
          0.0000000000000000           0.0000000000000000           0.0000000000000000
          0.0282970196098075           1.3983029168392678          -0.2779568725068846
         -1.1189826250431201           0.7980985520518952          -1.5601928335649582
          0.0000000000000000           0.0000000000000000           0.0000000000000000
         -0.3176150735177271          -0.6667517061136320          -1.1655211231244886
         -0.0050166250584315          -0.3447417373046781          -0.3561428131014708
          0.0000000000000000           0.0000000000000000           0.0000000000000000
         -0.0842299823089011           0.2963523860802902          -0.7654248763130123
         -0.4813369962482302           0.1600003536077548          -0.8428914363031696
          0.0000000000000000           0.0000000000000000           0.0000000000000000
         -0.3861089164623841          -1.0435316397334784          -1.3795303447760714
          0.0225083677347806          -0.3751715157977581          -0.3878951414685879
          0.0000000000000000           0.0000000000000000           0.0000000000000000
          0.0806612659552679           0.8826765446543647          -0.5793378511531143
         -0.9301323746448167           0.6343126660271071          -1.3613923878719854
          0.0000000000000000           0.0000000000000000           0.0000000000000000
         -0.0295188703498375           0.0197663038528120          -0.7310084820787977
         -0.3630565688507086           0.0776166780554909          -0.6649604142333393
          0.0000000000000000           0.0000000000000000           0.0000000000000000
          0.1068165040988211           0.3383202072936021          -0.7422260413226778
         -0.6655675533757300           0.4150509460098364          -1.0346990205444664
          0.0000000000000000           0.0000000000000000           0.0000000000000000
         -0.0056132831890190          -0.1219578172128874          -0.5642362008953735
         -0.2358601600852570           0.0143805602140999          -0.4467265112185795
          0.0000000000000000           0.0000000000000000           0.0000000000000000
          0.0903308089016609           0.0002782314637999          -0.6600795169923203
         -0.4082919181447414           0.2165445746797377          -0.6689504224044502
          0.0000000000000000           0.0000000000000000           0.0000000000000000
          0.6826154678065397           0.6573532851673093          -0.8310511803510955
         -1.2156155108039259           1.2428694402417744          -1.8728319210179096
          0.0000000000000000           0.0000000000000000           0.0000000000000000
       3014.0434280531712830        2612.5785245502370344        2527.0927453616213825
      -1003.8553437828493315        1265.6293918616913743       -1701.8440400507352024
          0.0000000000000000           0.0000000000000000           0.0000000000000000
         -0.0004635924168214          -0.1347413799640588          -0.3363186463018494
         -0.1227892468198097          -0.0178720485492711          -0.2354708917354691
          0.0000000000000000           0.0000000000000000           0.0000000000000000
          0.0529832987086130          -0.1172240401004728          -0.4274834059984976
         -0.1994474871702794           0.0748888718277200          -0.3382939499322805
          0.0000000000000000           0.0000000000000000           0.0000000000000000
          0.3804202192723792           0.0009313313785547          -0.7484154280656109
         -0.5460491670992551           0.5418401140187987          -0.8841604552441448
          0.0000000000000000           0.0000000000000000           0.0000000000000000
       1443.5106791778471234         881.8873304369236621         637.7057751884422032
       -401.0532084526926724         587.2557772479925688        -700.1693622605015435
          0.0000000000000000           0.0000000000000000           0.0000000000000000
         -0.0001025146691019          -0.0582181663493586          -0.1011272500267547
         -0.0318269176276073          -0.0163935757102443          -0.0582467316479131
          0.0000000000000000           0.0000000000000000           0.0000000000000000
          0.0150246441869353          -0.0693060550190294          -0.1372962655387628
         -0.0469952265160929           0.0013258018593996          -0.0784963984772211
          0.0000000000000000           0.0000000000000000           0.0000000000000000
          0.1060347223944059          -0.1142348938636957          -0.2903996435636663
         -0.1108190448777892           0.0892229148266491          -0.1847517847527353
          0.0000000000000000           0.0000000000000000           0.0000000000000000
        320.2420142649194190          85.9050733880939816         -10.9809668324565965
        -64.7275634159947373         109.4134782683269975        -121.3149216709723532
          0.0000000000000000           0.0000000000000000           0.0000000000000000
   0
          0.0000000000000000           0.0000000000000000           0.0000000000000000
          0.0000000000000000           0.0000000000000000           0.0000000000000000
          0.0000000000000000           0.0000000000000000           0.0000000000000000
          0.0000000000000000           0.0000000000000000           0.0000000000000000
          0.0000000000000000           0.0000000000000000           0.0000000000000000
          0.0000000000000000           0.0000000000000000           0.0000000000000000
          0.0000000000000000           0.0000000000000000           0.0000000000000000
          0.0000000000000000           0.0000000000000000           0.0000000000000000
          0.0000000000000000           0.0000000000000000           0.0000000000000000
          0.0000000000000000           0.0000000000000000           0.0000000000000000
          0.0000000000000000           0.0000000000000000           0.0000000000000000
          0.0000000000000000           0.0000000000000000           0.0000000000000000
          0.0000000000000000           0.0000000000000000           0.0000000000000000
          0.0000000000000000           0.0000000000000000           0.0000000000000000
          0.0000000000000000           0.0000000000000000           0.0000000000000000
          0.0000000000000000           0.0000000000000000           0.0000000000000000
         -0.0393790046740781           0.0101034570295098           0.0241037435918974
          0.0366882675790791          -0.0154891886262826           0.0122927584370344
          0.0000000000000000           0.0000000000000000           0.0000000000000000
          0.0469401780327502          -0.0030667262296348           0.0956171592306398
         -0.0973725028045136          -0.0177452526511130          -0.1694129079929934
          0.0000000000000000           0.0000000000000000           0.0000000000000000
         -0.0462454007136720           0.0221044995253493           0.0230777143705850
          0.0263397087335071          -0.0001038197439403           0.0056760892690298
          0.0000000000000000           0.0000000000000000           0.0000000000000000
          0.1263929646999855          -0.0042358669929393           0.1661045456480691
         -0.2417818320336783          -0.0046159477936011          -0.3577352435910259
          0.0000000000000000           0.0000000000000000           0.0000000000000000
         -0.0221403856062494           0.0038089307884557           0.0149398183175881
          0.0215464641318112          -0.0134370126405741           0.0066770107043072
          0.0000000000000000           0.0000000000000000           0.0000000000000000
          0.0347081677626668          -0.0038674878123564           0.0650858008746143
         -0.0768737996703680          -0.0125265165099513          -0.1255033775808393
          0.0000000000000000           0.0000000000000000           0.0000000000000000
         -0.0294011062062630           0.0151732231811281           0.0155856569903849
          0.0164495582695217          -0.0020782400959516           0.0040136308421639
          0.0000000000000000           0.0000000000000000           0.0000000000000000
          0.0842960005315693          -0.0001796140204964           0.1158776221044369
         -0.1803909693348368          -0.0002572478347060          -0.2603471457281291
          0.0000000000000000           0.0000000000000000           0.0000000000000000
          0.0189323331351322          -0.0027175502537289           0.0347197261156164
         -0.0486805604081768          -0.0064537930968610          -0.0729410389967461
          0.0000000000000000           0.0000000000000000           0.0000000000000000
          0.0394532203126542           0.0044942187939666           0.0647393708451448
         -0.1066053229098660           0.0028648356252715          -0.1479321266296775
          0.0000000000000000           0.0000000000000000           0.0000000000000000
          0.0068204285722620          -0.0004840570921386           0.0156184002487355
         -0.0241010255069513          -0.0022596902337595          -0.0329224870044168
          0.0000000000000000           0.0000000000000000           0.0000000000000000
          0.0112357422342784           0.0065807464395321           0.0308724600145545
         -0.0495639043655632           0.0031094371748646          -0.0653692561598069
          0.0000000000000000           0.0000000000000000           0.0000000000000000
          0.0035164305799066           0.0957199784263245           0.1339707965098856
         -0.1931234797015495           0.0543212819981073          -0.2485913825930509
          0.0000000000000000           0.0000000000000000           0.0000000000000000
       -606.4584544430039159        1306.4202697321929918         436.3618576842511061
       -335.5727562158177761         275.4996185534220672        -451.1147782610344734
          0.0000000000000000           0.0000000000000000           0.0000000000000000
          0.0007972170103768           0.0008369400002806           0.0057485105504531
         -0.0082264946549150          -0.0003678871247015          -0.0101274849130840
          0.0000000000000000           0.0000000000000000           0.0000000000000000
         -0.0000120327519565           0.0051445702353114           0.0119291521684614
         -0.0160094515163856           0.0017117754127907          -0.0197327297129750
          0.0000000000000000           0.0000000000000000           0.0000000000000000
         -0.0156428381121057           0.0471020420465592           0.0528043801277806
         -0.0581852166892589           0.0196558717222542          -0.0727040129657749
          0.0000000000000000           0.0000000000000000           0.0000000000000000
       -236.5518751980720253         467.9920126744785875         166.5631346293385491
        -88.7875417548419108          85.4885473062058594        -120.6464182848499718
          0.0000000000000000           0.0000000000000000           0.0000000000000000
         -0.0003442141628593           0.0004755891302901           0.0009781359247253
         -0.0008493153059236           0.0000250917082692          -0.0008931833106703
          0.0000000000000000           0.0000000000000000           0.0000000000000000
         -0.0008933467597222           0.0014109853674149           0.0020401226057520
         -0.0015591070945967           0.0002675579415053          -0.0017067717327234
          0.0000000000000000           0.0000000000000000           0.0000000000000000
         -0.0050763557349160           0.0086618066463870           0.0086852124640434
         -0.0051997296671249           0.0021513737332357          -0.0060866153480206
          0.0000000000000000           0.0000000000000000           0.0000000000000000
        -31.4775158295064088          57.4154273571418088          25.3779917885004842
         -6.4059913942221627           7.7592567910119685          -9.1336074792655157
          0.0000000000000000           0.0000000000000000           0.0000000000000000
   1
         -0.0236411316627842          -0.0478487164524219           0.1255840208173976
          0.0000000000000000           0.0000000000000000           0.0000000000000000
          0.0303492199349715          -0.0077518755699773           0.1382681930673717
          0.0000000000000000           0.0000000000000000           0.0000000000000000
          0.0855184924013721           0.0273813482161567           0.1363347656187080
          0.0000000000000000           0.0000000000000000           0.0000000000000000
          0.1381136153942290           0.0585272381135621           0.1356425948165493
          0.0000000000000000           0.0000000000000000           0.0000000000000000
          0.1613231651497175           0.0716714536563876           0.1381704742011354
          0.0000000000000000           0.0000000000000000           0.0000000000000000
          0.1287226302222896           0.0557812406986469           0.1171866021311349
          0.0000000000000000           0.0000000000000000           0.0000000000000000
          0.0378834509281944           0.0157037687699949           0.0375009049516052
          0.0000000000000000           0.0000000000000000           0.0000000000000000
          0.0016578162093918           0.0006811568167236           0.0016640191602905
          0.0000000000000000           0.0000000000000000           0.0000000000000000
          0.7818827797582631           0.2361245842330518           0.8874351880781003
          0.2498230885620945           0.0505966221423232           0.3056363760775112
          0.0000000000000000           0.0000000000000000           0.0000000000000000
         -0.0018898352762257          -0.1872140624626607           1.4038383146254381
         -0.3621910176652600          -0.0445313074114398          -0.4450463396766428
          0.0000000000000000           0.0000000000000000           0.0000000000000000
          1.0243304443954795           0.4517975769440088           0.9806069797368903
          0.5505100565848340           0.1681910499694242           0.5593774618979476
          0.0000000000000000           0.0000000000000000           0.0000000000000000
         -0.5432147856734975          -0.3948797164474152           2.0134132328315699
         -0.6735181558698743          -0.0220648091381019          -0.9419879696103604
          0.0000000000000000           0.0000000000000000           0.0000000000000000
          0.7105586174233357           0.2065137315951489           0.7287268436051815
          0.1863148910678385           0.0495099605437807           0.2202490292291273
          0.0000000000000000           0.0000000000000000           0.0000000000000000
          0.1394466606114964          -0.0330892376149205           1.1353384069455303
         -0.2912582730690308           0.0078868769346894          -0.3945069207991444
          0.0000000000000000           0.0000000000000000           0.0000000000000000
          0.8923597295088993           0.3468824843787305           0.8012129956107524
          0.4201243941969575           0.1414653493417766           0.4323863800746240
          0.0000000000000000           0.0000000000000000           0.0000000000000000
         -0.2498641841147803          -0.1323234540414073           1.6144361222914512
         -0.5350219340767807           0.0582191821235941          -0.7971255199819194
          0.0000000000000000           0.0000000000000000           0.0000000000000000
          0.2671431985482569           0.1243016774999123           0.7922660290578165
         -0.1989987234245990           0.0519060711234746          -0.3088702740718658
          0.0000000000000000           0.0000000000000000           0.0000000000000000
          0.0691282029405148           0.1404989461230882           1.0966611559323267
         -0.3589020316488454           0.1191203757356682          -0.5892580841199463
          0.0000000000000000           0.0000000000000000           0.0000000000000000
          0.3038786373868650           0.2041782116673956           0.4942983126238186
         -0.1168681002251535           0.0615628837684943          -0.2073641553279564
          0.0000000000000000           0.0000000000000000           0.0000000000000000
          0.2559367926744090           0.2876264827762099           0.6514267669267317
         -0.2062960995321169           0.1216338364563151          -0.3756981082220881
          0.0000000000000000           0.0000000000000000           0.0000000000000000
         -0.0228453828294702           0.3781750777461236           1.3089821295131554
         -0.5542581216978943           0.5434730346022794          -1.0692718196858340
          0.0000000000000000           0.0000000000000000           0.0000000000000000
      -1551.4684766819750621       -3098.5252371150477302        1721.7515438728883055
       -345.9703124151302518        1070.4376988419376175        -716.5651320559560418
          0.0000000000000000           0.0000000000000000           0.0000000000000000
          0.2464483868421662           0.1939580353453451           0.2697295465719474
         -0.0551276527613255           0.0431923307077762          -0.1094565844598345
          0.0000000000000000           0.0000000000000000           0.0000000000000000
          0.2769832087917529           0.2874013220544673           0.3336237222762293
         -0.0949829990862941           0.0800744419967990          -0.1897687972994007
          0.0000000000000000           0.0000000000000000           0.0000000000000000
          0.3860638297394993           0.5411367641473953           0.5283260020892711
         -0.2481935296700112           0.3054819149669055          -0.5132349832563565
          0.0000000000000000           0.0000000000000000           0.0000000000000000
       -428.6051963023260214       -1326.9591657334178763         435.3127467425804298
       -101.5141373282250470         458.7265297177167440        -258.6017479419124356
          0.0000000000000000           0.0000000000000000           0.0000000000000000
          0.1069550068481901           0.0972452018507396           0.0915337091639374
         -0.0123814082748007           0.0123867559241336          -0.0269547284928067
          0.0000000000000000           0.0000000000000000           0.0000000000000000
          0.1412753164693761           0.1472944791939673           0.1077226294639228
         -0.0206587861976263           0.0219360254448404          -0.0447048319878824
          0.0000000000000000           0.0000000000000000           0.0000000000000000
          0.2842885755891457           0.3180031712341849           0.1236975485785115
         -0.0526589638939894           0.0733268376994839          -0.1154821696069098
          0.0000000000000000           0.0000000000000000           0.0000000000000000
         27.5118817685436312        -229.7157709865776951         -54.7691681637841299
        -13.2273833228745499          76.6847065374955861         -41.0574714777240786
          0.0000000000000000           0.0000000000000000           0.0000000000000000
   2
          0.0678315644024704          -0.0239337885909291           0.0147558703263732
          0.0000000000000000           0.0000000000000000           0.0000000000000000
          0.0492988494534125           0.0034765283590115           0.0725519399877206
          0.0000000000000000           0.0000000000000000           0.0000000000000000
          0.0243842069176899           0.0313004712732005           0.1163930543356963
          0.0000000000000000           0.0000000000000000           0.0000000000000000
         -0.0027117532346091           0.0528935817398084           0.1442075091780374
          0.0000000000000000           0.0000000000000000           0.0000000000000000
         -0.0184520500718266           0.0518190236038388           0.1302297508322162
          0.0000000000000000           0.0000000000000000           0.0000000000000000
         -0.0138238962732571           0.0281065155328350           0.0720091580228435
          0.0000000000000000           0.0000000000000000           0.0000000000000000
         -0.0017353850897544           0.0031691957387438           0.0084507599891321
          0.0000000000000000           0.0000000000000000           0.0000000000000000
         -0.0000123471549680           0.0000224167447521           0.0000600886410784
          0.0000000000000000           0.0000000000000000           0.0000000000000000
         -0.0473370131175878           0.2508888071389015           0.9089754662686838
          0.0648249567203080           0.0370258876226132           0.2078304293980676
          0.0000000000000000           0.0000000000000000           0.0000000000000000
          0.7998144477694965          -0.0746306302784955           0.6891743576010123
         -0.2659270388869650          -0.0155142877527125          -0.5266360833324397
          0.0000000000000000           0.0000000000000000           0.0000000000000000
         -0.1382297982928165           0.4041114899925237           1.2168872565356108
          0.0374410495862889           0.1280408721384341           0.3242133959166908
          0.0000000000000000           0.0000000000000000           0.0000000000000000
          1.5560731234813481          -0.2469273848422718           0.7772850392002685
         -0.6240629416282570           0.0229605213877828          -1.1447196295443236
          0.0000000000000000           0.0000000000000000           0.0000000000000000
         -0.0559974429345227           0.2148223620901322           0.7360530284236869
          0.0316148318442827           0.0298844362236658           0.1524892049495958
          0.0000000000000000           0.0000000000000000           0.0000000000000000
          0.6077142925620798           0.0531637126474160           0.7052337492524930
         -0.2363423000937904           0.0041784395991392          -0.4185303128989346
          0.0000000000000000           0.0000000000000000           0.0000000000000000
         -0.1248175399267770           0.3132895971933452           0.9300913764134124
          0.0195528229595131           0.0939565667389173           0.2468226292616987
          0.0000000000000000           0.0000000000000000           0.0000000000000000
          1.2026059310664268          -0.0100277016920878           0.8684528180710229
         -0.5163614409166335           0.0425445734898642          -0.8952164064353625
          0.0000000000000000           0.0000000000000000           0.0000000000000000
          0.3642971711910227           0.1786437658863101           0.6689845697374328
         -0.1760979236926782           0.0186929810547090          -0.2729742259310038
          0.0000000000000000           0.0000000000000000           0.0000000000000000
          0.7482254054659601           0.2315076192631097           0.9003615012316607
         -0.3561390775459184           0.0517806622779891          -0.5721747097874471
          0.0000000000000000           0.0000000000000000           0.0000000000000000
          0.1676992177980173           0.2241961178518543           0.5604388996669440
         -0.1043905364368675           0.0194237471067275          -0.1435919895401229
          0.0000000000000000           0.0000000000000000           0.0000000000000000
          0.3704139341115669           0.3365170525469298           0.8075801228694367
         -0.1986454721416878           0.0420248488406783          -0.2953606933917658
          0.0000000000000000           0.0000000000000000           0.0000000000000000
          1.5053704768759439           0.7901602846982086           1.7629639933000618
         -0.6824816511092233           0.2431568752248181          -0.9863482627796362
          0.0000000000000000           0.0000000000000000           0.0000000000000000
       2859.7281604260342647        -937.4552288766724359        -562.5177530240018768
       -837.6492162941535753        1136.7651182552287992       -1016.2865472725136442
          0.0000000000000000           0.0000000000000000           0.0000000000000000
          0.0502407370450508           0.1815896785016699           0.3893838106546730
         -0.0439082653200026           0.0113322795457618          -0.0543656452359340
          0.0000000000000000           0.0000000000000000           0.0000000000000000
          0.1309009973274003           0.2863292255080460           0.5899583103722763
         -0.0797937508268130           0.0221899030549024          -0.1099609013412491
          0.0000000000000000           0.0000000000000000           0.0000000000000000
          0.6143293804521287           0.7268845116028816           1.3885590488363995
         -0.2576891954289192           0.1031888418799186          -0.3585764498984473
          0.0000000000000000           0.0000000000000000           0.0000000000000000
       1343.4487818018164944        -215.6309389138119457        -133.1613844151073067
       -263.0219238103483690         354.5290832284097746        -318.1492403999930048
          0.0000000000000000           0.0000000000000000           0.0000000000000000
          0.0030356064653710           0.0707248025628436           0.1517246065626556
         -0.0064003884632912           0.0021366198500178          -0.0070679010355363
          0.0000000000000000           0.0000000000000000           0.0000000000000000
          0.0171615488398706           0.1143244636060116           0.2391772839488621
         -0.0111699556095904           0.0039608434693672          -0.0140332312577296
          0.0000000000000000           0.0000000000000000           0.0000000000000000
          0.1128644363624529           0.3011561623793454           0.5983305277655755
         -0.0338967007659371           0.0154865627822903          -0.0447053152827925
          0.0000000000000000           0.0000000000000000           0.0000000000000000
        291.2840137685148534          49.2020437029210811          84.8381573633398887
        -27.2456611414530947          35.6419206894422160         -33.3671493089494078
          0.0000000000000000           0.0000000000000000           0.0000000000000000
   3
         -0.0837781668925363           0.0099693602949992          -0.0144935672148925
          0.0000000000000000           0.0000000000000000           0.0000000000000000
         -0.0611092346711823          -0.0087132614181595          -0.0912218430517040
          0.0000000000000000           0.0000000000000000           0.0000000000000000
         -0.0410372734368481          -0.0103872692796980          -0.1275518856437968
          0.0000000000000000           0.0000000000000000           0.0000000000000000
         -0.0174270179349090           0.0048737305596289          -0.1415329780185696
          0.0000000000000000           0.0000000000000000           0.0000000000000000
          0.0098107552924289           0.0319955960188839          -0.1296795020548404
          0.0000000000000000           0.0000000000000000           0.0000000000000000
          0.0291465824216770           0.0406230535254284          -0.0925877947292192
          0.0000000000000000           0.0000000000000000           0.0000000000000000
          0.0194865713880865           0.0128098574627524          -0.0270011260438163
          0.0000000000000000           0.0000000000000000           0.0000000000000000
          0.0013945967725293           0.0004466439787925          -0.0012435570390539
          0.0000000000000000           0.0000000000000000           0.0000000000000000
         -0.2195904999089782           0.0426233275699506          -0.9003144275291507
          0.0794393289347298          -0.0416101918064796          -0.1399706036043609
          0.0000000000000000           0.0000000000000000           0.0000000000000000
         -0.3820769958475312          -0.1338855759263916          -0.1839584941644292
         -0.6025889551444377          -0.0145222098246728          -0.9273848220737699
          0.0000000000000000           0.0000000000000000           0.0000000000000000
         -0.2711826635512930           0.1146714938493735          -1.0562515930854703
          0.2267330827484342           0.1946109349259048          -0.1092119632019679
          0.0000000000000000           0.0000000000000000           0.0000000000000000
         -0.5961556554283989          -0.2383463131433103           0.3764602736439731
         -1.1373234854099006           0.2487868988895189          -1.6840404001407863
          0.0000000000000000           0.0000000000000000           0.0000000000000000
         -0.1261221743820932           0.0622798026635564          -0.7502704788771657
          0.0464790160523712          -0.0432032961743314          -0.1411019432554852
          0.0000000000000000           0.0000000000000000           0.0000000000000000
         -0.2601282746530980          -0.1531096032978037          -0.2566601205924954
         -0.5131741000113798           0.0105634581212608          -0.8163340140796133
          0.0000000000000000           0.0000000000000000           0.0000000000000000
         -0.1594989561424935           0.1419984338362777          -0.8606599081966659
          0.1720163914183616           0.1343589718931374          -0.0971254677597345
          0.0000000000000000           0.0000000000000000           0.0000000000000000
         -0.4275111566845103          -0.2887803780864430           0.1265608083726756
         -0.9472898407091400           0.2418924804843219          -1.4475896094079910
          0.0000000000000000           0.0000000000000000           0.0000000000000000
         -0.1334611342117792          -0.1439338303463242          -0.2660044834704598
         -0.3822237250717598           0.0362237431711822          -0.6248673920574451
          0.0000000000000000           0.0000000000000000           0.0000000000000000
         -0.2448444592744379          -0.2894422872126042          -0.0573091229012195
         -0.6839110808224942           0.2167045740894235          -1.0752134962387889
          0.0000000000000000           0.0000000000000000           0.0000000000000000
         -0.0485284508153628          -0.1048984562322816          -0.1998411404363197
         -0.2469130124001591           0.0467094155697077          -0.4061422184576459
          0.0000000000000000           0.0000000000000000           0.0000000000000000
         -0.1108160942344694          -0.2254413041377797          -0.1021288480605462
         -0.4272533554962740           0.1693164169464450          -0.6784527510193092
          0.0000000000000000           0.0000000000000000           0.0000000000000000
         -0.3828276795353785          -0.6391551609917123           0.2994742098741592
         -1.1880174039125964           0.9947278609392957          -1.9361183590655835
          0.0000000000000000           0.0000000000000000           0.0000000000000000
       -404.3328724090902710        1436.8330756385460063         228.0068521052796768
       -734.2007006905255366         919.6704156853134009       -1343.7002253958335132
          0.0000000000000000           0.0000000000000000           0.0000000000000000
         -0.0046435783268244          -0.0576014368663370          -0.1059991907170069
         -0.1283246518787470           0.0388286182939048          -0.2075956975788769
          0.0000000000000000           0.0000000000000000           0.0000000000000000
         -0.0289603251786250          -0.1322775635428699          -0.0678109153603016
         -0.2143817008096860           0.1057993870196682          -0.3368052253189486
          0.0000000000000000           0.0000000000000000           0.0000000000000000
         -0.1166197899207151          -0.4244749066314034           0.0563796898277184
         -0.5630538554685320           0.5173097846088727          -0.9197645523812352
          0.0000000000000000           0.0000000000000000           0.0000000000000000
       -216.3097930950534931         267.6490738070021393        -238.5561533274340320
       -267.5153489442686237         434.2731258899279965        -513.1230825969024636
          0.0000000000000000           0.0000000000000000           0.0000000000000000
          0.0069211975537743          -0.0162400717452762          -0.0223517239924420
         -0.0326031966989853           0.0151393115554563          -0.0502115970359190
          0.0000000000000000           0.0000000000000000           0.0000000000000000
          0.0063279251418280          -0.0388035768286423          -0.0145213351857278
         -0.0520107167128988           0.0331280871344598          -0.0786487908245189
          0.0000000000000000           0.0000000000000000           0.0000000000000000
          0.0188405715913097          -0.1391654782822651           0.0008379451557574
         -0.1266584300364500           0.1308676166491902          -0.2032577076425255
          0.0000000000000000           0.0000000000000000           0.0000000000000000
        -23.9657735412890460         -72.8369233793423945        -132.8496703740644023
        -41.1069929720923142          85.2763560458273133         -83.5057883430522878
          0.0000000000000000           0.0000000000000000           0.0000000000000000
   4
          0.0429202200531485          -0.0051507145823088           0.0267740791569297
          0.0000000000000000           0.0000000000000000           0.0000000000000000
          0.0549481825112655           0.0214568475485644           0.1422382096426737
          0.0000000000000000           0.0000000000000000           0.0000000000000000
          0.0411082473487898           0.0421169859405137           0.1982183871655798
          0.0000000000000000           0.0000000000000000           0.0000000000000000
          0.0080489823972712           0.0625458867363040           0.2171098558445880
          0.0000000000000000           0.0000000000000000           0.0000000000000000
         -0.0302938866169636           0.0739886889901605           0.1883843982259495
          0.0000000000000000           0.0000000000000000           0.0000000000000000
         -0.0404478014742496           0.0594854799920522           0.1183807827112309
          0.0000000000000000           0.0000000000000000           0.0000000000000000
         -0.0116615652047633           0.0151344754452310           0.0242822498416165
          0.0000000000000000           0.0000000000000000           0.0000000000000000
         -0.0002817496384043           0.0004236163687692           0.0005775488952049
          0.0000000000000000           0.0000000000000000           0.0000000000000000
          0.0043438922446163           0.2842594721679553           1.2655864144643170
          0.1452503812304929           0.0159982888538060           0.4636141645249583
          0.0000000000000000           0.0000000000000000           0.0000000000000000
          0.8779191348634338           0.1627077882563795           1.4124534109075904
         -0.3048088999599676           0.0498896925155487          -0.4668100550871163
          0.0000000000000000           0.0000000000000000           0.0000000000000000
         -0.1788949231667314           0.5948916284499430           1.6111371063127489
          0.1806152477537284           0.0455460490207820           0.5978372930615359
          0.0000000000000000           0.0000000000000000           0.0000000000000000
          1.5682555620709053           0.3517882606267921           1.9048710991992945
         -0.7195033146271927           0.1133288563442671          -1.2630111461626135
          0.0000000000000000           0.0000000000000000           0.0000000000000000
         -0.0153150616278491           0.2248776335833744           1.0133413021502122
          0.0873279468777750           0.0179982018553426           0.3626672676293705
          0.0000000000000000           0.0000000000000000           0.0000000000000000
          0.7419927967730082           0.2154015484604397           1.3796174443572755
         -0.2730386502791716           0.0782330629372079          -0.3643773701415066
          0.0000000000000000           0.0000000000000000           0.0000000000000000
         -0.1633581964011308           0.4436132335612207           1.2184284859730936
          0.1233093737705547           0.0337882791506427           0.4773949334111801
          0.0000000000000000           0.0000000000000000           0.0000000000000000
          1.3512575204005832           0.4246610633153500           1.9509807703872226
         -0.5974238205433384           0.1542580013143734          -0.9766943421305740
          0.0000000000000000           0.0000000000000000           0.0000000000000000
          0.5260923303227933           0.2542308367885189           1.1913991300135247
         -0.2212502627740721           0.1018427354390572          -0.2475153948685862
          0.0000000000000000           0.0000000000000000           0.0000000000000000
          0.9907684644640996           0.4657755083629105           1.7554596315590418
         -0.4368982464461340           0.1828351537619014          -0.6443147412036210
          0.0000000000000000           0.0000000000000000           0.0000000000000000
          0.3052842826331882           0.2476721757008891           0.8758887538038893
         -0.1592707189338839           0.1043679089274422          -0.1525760946935399
          0.0000000000000000           0.0000000000000000           0.0000000000000000
          0.6048363763166753           0.4314345447971923           1.3241914174803582
         -0.2843847527329385           0.1761600411789375          -0.3758917540936874
          0.0000000000000000           0.0000000000000000           0.0000000000000000
          2.2119910541673673           1.2212963518299111           3.1558629383064818
         -0.8210190694277872           0.4920124148047539          -1.2816271369273800
          0.0000000000000000           0.0000000000000000           0.0000000000000000
       2794.5209019576300307         286.4965222559493441         241.7064403430456707
       -908.6034634822548242         441.4872718229847806        -757.9350635902309250
          0.0000000000000000           0.0000000000000000           0.0000000000000000
          0.1322629235551011           0.1923333098265912           0.5204681095913241
         -0.0946284146732572           0.0836465491526009          -0.0809423171934997
          0.0000000000000000           0.0000000000000000           0.0000000000000000
          0.2846532900188869           0.3227839962730200           0.7983174733528815
         -0.1544571679226719           0.1345944420586872          -0.1839560704705726
          0.0000000000000000           0.0000000000000000           0.0000000000000000
          1.1336329054946732           0.8603287067949138           1.9251500414013107
         -0.3955322354915374           0.3387492034605024          -0.5907300579983595
          0.0000000000000000           0.0000000000000000           0.0000000000000000
       1507.6363974018811405         153.2591364027865382         270.1200166061601067
       -276.0958166136716159         145.6923214378452371        -222.0500354265218732
          0.0000000000000000           0.0000000000000000           0.0000000000000000
          0.0233784682275246           0.0851914655501619           0.1682119274663931
         -0.0296325834815102           0.0378016370807008          -0.0239118757556823
          0.0000000000000000           0.0000000000000000           0.0000000000000000
          0.0615037887388707           0.1382841788846138           0.2596935674258660
         -0.0443728862149861           0.0579060002168806          -0.0480870502383663
          0.0000000000000000           0.0000000000000000           0.0000000000000000
          0.2869874462616162           0.3502138112532811           0.6233239364000888
         -0.0994793564162315           0.1320315973312594          -0.1417650153563870
          0.0000000000000000           0.0000000000000000           0.0000000000000000
        404.6563172655474432          42.6707240514808959          88.1221200092661121
        -29.3902540293664956          20.2490283213756470         -27.4868951948383007
          0.0000000000000000           0.0000000000000000           0.0000000000000000
   6
          0.0168111480738661          -0.0241958065834257          -0.0707031828653673
          0.0000000000000000           0.0000000000000000           0.0000000000000000
         -0.0685986862408690          -0.0207274365539985          -0.1557576280620147
          0.0000000000000000           0.0000000000000000           0.0000000000000000
         -0.1150571985188329          -0.0034128704429806          -0.2003300788923824
          0.0000000000000000           0.0000000000000000           0.0000000000000000
         -0.1303593817062768           0.0245188132810453          -0.2071956588007647
          0.0000000000000000           0.0000000000000000           0.0000000000000000
         -0.1021506231629096           0.0485725080596879          -0.1569787194097311
          0.0000000000000000           0.0000000000000000           0.0000000000000000
         -0.0488205504397484           0.0424029527935386          -0.0752432626758792
          0.0000000000000000           0.0000000000000000           0.0000000000000000
         -0.0049357285819130           0.0078843313164951          -0.0084765498773719
          0.0000000000000000           0.0000000000000000           0.0000000000000000
         -0.0000387380001342           0.0000847569075591          -0.0000774916091452
          0.0000000000000000           0.0000000000000000           0.0000000000000000
         -1.0023693018930429           0.1890932993041125          -1.5319854397268122
          0.0140002515611675           0.0053432725148993          -0.0069848167894156
          0.0000000000000000           0.0000000000000000           0.0000000000000000
         -0.5816598038385772          -0.3303452207971387          -1.4629031016256695
         -0.1353687220120365          -0.0718121550696906          -0.3072554823225023
          0.0000000000000000           0.0000000000000000           0.0000000000000000
         -1.1667181711911760           0.4461529342949156          -1.7010744690604600
          0.0111731838651796           0.0129890456356669           0.0009177578569049
          0.0000000000000000           0.0000000000000000           0.0000000000000000
         -0.3252991750822466          -0.5927241059075822          -1.5629097928581788
         -0.2875647632812283          -0.1413218095335128          -0.5996235732092685
          0.0000000000000000           0.0000000000000000           0.0000000000000000
         -0.8200555604396254           0.1958413695492801          -1.2600056718137378
          0.0053521289628887           0.0019138879354115          -0.0084507960251722
          0.0000000000000000           0.0000000000000000           0.0000000000000000
         -0.6837020340166980          -0.2514951423559746          -1.4573000038340251
         -0.1160068000400024          -0.0538409462364620          -0.2292019377278920
          0.0000000000000000           0.0000000000000000           0.0000000000000000
         -0.8992380049331002           0.4057745698926079          -1.3193249027830569
          0.0067670900384886           0.0079691944161006           0.0000308369415586
          0.0000000000000000           0.0000000000000000           0.0000000000000000
         -0.6265309520872436          -0.4888984539179023          -1.7139135668236323
         -0.2359507679672935          -0.1035404739276464          -0.4414714464638811
          0.0000000000000000           0.0000000000000000           0.0000000000000000
         -0.6881647880865926          -0.1476286701079385          -1.2879697172265596
         -0.0801638783621777          -0.0310544158735642          -0.1343012449573298
          0.0000000000000000           0.0000000000000000           0.0000000000000000
         -0.8027672403274041          -0.3335165682285129          -1.6545510848663396
         -0.1561089884410786          -0.0581009411498961          -0.2543942747140763
          0.0000000000000000           0.0000000000000000           0.0000000000000000
         -0.5540141762155303          -0.0619190681010706          -0.9555468991325339
         -0.0425390725209843          -0.0133132811425965          -0.0610361682406775
          0.0000000000000000           0.0000000000000000           0.0000000000000000
         -0.7277100946866747          -0.1833057694104763          -1.3107326056171023
         -0.0802139956721743          -0.0243140988678597          -0.1137789811369615
          0.0000000000000000           0.0000000000000000           0.0000000000000000
         -1.2915764942967205          -0.5121458802081146          -2.7211007949906221
         -0.2785529040750053          -0.0735958219542033          -0.3926503634703943
          0.0000000000000000           0.0000000000000000           0.0000000000000000
       2213.1141558225021981         740.6406332342186261        -256.4210784996511734
       -366.4786626922268624          67.9732900045844133        -568.6857440127041627
          0.0000000000000000           0.0000000000000000           0.0000000000000000
         -0.3408691597892782          -0.0107108416798086          -0.5537099775744101
         -0.0153285568029484          -0.0036032680109846          -0.0188738525220985
          0.0000000000000000           0.0000000000000000           0.0000000000000000
         -0.4809301791246833          -0.0707823370833316          -0.8003491547241601
         -0.0282308306831131          -0.0064479765357657          -0.0346613142221285
          0.0000000000000000           0.0000000000000000           0.0000000000000000
         -0.9963636877258863          -0.2864560455842303          -1.8442492307380984
         -0.0944551690557653          -0.0189750409331856          -0.1164541250263260
          0.0000000000000000           0.0000000000000000           0.0000000000000000
        742.9067032215622248         -11.0147268079172704        -743.3212566897221905
       -111.0810685537249469          17.7977174403811276        -154.8916576360497288
          0.0000000000000000           0.0000000000000000           0.0000000000000000
         -0.1038071446335554           0.0072936053526483          -0.1562543513031973
         -0.0016648393917856          -0.0002171580744278          -0.0016708166122243
          0.0000000000000000           0.0000000000000000           0.0000000000000000
         -0.1553658020736841          -0.0041492782128664          -0.2381275108742730
         -0.0030020099876083          -0.0003806381669161          -0.0030162788046153
          0.0000000000000000           0.0000000000000000           0.0000000000000000
         -0.3578973255233628          -0.0629381770626550          -0.6002461840408048
         -0.0096983070666715          -0.0010710784300128          -0.0098245141160842
          0.0000000000000000           0.0000000000000000           0.0000000000000000
         62.3178339433690667        -120.6465372834892804        -369.0127506397222987
        -10.1106847613235189           1.4270173053454642         -11.7143684008839202
          0.0000000000000000           0.0000000000000000           0.0000000000000000
