1  82   4   0   0   -10.219100   0.000000

./DATA/2947/200/52/
0
          0.6781800286024440
          5.0851872950813970
          0.3398336715902909
          3.5464563201944941
          0.1577051056316514
          2.3964013213394755
          0.0498556947473902
          1.3408904026851713
          0.0073141377872103
          0.5126087360894741
          0.0003392192748360
          0.1103591179355526
          0.0000001571353804
          0.0023751897758833
          0.0000000000000337
          0.0000011002509995
          0.0000000000000000
          0.3292516821990699
          2.4936670710675388
          0.0000000000000000
          1.8474790256718983
          6.3679011415895150
          0.0000000000000000
          0.1083838621875321
          1.5947937097480234
          0.0000000000000000
          3.1448385491331901
          9.3432618507919347
          0.0000000000000000
          0.2082459165551459
          1.7287027010040716
          0.0000000000000000
          1.1771802046416011
          4.4767315116618853
          0.0000000000000000
          0.0671103332398693
          1.0815664126643454
          0.0000000000000000
          2.0049789094127797
          6.5776240339799710
          0.0000000000000000
          0.5425231017260043
          2.4534836601683860
          0.0000000000000000
          0.9247025734937597
          3.6138170200339830
          0.0000000000000000
          0.1840617986545225
          1.0675101583874771
          0.0000000000000000
          0.3139272328127227
          1.5776178238501601
          0.0000000000000000
          0.9144820989516521
          3.5112485871685144
          0.0000000000000000
        563.9119680100156984
        588.4319945659422046
          0.0000000000000000
          0.0394563380348108
          0.3293877039588652
          0.0000000000000000
          0.0673277393909343
          0.4887743530151704
          0.0000000000000000
          0.1961711186690688
          1.0895050601696084
          0.0000000000000000
        120.5377000114250308
        160.3399842168030318
          0.0000000000000000
          0.0018242006450452
          0.0321249240131641
          0.0000000000000000
          0.0031138220957694
          0.0479300294410167
          0.0000000000000000
          0.0090739839974400
          0.1072641850500331
          0.0000000000000000
          5.5618663970337501
         14.2880860860282919
1
          1.6950624316938001
          4.0683048919900440
          1.1821521067314991
          2.7041378850532878
          0.7988004404464917
          1.7553059865246345
          0.4469634675617238
          0.9437826298708381
          0.1708695786964914
          0.3490532951801930
          0.0367863726451842
          0.0739119645652044
          0.0007917299252944
          0.0015836169859692
          0.0000003667503332
          0.0000007335007001
          0.1780125322917575
          1.4161702101945319
          1.2287360107803176
          0.1847759190200708
          4.4915419315768350
          3.5390623166645021
          0.1765888648738109
          0.7461460308135714
          0.7804426762481740
          0.1901156383304372
          6.8968894735781499
          5.4010952880165481
          0.1137245622736400
          0.9944346483071502
          0.8287894069784287
          0.1171797912591510
          3.1425214934701566
          2.3942104315741828
          0.1129966866383999
          0.5174210129127209
          0.5182590463530947
          0.1199071446094220
          4.8135947032387332
          3.6491010955446046
          0.0536752679439853
          1.7091462714662888
          1.2331852224841178
          0.0545331472705732
          2.6083792433127599
          1.8756072029444053
          0.0181108062066330
          0.7368057593965592
          0.4966553914388063
          0.0182811369440023
          1.1198253529496762
          0.7534385667692038
          0.0189740051095718
          2.6077117475437541
          1.7990449334668479
          0.2941630905999217
        579.6703261994329068
        572.3794732859238366
          0.0038661779622903
          0.2250115593929329
          0.1399663046384526
          0.0038831430740720
          0.3405258623256144
          0.2116930870064186
          0.0039521317062340
          0.7838228162569599
          0.4979012308754827
          0.0312707993902924
        147.0100145495630386
        133.8363988792747534
          0.0001782383341559
          0.0216682062221460
          0.0121026801019074
          0.0001784073892412
          0.0326344788807852
          0.0182309652667598
          0.0001790947038345
          0.0741759286248331
          0.0419831457188055
          0.0004507057796601
         11.3784447781374496
          8.4710569991449152
1
          1.6950624316938001
          4.0683048919900422
          1.1821521067314991
          2.7041378850532878
          0.7988004404464917
          1.7553059865246345
          0.4469634675617237
          0.9437826298708379
          0.1708695786964914
          0.3490532951801931
          0.0367863726451842
          0.0739119645652044
          0.0007917299252944
          0.0015836169859692
          0.0000003667503332
          0.0000007335007001
          0.1780125322917575
          1.4161702101945319
          1.2287360107803174
          0.1847759190200708
          4.4915419315768306
          3.5390623166645048
          0.1765888648738109
          0.7461460308135718
          0.7804426762481748
          0.1901156383304372
          6.8968894735781534
          5.4010952880165375
          0.1137245622736400
          0.9944346483071504
          0.8287894069784290
          0.1171797912591510
          3.1425214934701580
          2.3942104315741819
          0.1129966866383999
          0.5174210129127204
          0.5182590463530946
          0.1199071446094220
          4.8135947032387367
          3.6491010955446059
          0.0536752679439853
          1.7091462714662893
          1.2331852224841158
          0.0545331472705732
          2.6083792433127604
          1.8756072029444082
          0.0181108062066330
          0.7368057593965590
          0.4966553914388066
          0.0182811369440023
          1.1198253529496749
          0.7534385667692033
          0.0189740051095718
          2.6077117475437572
          1.7990449334668468
          0.2941630905999217
        579.6703261994337026
        572.3794732859237229
          0.0038661779622903
          0.2250115593929329
          0.1399663046384525
          0.0038831430740720
          0.3405258623256145
          0.2116930870064188
          0.0039521317062340
          0.7838228162569600
          0.4979012308754830
          0.0312707993902924
        147.0100145495629533
        133.8363988792746966
          0.0001782383341559
          0.0216682062221460
          0.0121026801019074
          0.0001784073892412
          0.0326344788807852
          0.0182309652667598
          0.0001790947038345
          0.0741759286248330
          0.0419831457188054
          0.0004507057796601
         11.3784447781374443
          8.4710569991449063
1
          1.6950624316938001
          4.0683048919900440
          1.1821521067314991
          2.7041378850532873
          0.7988004404464917
          1.7553059865246345
          0.4469634675617237
          0.9437826298708382
          0.1708695786964914
          0.3490532951801929
          0.0367863726451842
          0.0739119645652044
          0.0007917299252944
          0.0015836169859692
          0.0000003667503332
          0.0000007335007001
          0.1780125322917575
          1.4161702101945335
          1.2287360107803174
          0.1847759190200708
          4.4915419315768332
          3.5390623166645048
          0.1765888648738109
          0.7461460308135716
          0.7804426762481744
          0.1901156383304372
          6.8968894735781543
          5.4010952880165393
          0.1137245622736400
          0.9944346483071506
          0.8287894069784291
          0.1171797912591511
          3.1425214934701584
          2.3942104315741823
          0.1129966866383999
          0.5174210129127205
          0.5182590463530949
          0.1199071446094220
          4.8135947032387358
          3.6491010955446068
          0.0536752679439853
          1.7091462714662891
          1.2331852224841160
          0.0545331472705732
          2.6083792433127604
          1.8756072029444082
          0.0181108062066330
          0.7368057593965590
          0.4966553914388069
          0.0182811369440023
          1.1198253529496749
          0.7534385667692035
          0.0189740051095717
          2.6077117475437563
          1.7990449334668466
          0.2941630905999217
        579.6703261994334753
        572.3794732859244050
          0.0038661779622903
          0.2250115593929329
          0.1399663046384526
          0.0038831430740720
          0.3405258623256146
          0.2116930870064188
          0.0039521317062340
          0.7838228162569600
          0.4979012308754833
          0.0312707993902924
        147.0100145495630102
        133.8363988792748103
          0.0001782383341559
          0.0216682062221460
          0.0121026801019074
          0.0001784073892412
          0.0326344788807852
          0.0182309652667598
          0.0001790947038345
          0.0741759286248330
          0.0419831457188054
          0.0004507057796601
         11.3784447781374389
          8.4710569991449081
