1  82   4   1   4   -11.152935   0.000000
  0 
./DATA/2947/108/M020/
0
          5.1170632609752902
          6.0248481911699310
          3.3252569446062479
          4.3492292561897017
          2.1444745105768357
          3.1584282705194147
          1.1978779645561120
          2.0748036400849710
          0.5371954119445316
          1.1286055786097746
          0.1952037738446943
          0.4680852319751715
          0.0240124231460600
          0.0575529571832520
          0.0004483950724707
          0.0009578595115504
          2.0336280729646026
          7.0271867469924203
          5.5387241944503112
          5.5235192203693400
         23.1414604286555452
          9.7059114268860007
          1.6471483844967436
          5.4275818214927227
          5.2628218015251935
          8.6269306793062110
         37.6561291848189725
         13.5971962663965904
          1.3399795856996726
          5.1338210821768637
          4.1149469474214246
          3.6280735812632985
         16.8944818450412342
          7.0298256804072032
          1.1002327383176083
          3.9392420735865281
          3.9160383861706545
          5.6764207294448550
         27.4605635993152433
          9.7457958521421979
          1.7784796135083492
         10.0609375162069057
          4.1158617758775513
          2.7906405817865880
         16.3036729916241470
          5.6047668746223680
          0.6695755974247839
          5.0937753485195119
          2.0209366552799701
          1.0546392098723469
          8.2040929144264432
          2.6874242768315195
          2.8965552081332202
         22.9240552722949360
          5.5741553401598605
       3956.9387390926967782
      23031.5618888580065686
       2913.5358425390263619
          0.1715604887238697
          2.0742089567884778
          0.7779633684984740
          0.2715616739676143
          3.3042907738206804
          1.0048853440983125
          0.7552168272768432
          8.9745240179457380
          1.9581094528304523
       1103.7577035325653014
       7926.5660465661285343
        868.8977922181725262
          0.0122145704011090
          0.4128484175932793
          0.1336612340865317
          0.0195000992419086
          0.6427609844861093
          0.1663737562707648
          0.0552911593677104
          1.6425291793277708
          0.2931912913179917
         89.4456604083204780
       1059.5210256283355648
         85.6307934053292144
0
          5.1170632609752902
          6.0145913273398932
          3.3252569446062483
          4.3257634916862937
          2.1444745105768357
          3.1140053957671165
          1.1978779645561122
          2.0071018327233117
          0.5371954119445316
          1.0541627659016750
          0.1952037738446943
          0.4184244841144721
          0.0240124231460600
          0.0487321625705418
          0.0004483950724707
          0.0007738533955399
          2.0336280729646030
          6.8031499243801070
          5.2579151408985227
          5.5235192203693391
         23.1744223483995100
          9.6843507621931604
          1.6471483844967427
          5.1704114241305659
          4.8506094529529742
          8.6269306793062110
         37.9129562721694384
         13.7034806955422486
          1.3399795856996723
          4.9374535436162761
          3.8571333753080377
          3.6280735812632963
         16.9168927969679110
          6.9806862870989699
          1.1002327383176078
          3.7104803522029468
          3.5588181336059468
          5.6764207294448568
         27.6693588589062216
          9.8059239571878098
          1.7784796135083503
         10.0652355089980983
          4.0419697452113468
          2.7906405817865907
         16.4353568727339407
          5.6086925383560242
          0.6695755974247838
          5.0832394902325486
          1.9449664417149277
          1.0546392098723478
          8.2621670826010778
          2.6561161620347966
          2.8965552081332184
         23.2622294432187822
          5.7052026108895078
       3956.9387390926999615
      23222.9399079663744487
       2448.1857456313969124
          0.1715604887238699
          2.0599545476430641
          0.7238555528445603
          0.2715616739676144
          3.3156491151620329
          0.9695916241284388
          0.7552168272768428
          9.0880899927900760
          1.9979316340917179
       1103.7577035325637098
       8003.3982349035604784
        725.2093751312858103
          0.0122145704011090
          0.4066919913495159
          0.1169229080016104
          0.0195000992419086
          0.6395060664914890
          0.1529149870254998
          0.0552911593677105
          1.6496891323953631
          0.2947565673261820
         89.4456604083204638
       1066.1695874396298223
         73.3396616143593576
1
          6.0062018236774417
          5.0526649681091067
          4.3367285073838815
          3.3252466570164101
          3.1441045945951300
          2.1447235534118838
          2.0548711520800262
          1.1563651642909161
          1.1052585215263413
          0.4460503503290513
          0.4500639330891167
          0.1111497832957009
          0.0528059821424056
          0.0051395411464790
          0.0007823668473180
          0.0000187328890242
          5.3664673166220860
          6.8059885828342210
          1.9668098926821473
          9.7018320095151687
         23.3907066043114007
          5.6096291996541279
          5.3633456009630631
          4.9434013924577407
          1.2969842899445463
         14.0340749867492232
         38.1128374354121391
          8.5826229038885025
          3.9189005092459546
          4.8911667965386094
          1.3142836956198058
          7.0990174256208860
         17.1106565236968784
          3.7550108171394925
          3.9135476905231674
          3.4792254994284626
          0.8588658264372605
         10.2737815232730476
         27.9182049537450112
          5.7403200694766303
          4.2622044885011903
         10.1630199603678495
          1.9031298836037542
          6.1794767188287372
         16.6150084816939447
          2.9053435522646565
          2.1996065204231861
          5.0626202429856484
          0.7524047774009238
          3.2025717163070340
          8.2934450915425000
          1.1466182031862509
          7.8653065950162109
         23.5726196900606055
          2.8080277814898951
       5572.0361665490563610
      21398.7181812916860508
       1359.2935116663479675
          0.9306218913151503
          1.9696003028317683
          0.2078730405096750
          1.3660437626569590
          3.2318193273163720
          0.3161122309622685
          3.3345339111169054
          9.1185872472119414
          0.7672885829958429
       2019.5784252757330250
       7419.5750871782511240
        345.4213310364347649
          0.2026516227823373
          0.3378587196308982
          0.0175237622435075
          0.3027967051280080
          0.5543372034986852
          0.0265673439381000
          0.7312207753894503
          1.5393844985711016
          0.0636779459582724
        307.9511130774241678
       1028.5826287806819437
         25.5277913800336655
1
          6.0332376948323843
          5.0526649681091085
          4.3382642404921148
          3.3252466570164101
          3.1283290716914003
          2.1447235534118843
          2.0270343207282573
          1.1563651642909161
          1.0775098229851086
          0.4460503503290513
          0.4364457830005267
          0.1111497832957009
          0.0534791376113883
          0.0051395411464790
          0.0009493460597723
          0.0000187328890242
          5.2558185451966128
          6.7262980243392514
          1.9668098926821491
          9.7489918528799340
         23.4508098373711142
          5.6096291996541279
          5.1508417146578331
          4.8476200771813795
          1.2969842899445470
         14.1371883300244754
         38.2966437032450742
          8.5826229038885025
          3.8247860092839798
          4.8264523680829976
          1.3142836956198045
          7.0986206897503168
         17.1369088921527890
          3.7550108171394889
          3.7478696076883300
          3.4056762940619127
          0.8588658264372603
         10.2955389686209973
         28.0265893422015075
          5.7403200694766330
          4.2172832559781721
         10.1592293750923854
          1.9031298836037545
          6.1223632710279672
         16.6488842896501588
          2.9053435522646582
          2.1347125082308658
          5.0459208289904263
          0.7524047774009236
          3.1060455794075859
          8.2851500716651021
          1.1466182031862513
          7.6668693936207530
         23.5901139812937437
          2.8080277814898906
       6584.9015836143717024
      21569.5122007922691409
       1359.2935116663477402
          0.8713723920416601
          1.9543558523105586
          0.2078730405096750
          1.2730398768331515
          3.2125730746096104
          0.3161122309622684
          3.1155368909594063
          9.0710220731866116
          0.7672885829958435
       2396.6576900326822397
       7427.7908085300605308
        345.4213310364345944
          0.1739240750701302
          0.3326270671511115
          0.0175237622435075
          0.2561471667441640
          0.5457317860293823
          0.0265673439381000
          0.6125641771822362
          1.5117246809344951
          0.0636779459582724
        348.3347297170501520
       1010.1243987049938369
         25.5277913800336798
   0    4  0.803156  0.156438  0.534535 
          0.0363645241196704           0.0066486599427391           0.0298870779881222
         -0.0091715650396477           0.0204140616019516          -0.0095592611075571
          0.0002118263811465           0.0069841503073675           0.0107963071723944
         -0.0021282600880385           0.0103034533147794          -0.0038564738852022
         -0.0030796207032894           0.0116374330308140           0.0041718863411437
         -0.0020285274968965           0.0061026223108748          -0.0002748396594115
          0.0133000885192235           0.0227061080336177           0.0079028377695163
         -0.0090997283177114           0.0035493466524770           0.0001187335045945
          0.0324550215385398           0.0384037648434948           0.0181189748382407
         -0.0220554009072618          -0.0028929590345029          -0.0050045244916980
          0.0282064830220974           0.0435108548645729           0.0195225640655837
         -0.0289976358838303          -0.0137431894907174          -0.0125881448734628
          0.0050333052410257           0.0195512529099294           0.0062136080656860
         -0.0143199695469285          -0.0112721360749305          -0.0104225367217873
         -0.0000043065912549           0.0012487081678590           0.0002761589870365
         -0.0008856624200542          -0.0007675279840493          -0.0009306404563923
          0.0180620760208154           0.0399566647911611           0.0199227431229339
          0.0145282538635093           0.1015349541188107           0.0240003714635140
         -0.0328940888509902           0.0179410410275923          -0.0013815195381817
         -0.0332829761385922           0.0274935109781009           0.0494194614280349
         -0.0990958572256416           0.0686931036559455           0.0137005002187581
          0.0192379306955201           0.0570789071409621          -0.0188240113582840
          0.0899763109191475           0.0705922664518270           0.0407053992246775
          0.0253822088686167           0.1672313624156156           0.0507537978481713
         -0.0757993246588099          -0.0227509723230132          -0.0377684515204501
         -0.0127137933996672           0.0456659588257064           0.0996988358348785
         -0.2018660133096866           0.1015476614898825           0.0301540553586607
          0.0284647144342112           0.0555247599037271          -0.0726534351606534
          0.0167440568989838           0.0301246833988971           0.0147372206023156
          0.0293459615884157           0.0939224796187862           0.0262043008364814
         -0.0343691069002566           0.0146819764337548          -0.0000993215900039
         -0.0591585641016953           0.0194025467134973           0.0175810099859637
         -0.0872253220804808           0.0607596816616896           0.0042549659910036
          0.0243955645468757           0.0372354654236125          -0.0073680115725109
          0.0754227054515247           0.0535684560974231           0.0339962410226898
          0.0361657274767620           0.1435669966792932           0.0434048899734104
         -0.0745495609777538          -0.0212973981970079          -0.0334849141103516
         -0.0763825365498332           0.0321241827266236           0.0396838197899860
         -0.1969768398610309           0.0772414007650971          -0.0004937797175488
          0.0429797819165097           0.0238095797827080          -0.0480222940753668
         -0.0628121806328543           0.0098912343953624          -0.0073379873323856
         -0.0437494343745981           0.0661958544921009           0.0064095443145317
          0.0226454501022304           0.0199716322861566           0.0023704228253169
         -0.1007786611389475           0.0163852671582781          -0.0090562659791603
         -0.1323446234276483           0.0755274053683753          -0.0113985252015855
          0.0467853175495324           0.0002187123295155          -0.0230113125949854
         -0.0435156252218267           0.0029714605643096          -0.0138703449328987
          0.0100638600039488           0.0802044920108099           0.0181564472708928
          0.0138422152994479           0.0112184009744864           0.0061984137982780
         -0.0761858306447092           0.0050524146009256          -0.0237472814790809
         -0.0356156003817938           0.0952324984250878           0.0024350721327370
          0.0357725557947551          -0.0051332665081087          -0.0071769190755343
         -0.2074531661137353           0.0324849828643523          -0.0545199492426076
         -0.3102516662907557          -0.0227900191834906          -0.1143402206611761
          0.0295355298192924          -0.0937373414391040          -0.1103896292200177
        495.6457853377356173         155.0168361747141716         280.0725327796956208
       -572.8150820759716453        -146.2779775180138415         943.8224309987156175
       -239.0655553606454191          50.1935404537702183        -199.5733124722262346
         -0.0196183646092158          -0.0002999331894158          -0.0089615412259529
          0.0437308001844860           0.0843614232481042           0.0270968997488679
          0.0038619792198387           0.0070229926272188           0.0058294593552908
         -0.0361430008730677          -0.0003153710603631          -0.0161345732940982
          0.0385189490225746           0.1076489955945669           0.0213437844384624
          0.0182661768112142          -0.0011062635478909           0.0005249829087287
         -0.1084234467661737           0.0059979713955247          -0.0449663047990043
         -0.0495152014486113           0.0817749167817147          -0.0523562088472891
          0.0326806446815003          -0.0533525194062561          -0.0470680001429900
        108.7856838741984404          49.2347178332939350          64.6103225011691507
       -398.3798272694567686        -174.3239089164013365         313.7598265052893680
        -88.4311818924058741          -4.2612165060052911         -75.6708890056295047
         -0.0029135812847545          -0.0004793273639322          -0.0016910576432028
          0.0360359007824580           0.0552440761366581           0.0208611122479443
         -0.0020580448889313           0.0028096114368931           0.0029773367429964
         -0.0055773240825717          -0.0007255343306970          -0.0031176460471588
          0.0489556231228470           0.0755201253891378           0.0238066824209407
          0.0023988265766264           0.0019341663886184           0.0024155620239820
         -0.0178959366539839          -0.0011083146490870          -0.0094411174092175
          0.0784659003422571           0.1128812524079014           0.0123543452838318
          0.0113348442188149          -0.0084343641832188          -0.0071786476980019
          2.2371740904213673           3.9794762831782311           1.2041976563312793
       -104.3637870193570905         -77.5364599572247073          13.2842250858349828
        -11.0661546028527500          -6.3106095088039842         -10.0842707330415617
   3
         -0.0282201743510402           0.0950674865905268           0.0177520667374758
          0.0000000000000000           0.0000000000000000           0.0000000000000000
          0.0278852133813871          -0.0782693693095333          -0.0046334215153802
          0.0000000000000000           0.0000000000000000           0.0000000000000000
          0.0602110800279902          -0.2054803162616107          -0.0392609913237678
          0.0000000000000000           0.0000000000000000           0.0000000000000000
          0.0759960724157465          -0.2955857030562429          -0.0819388178306478
          0.0000000000000000           0.0000000000000000           0.0000000000000000
          0.0689131477805410          -0.3012195987732443          -0.1121104786066682
          0.0000000000000000           0.0000000000000000           0.0000000000000000
          0.0442760343867286          -0.2067042779498865          -0.0999590665573807
          0.0000000000000000           0.0000000000000000           0.0000000000000000
          0.0101061987767905          -0.0484713566699359          -0.0342981444787677
          0.0000000000000000           0.0000000000000000           0.0000000000000000
          0.0002509127805230          -0.0016110685852994          -0.0017428074653157
          0.0000000000000000           0.0000000000000000           0.0000000000000000
          0.2766678273822142          -1.2040308588122823          -0.2810298828496868
          0.2325042362796561          -0.8951281630891813          -0.2866278300422371
          0.0000000000000000           0.0000000000000000           0.0000000000000000
          0.1002438630448694          -0.0165164869348802           0.1428506190946756
          0.0423503589659297           0.0896889236813898           0.1851910947697083
          0.0000000000000000           0.0000000000000000           0.0000000000000000
          0.4882865997010039          -1.9046204409440757          -0.4831746770071954
          0.1833282659254653          -1.0851674033881877          -0.4402117571504243
          0.0000000000000000           0.0000000000000000           0.0000000000000000
          0.1354386710263162           0.4704083028107264           0.3645863268815328
         -0.1969794887019908           0.8844667701529531           0.5034260924734657
          0.0000000000000000           0.0000000000000000           0.0000000000000000
          0.2073051471147054          -1.0424038201809087          -0.2812750663770868
          0.2001583041130910          -0.7383784432403687          -0.2319942558899324
          0.0000000000000000           0.0000000000000000           0.0000000000000000
          0.1920456585599839          -0.2881216948993111           0.0725247223091494
          0.0661256535029039          -0.0685272821705176           0.1330724179682599
          0.0000000000000000           0.0000000000000000           0.0000000000000000
          0.3376516849862867          -1.5578738421274385          -0.4529185759737200
          0.1549999287888277          -0.8648009258548469          -0.3432621771251441
          0.0000000000000000           0.0000000000000000           0.0000000000000000
          0.3071327078768444          -0.0493095915642449           0.2546810013987541
         -0.1130653724315477           0.4749013962848569           0.3868711705912403
          0.0000000000000000           0.0000000000000000           0.0000000000000000
          0.2629042084959531          -0.5081390920103047          -0.0033229585571715
          0.0616682658414338          -0.1775685713370239           0.0640957553296740
          0.0000000000000000           0.0000000000000000           0.0000000000000000
          0.4384606432870428          -0.5277269421363950           0.1184436174569064
         -0.0589359312274349           0.0962074782295125           0.2247943479928254
          0.0000000000000000           0.0000000000000000           0.0000000000000000
          0.2663488981151613          -0.5482454541445039          -0.0470017556585199
          0.0302744609056317          -0.1786509806380692           0.0092214573318482
          0.0000000000000000           0.0000000000000000           0.0000000000000000
          0.4454435782597083          -0.7168250185683137           0.0153139867414389
         -0.0514308095108692          -0.0831354902519822           0.0846162402905887
          0.0000000000000000           0.0000000000000000           0.0000000000000000
          1.1602635882247601          -1.2480950544455622           0.1646957875802180
         -0.5928675920281959           0.3832717302865754           0.4884225153067687
          0.0000000000000000           0.0000000000000000           0.0000000000000000
      -1591.1913973673597411        9250.7983567649425822        1167.5851611587590924
       -286.1718574266570272       -1417.8119111684559357         659.6699408099232187
          0.0000000000000000           0.0000000000000000           0.0000000000000000
          0.2076107793745765          -0.4285057613701529          -0.0521975654640722
         -0.0010762012960310          -0.1126991370928474          -0.0162421885716250
          0.0000000000000000           0.0000000000000000           0.0000000000000000
          0.3423178210513446          -0.6209906214315306          -0.0333319576864877
         -0.0542552524936970          -0.0998734359570214           0.0033193767691125
          0.0000000000000000           0.0000000000000000           0.0000000000000000
          0.8820300854630710          -1.3721209421178122          -0.0126431895339034
         -0.3902477481420593          -0.0333649211927215           0.1181245470744157
          0.0000000000000000           0.0000000000000000           0.0000000000000000
       -501.5512884316917734        3473.9417344309231339         396.0583618063536164
       -297.2102155579869418        -813.1569994806428667         155.5524796478781298
          0.0000000000000000           0.0000000000000000           0.0000000000000000
          0.0933541778267222          -0.1821417083631360          -0.0249117160143824
         -0.0108627698255445          -0.0293832101536985          -0.0106838783032008
          0.0000000000000000           0.0000000000000000           0.0000000000000000
          0.1487874223470728          -0.2831034622821593          -0.0270339819023962
         -0.0321146807737225          -0.0343112427989666          -0.0123820553282996
          0.0000000000000000           0.0000000000000000           0.0000000000000000
          0.3699088369601279          -0.7040032807132192          -0.0492669460107900
         -0.1560885134782941          -0.0557773273478109          -0.0158483080312800
          0.0000000000000000           0.0000000000000000           0.0000000000000000
        -10.8760611224330521         412.9924453986197364          32.1247370484690862
       -143.2156040989262067        -199.2312236915735753         -22.6263391040367416
          0.0000000000000000           0.0000000000000000           0.0000000000000000
   0
          0.0000000000000000           0.0000000000000000           0.0000000000000000
          0.0000000000000000           0.0000000000000000           0.0000000000000000
          0.0000000000000000          -0.0000000000000000          -0.0000000000000000
          0.0000000000000000           0.0000000000000000           0.0000000000000000
          0.0000000000000000           0.0000000000000000           0.0000000000000000
          0.0000000000000000           0.0000000000000000           0.0000000000000000
         -0.0000000000000000           0.0000000000000000          -0.0000000000000000
          0.0000000000000000           0.0000000000000000           0.0000000000000000
         -0.0000000000000000           0.0000000000000000           0.0000000000000000
          0.0000000000000000           0.0000000000000000           0.0000000000000000
         -0.0000000000000000           0.0000000000000000          -0.0000000000000000
          0.0000000000000000           0.0000000000000000           0.0000000000000000
          0.0000000000000000           0.0000000000000000           0.0000000000000000
          0.0000000000000000           0.0000000000000000           0.0000000000000000
          0.0000000000000000          -0.0000000000000000           0.0000000000000000
          0.0000000000000000           0.0000000000000000           0.0000000000000000
          0.0087004250079354           0.0028399784606433           0.0214773372251341
         -0.0151688747103365           0.0072306530201756          -0.0159603776769449
          0.0000000000000000           0.0000000000000000           0.0000000000000000
         -0.0163108750668236           0.0308851094239878           0.0131937650503502
          0.0089875080892764           0.0083406709726935           0.0014190210547054
          0.0000000000000000           0.0000000000000000           0.0000000000000000
          0.0835718231383339           0.0023360767671635           0.0456215116753602
         -0.0529037196257058          -0.0057864201820071          -0.0432708849110606
          0.0000000000000000           0.0000000000000000           0.0000000000000000
          0.0335492229888161           0.0584263386938518           0.0290543673257919
         -0.0045909540264808          -0.0035663842769723          -0.0085120874477590
          0.0000000000000000           0.0000000000000000           0.0000000000000000
         -0.0096131457028404           0.0015472865149775           0.0088030451092831
         -0.0064353780179379           0.0062242012045032          -0.0077718355503982
          0.0000000000000000           0.0000000000000000           0.0000000000000000
         -0.0115941078985154           0.0232163285412194           0.0073560701848563
          0.0054621025110258           0.0072772976712121           0.0015158063751381
          0.0000000000000000           0.0000000000000000           0.0000000000000000
          0.0443662482923257           0.0024312335974712           0.0276414302459353
         -0.0347722629129465          -0.0054375517064785          -0.0283255225035990
          0.0000000000000000           0.0000000000000000           0.0000000000000000
          0.0404043239009760           0.0457693176499554           0.0247474803970829
         -0.0109773018550187          -0.0033313587730606          -0.0097502386525261
          0.0000000000000000           0.0000000000000000           0.0000000000000000
         -0.0047071765773546           0.0136456451921314           0.0027017607036537
          0.0016336708466380           0.0047836436461410           0.0001280276712015
          0.0000000000000000           0.0000000000000000           0.0000000000000000
          0.0403021781686287           0.0286261033666940           0.0188757880891738
         -0.0153778418958257          -0.0053263319348432          -0.0123539883794880
          0.0000000000000000           0.0000000000000000           0.0000000000000000
         -0.0001620015196560           0.0059542954291211           0.0006349072101918
         -0.0005777327733651           0.0010254188971936          -0.0020738355320503
          0.0000000000000000           0.0000000000000000           0.0000000000000000
          0.0293619514005687           0.0136372079583935           0.0120439031243984
         -0.0143192525881130          -0.0088929051085773          -0.0140359468624533
          0.0000000000000000           0.0000000000000000           0.0000000000000000
          0.2452930721377500           0.0791862955177393           0.1001230580648282
         -0.1376611954631096          -0.1198944561333497          -0.1195098689211441
          0.0000000000000000           0.0000000000000000           0.0000000000000000
        875.8889947268201013         639.3908222387425440         428.8110205741673440
       -566.0213926287146933       -1208.8249782269094794        -639.5736956320976105
          0.0000000000000000           0.0000000000000000           0.0000000000000000
          0.0009182223024652           0.0014704300058629           0.0000153142917921
         -0.0010380656665939          -0.0021856373081158          -0.0033057245919244
          0.0000000000000000           0.0000000000000000           0.0000000000000000
          0.0140595195451718           0.0040694040599722           0.0054418509322158
         -0.0091590930309878          -0.0104195883294418          -0.0122919828880574
          0.0000000000000000           0.0000000000000000           0.0000000000000000
          0.1016129003869190           0.0267494282660324           0.0435092720198560
         -0.0755799189067683          -0.0835314025106965          -0.0826082843438285
          0.0000000000000000           0.0000000000000000           0.0000000000000000
        304.9149624297930927         196.9689984156216553         149.9852966844403568
       -278.7739165139765305        -578.2171462535234241        -370.0715940890664228
          0.0000000000000000           0.0000000000000000           0.0000000000000000
          0.0002435416348279          -0.0000456709383786          -0.0000372299007223
         -0.0004139044781678          -0.0022313558545612          -0.0020412374840816
          0.0000000000000000           0.0000000000000000           0.0000000000000000
          0.0021545389672680           0.0001684452068113           0.0007990710435527
         -0.0025207211092947          -0.0057429929595200          -0.0054743275840854
          0.0000000000000000           0.0000000000000000           0.0000000000000000
          0.0139113169012610           0.0023375552245565           0.0062022034661293
         -0.0186448040988903          -0.0305513754022872          -0.0293591556977115
          0.0000000000000000           0.0000000000000000           0.0000000000000000
         35.3230478763647184          17.7435918775972361          17.4225065565128894
        -63.1536806581129966        -127.9578303073718217        -103.9672894803694305
          0.0000000000000000           0.0000000000000000           0.0000000000000000
   1
          0.0363645241196704           0.0066486599427392           0.0298870779881222
          0.0000000000000000           0.0000000000000000           0.0000000000000000
          0.0002118263811464           0.0069841503073675           0.0107963071723944
          0.0000000000000000           0.0000000000000000           0.0000000000000000
         -0.0030796207032894           0.0116374330308141           0.0041718863411438
          0.0000000000000000           0.0000000000000000           0.0000000000000000
          0.0133000885192234           0.0227061080336177           0.0079028377695163
          0.0000000000000000           0.0000000000000000           0.0000000000000000
          0.0324550215385398           0.0384037648434949           0.0181189748382407
          0.0000000000000000           0.0000000000000000           0.0000000000000000
          0.0282064830220974           0.0435108548645729           0.0195225640655837
          0.0000000000000000           0.0000000000000000           0.0000000000000000
          0.0050333052410257           0.0195512529099294           0.0062136080656860
          0.0000000000000000           0.0000000000000000           0.0000000000000000
         -0.0000043065912549           0.0012487081678590           0.0002761589870365
          0.0000000000000000           0.0000000000000000           0.0000000000000000
          0.0267625010287508           0.0427966432518047           0.0414000803480677
          0.0419801008685239           0.0911375237864509           0.0141477665401402
          0.0000000000000000           0.0000000000000000           0.0000000000000000
         -0.0495938512054159           0.0583786204020880           0.0626132264783846
         -0.1203663376095938           0.0635192099954426           0.0380944617643741
          0.0000000000000000           0.0000000000000000           0.0000000000000000
          0.1735481340574817           0.0729283432189905           0.0863269109000377
          0.0890025447883456           0.1355770318452964           0.0685661086898604
          0.0000000000000000           0.0000000000000000           0.0000000000000000
          0.0208354295891473           0.1040922975195583           0.1287532031606708
         -0.2356903321678932           0.0803404042632739           0.1164594991383273
          0.0000000000000000           0.0000000000000000           0.0000000000000000
          0.0071309111961436           0.0316719699138746           0.0235402657115991
          0.0581671835158877           0.0809735838769171           0.0183592657861390
          0.0000000000000000           0.0000000000000000           0.0000000000000000
         -0.0707526720002110           0.0426188752547166           0.0249370801708207
         -0.1150732685010386           0.0602070785278427           0.0183560302166042
          0.0000000000000000           0.0000000000000000           0.0000000000000000
          0.1197889537438504           0.0559996896948945           0.0616376712686253
          0.0950244671517993           0.1077040704824584           0.0591404969759983
          0.0000000000000000           0.0000000000000000           0.0000000000000000
         -0.0359782126488582           0.0778935003765786           0.0644313001870700
         -0.2514564368820507           0.0661710597843074           0.0591340258369241
          0.0000000000000000           0.0000000000000000           0.0000000000000000
         -0.0675193572102088           0.0235368795874938          -0.0046362266287308
         -0.0726596421388285           0.0664892450649211           0.0109528869057805
          0.0000000000000000           0.0000000000000000           0.0000000000000000
         -0.0604764829703189           0.0450113705249719           0.0098195221100139
         -0.1950256251601927           0.0654084545805675           0.0202502751627504
          0.0000000000000000           0.0000000000000000           0.0000000000000000
         -0.0436776267414826           0.0089257559934308          -0.0132354377227071
         -0.0117910841682101           0.0778955594764482           0.0188289907475436
          0.0000000000000000           0.0000000000000000           0.0000000000000000
         -0.0468238792441404           0.0186896225593192          -0.0117033783546825
         -0.0854765309795312           0.0783534029010488           0.0177283679213672
          0.0000000000000000           0.0000000000000000           0.0000000000000000
          0.0378399060240146           0.1116712783820912           0.0456031088222216
         -0.6865592404680712          -0.0694122319345543          -0.0738202593682108
          0.0000000000000000           0.0000000000000000           0.0000000000000000
       1371.5347800645561165         794.4076584134578525         708.8835533538625668
      -3354.4742629210036284        -187.6561888746783495        -601.6481728357734937
          0.0000000000000000           0.0000000000000000           0.0000000000000000
         -0.0187001423067508           0.0011704968164472          -0.0089462269341607
          0.0325928938591576           0.0796690691292474           0.0281838531913401
          0.0000000000000000           0.0000000000000000           0.0000000000000000
         -0.0220834813278960           0.0037540329996091          -0.0106927223618825
          0.0121902126520070           0.0863309478404071           0.0307892748338351
          0.0000000000000000           0.0000000000000000           0.0000000000000000
         -0.0068105463792547           0.0327473996615573          -0.0014570327791483
         -0.2421953908330168           0.0014517971318475          -0.0258440222273332
          0.0000000000000000           0.0000000000000000           0.0000000000000000
        413.7006463039913911         246.2037162489165496         214.5956191856097917
      -1682.3141032543464917        -190.0020010016158096        -501.8531983578624249
          0.0000000000000000           0.0000000000000000           0.0000000000000000
         -0.0026700396499267          -0.0005249983023108          -0.0017282875439251
          0.0340616953943452           0.0512668704076815           0.0227525085149477
          0.0000000000000000           0.0000000000000000           0.0000000000000000
         -0.0034227851153038          -0.0005570891238857          -0.0023185750036062
          0.0439180953491005           0.0609303897925208           0.0300523806795675
          0.0000000000000000           0.0000000000000000           0.0000000000000000
         -0.0039846197527229           0.0012292405754695          -0.0032389139430882
          0.0380275001818707           0.0539515993230779           0.0354917663757948
          0.0000000000000000           0.0000000000000000           0.0000000000000000
         37.5602219667860950          21.7230681607754157          18.6267042128441567
       -356.2216920136281146         -83.2417223329861002        -176.0367402147841460
          0.0000000000000000           0.0000000000000000           0.0000000000000000
   2
          0.0190486093113924          -0.0746534249885752          -0.0273113278450329
          0.0000000000000000           0.0000000000000000           0.0000000000000000
         -0.0300134734694256           0.0885728226243127           0.0007769476301780
          0.0000000000000000           0.0000000000000000           0.0000000000000000
         -0.0622396075248867           0.2115829385724856           0.0389861516643563
          0.0000000000000000           0.0000000000000000           0.0000000000000000
         -0.0850958007334579           0.2991350497087198           0.0820575513352424
          0.0000000000000000           0.0000000000000000           0.0000000000000000
         -0.0909685486878028           0.2983266397387414           0.1071059541149702
          0.0000000000000000           0.0000000000000000           0.0000000000000000
         -0.0732736702705589           0.1929610884591691           0.0873709216839178
          0.0000000000000000           0.0000000000000000           0.0000000000000000
         -0.0244261683237190           0.0371992205950055           0.0238756077569804
          0.0000000000000000           0.0000000000000000           0.0000000000000000
         -0.0011365752005771           0.0008435406012501           0.0008121670089233
          0.0000000000000000           0.0000000000000000           0.0000000000000000
         -0.3880953187628274           1.1762975525518520           0.3177573308797442
         -0.2528302267132442           0.9229293214067210           0.2484095675810379
          0.0000000000000000           0.0000000000000000           0.0000000000000000
         -0.0733839750263888           0.2144778509700702          -0.1418771954424589
         -0.0493366848432800           0.0325498143381816          -0.1873838941014397
          0.0000000000000000           0.0000000000000000           0.0000000000000000
         -0.5313281861839505           1.9423433194787449           0.6487496251785316
         -0.2965440979645446           1.1113932399541266           0.3624710895328190
          0.0000000000000000           0.0000000000000000           0.0000000000000000
          0.0980945012889261           0.0187039163151864          -0.2705194274658751
          0.1104429857753848          -0.6693657741829538          -0.5091158338321380
          0.0000000000000000           0.0000000000000000           0.0000000000000000
         -0.3466166755869814           1.0088081605074715           0.2868789690816361
         -0.2079811647948157           0.7510345695087792           0.2059720738445542
          0.0000000000000000           0.0000000000000000           0.0000000000000000
         -0.1106134905797721           0.4763995158532210          -0.0476693581862139
         -0.0782498775279395           0.1597060396168430          -0.1219849022479106
          0.0000000000000000           0.0000000000000000           0.0000000000000000
         -0.4634471972920922           1.5707132592831605           0.5502378579664259
         -0.2367446961297863           0.8688020585842443           0.2812527361261098
          0.0000000000000000           0.0000000000000000           0.0000000000000000
          0.0085591727223295           0.5058959699746586          -0.1188587965692761
          0.0227178784039647          -0.3138550011996265          -0.3746612160588195
          0.0000000000000000           0.0000000000000000           0.0000000000000000
         -0.1291719627097752           0.6907472953608219           0.0574246634550774
         -0.0875166992267625           0.2374359637129843          -0.0453205321340591
          0.0000000000000000           0.0000000000000000           0.0000000000000000
         -0.0739625839235938           0.9457834267743479           0.0536607426682508
         -0.0418129014480175           0.0077400133688500          -0.2021693534100249
          0.0000000000000000           0.0000000000000000           0.0000000000000000
         -0.1191268962765904           0.7219401766375814           0.1172211906559248
         -0.0692040298357993           0.2156304811747224           0.0082302348059942
          0.0000000000000000           0.0000000000000000           0.0000000000000000
         -0.1156438229543932           1.0846920504725315           0.1576475854225500
         -0.0535910558687539           0.1439695523797951          -0.0633635282860499
          0.0000000000000000           0.0000000000000000           0.0000000000000000
          0.0348400124311137           2.7811009223657721           0.5365102184908055
          0.0268259360408045          -0.3326843866586862          -0.5502590277990357
          0.0000000000000000           0.0000000000000000           0.0000000000000000
       2909.1482874478351732       -5046.6871290607432456         472.3656961105252208
      -1506.8534120644626455        -588.4861474239002064       -2537.4875538282358320
          0.0000000000000000           0.0000000000000000           0.0000000000000000
         -0.0906746835139958           0.5742395906249439           0.1168170579648983
         -0.0395066150192402           0.1323434013322735           0.0282426231479414
          0.0000000000000000           0.0000000000000000           0.0000000000000000
         -0.1159639036161726           0.9072108687818278           0.1681051966330430
         -0.0355146384544803           0.1293780731931909           0.0115382068022871
          0.0000000000000000           0.0000000000000000           0.0000000000000000
         -0.1821619110031554           2.4175391486877666           0.4688910513286180
          0.0008298522787510           0.0338032563789500          -0.1463131856581485
          0.0000000000000000           0.0000000000000000           0.0000000000000000
       1071.7752267603173095       -1495.5788241427865159         280.1797342992811650
       -554.3198423783114777        -227.4200874121008837       -1071.6622124384771269
          0.0000000000000000           0.0000000000000000           0.0000000000000000
         -0.0437105521605101           0.2594032319904406           0.0584835003971064
         -0.0119252834792000           0.0343108270063268           0.0161108360545743
          0.0000000000000000           0.0000000000000000           0.0000000000000000
         -0.0669423821536552           0.4237012484955892           0.0874305744877490
         -0.0119262556743696           0.0404787386422710           0.0196609230446261
          0.0000000000000000           0.0000000000000000           0.0000000000000000
         -0.1643985359091674           1.1520621113725598           0.2206729147724556
         -0.0013939529466038           0.0470848978615461           0.0160615510107878
          0.0000000000000000           0.0000000000000000           0.0000000000000000
        110.7484827182537970          55.3808143657345440          87.7000527230963201
        -64.3334629345163620         -40.1024454985679029        -185.1422303385807595
          0.0000000000000000           0.0000000000000000           0.0000000000000000
