1  82   4   1   0   -11.261294   0.000000

./DATA/2947/200/44/
0
          0.9027905103521688
          5.9149949945513862
          0.4816965264271272
          4.1491140519907885
          0.2396886315626056
          2.8572597412962484
          0.0841314391386412
          1.6663178366775246
          0.0146941044064383
          0.6914464476525534
          0.0009008216322138
          0.1709580746133878
          0.0000008382586049
          0.0052145753944067
          0.0000000000007259
          0.0000048524171280
          0.0000000000000000
          0.5902492953437962
          3.7302301003857461
          0.0000000000000000
          3.0868821911213460
          9.2924939700921314
          0.0000000000000000
          0.2309963784122642
          2.6173282244297349
          0.0000000000000000
          5.2242621699673695
         13.7418559638425180
          0.0000000000000000
          0.3807443451542731
          2.6251162697708237
          0.0000000000000000
          2.0282851739696270
          6.6225777602523763
          0.0000000000000000
          0.1430381078490000
          1.7926604438285008
          0.0000000000000000
          3.4381197654797031
          9.7875834247915670
          0.0000000000000000
          0.9894238350821010
          3.7382258026498163
          0.0000000000000000
          1.6806530683352605
          5.5235742679303836
          0.0000000000000000
          0.3656357017749854
          1.7113140952102868
          0.0000000000000000
          0.6222736070162014
          2.5308478590162125
          0.0000000000000000
          1.8108627861467239
          5.7109574368785188
          0.0000000000000000
       1133.6005506434339623
       1447.6259120552301738
          0.0000000000000000
          0.0892211385412437
          0.5749329210651907
          0.0000000000000000
          0.1520785598522503
          0.8522692788096152
          0.0000000000000000
          0.4428866809976117
          1.9108406092234422
          0.0000000000000000
        274.3040482437639866
        369.8367685380915759
          0.0000000000000000
          0.0054107629527652
          0.0679287055712896
          0.0000000000000000
          0.0092332745156948
          0.1011864442201825
          0.0000000000000000
          0.0269033036970836
          0.2264660774488129
          0.0000000000000000
         16.5251807255010839
         32.9862401490363766
1
          1.9716649981837957
          4.8461205067197595
          1.3830380173302625
          3.2477725610876522
          0.9524199137654160
          2.1445284590934368
          0.5554392788925082
          1.1950099969236578
          0.2304821492175179
          0.4756584028414740
          0.0569860248711293
          0.1148728713744724
          0.0017381917981356
          0.0034772218548760
          0.0000016174723760
          0.0000032349454779
          0.2896451028432587
          2.1042796263519126
          1.9265546665343745
          0.3232101449009331
          6.5775364206333498
          5.4786295956792266
          0.2826330645352026
          1.2566181466868416
          1.3090733916199584
          0.3497631486505515
         10.2031317352497055
          8.4132232499096595
          0.1916990767858980
          1.4935941413268456
          1.3205673968123566
          0.2098058430680854
          4.6715352120219418
          3.7695218791319558
          0.1879087528906228
          0.8669688260540892
          0.8808209727327895
          0.2241222854549976
          7.2228509674442867
          5.7787299373719909
          0.1006813445042553
          2.6205957911187321
          2.0063725021089254
          0.1056368292640269
          4.0313268762039600
          3.0672636307976604
          0.0366288844801808
          1.1894968617714914
          0.8508240507335991
          0.0377582559950574
          1.8191399296927639
          1.2962232803445972
          0.0423585378649641
          4.3262088109046646
          3.1532528742556223
          1.8929839441936220
       1339.1648236962450937
       1240.1686550582267046
          0.0088244090630029
          0.3953801754312025
          0.2599494751122289
          0.0089620892359152
          0.6009481940186638
          0.3944375554072878
          0.0095223608800066
          1.4024779113881518
          0.9417270179528974
          0.2328714375814489
        337.5267855648195905
        306.3811597794543218
          0.0005299712143017
          0.0460294489365115
          0.0267800483732417
          0.0005320445270244
          0.0694712985979711
          0.0404163756108817
          0.0005404754024389
          0.1588642020600252
          0.0939647036834322
          0.0038780537949582
         27.4914642336013237
         22.0160785871411377
1
          1.9716649981837957
          4.8461205067197595
          1.3830380173302625
          3.2477725610876531
          0.9524199137654160
          2.1445284590934377
          0.5554392788925083
          1.1950099969236578
          0.2304821492175179
          0.4756584028414741
          0.0569860248711293
          0.1148728713744724
          0.0017381917981356
          0.0034772218548760
          0.0000016174723760
          0.0000032349454779
          0.2896451028432587
          2.1042796263519148
          1.9265546665343762
          0.3232101449009331
          6.5775364206333524
          5.4786295956792257
          0.2826330645352026
          1.2566181466868409
          1.3090733916199588
          0.3497631486505515
         10.2031317352497162
          8.4132232499096595
          0.1916990767858980
          1.4935941413268461
          1.3205673968123561
          0.2098058430680854
          4.6715352120219444
          3.7695218791319536
          0.1879087528906228
          0.8669688260540888
          0.8808209727327897
          0.2241222854549976
          7.2228509674442813
          5.7787299373719989
          0.1006813445042553
          2.6205957911187321
          2.0063725021089267
          0.1056368292640269
          4.0313268762039591
          3.0672636307976613
          0.0366288844801808
          1.1894968617714907
          0.8508240507335986
          0.0377582559950574
          1.8191399296927626
          1.2962232803445963
          0.0423585378649640
          4.3262088109046646
          3.1532528742556254
          1.8929839441936220
       1339.1648236962453211
       1240.1686550582251130
          0.0088244090630029
          0.3953801754312025
          0.2599494751122290
          0.0089620892359152
          0.6009481940186636
          0.3944375554072871
          0.0095223608800066
          1.4024779113881523
          0.9417270179528976
          0.2328714375814489
        337.5267855648198179
        306.3811597794549471
          0.0005299712143017
          0.0460294489365115
          0.0267800483732417
          0.0005320445270244
          0.0694712985979710
          0.0404163756108816
          0.0005404754024389
          0.1588642020600253
          0.0939647036834322
          0.0038780537949582
         27.4914642336013131
         22.0160785871411093
1
          1.9716649981837957
          4.8461205067197604
          1.3830380173302630
          3.2477725610876513
          0.9524199137654161
          2.1445284590934377
          0.5554392788925083
          1.1950099969236578
          0.2304821492175179
          0.4756584028414741
          0.0569860248711293
          0.1148728713744724
          0.0017381917981356
          0.0034772218548760
          0.0000016174723760
          0.0000032349454779
          0.2896451028432587
          2.1042796263519139
          1.9265546665343771
          0.3232101449009331
          6.5775364206333577
          5.4786295956792257
          0.2826330645352026
          1.2566181466868416
          1.3090733916199588
          0.3497631486505515
         10.2031317352497144
          8.4132232499096613
          0.1916990767858980
          1.4935941413268468
          1.3205673968123561
          0.2098058430680854
          4.6715352120219436
          3.7695218791319536
          0.1879087528906228
          0.8669688260540885
          0.8808209727327899
          0.2241222854549976
          7.2228509674442751
          5.7787299373719980
          0.1006813445042553
          2.6205957911187312
          2.0063725021089263
          0.1056368292640269
          4.0313268762039591
          3.0672636307976613
          0.0366288844801809
          1.1894968617714909
          0.8508240507335988
          0.0377582559950574
          1.8191399296927622
          1.2962232803445959
          0.0423585378649640
          4.3262088109046646
          3.1532528742556258
          1.8929839441936220
       1339.1648236962453211
       1240.1686550582260224
          0.0088244090630029
          0.3953801754312026
          0.2599494751122289
          0.0089620892359152
          0.6009481940186636
          0.3944375554072871
          0.0095223608800066
          1.4024779113881523
          0.9417270179528976
          0.2328714375814489
        337.5267855648198747
        306.3811597794550039
          0.0005299712143017
          0.0460294489365115
          0.0267800483732417
          0.0005320445270244
          0.0694712985979710
          0.0404163756108816
          0.0005404754024389
          0.1588642020600252
          0.0939647036834322
          0.0038780537949582
         27.4914642336013024
         22.0160785871411058
