1  82   4   0   0   -11.892279   0.000000

./DATA/2947/200/24/
0
          1.7671726437911972
          8.8901800883187576
          1.0436258213494158
          6.2936784405157500
          0.5917011585149795
          4.4596210428437626
          0.2578606895927154
          2.7973364275227186
          0.0662159093542005
          1.3725154089244169
          0.0076598388318333
          0.4620102621874833
          0.0000352334504998
          0.0312915044496461
          0.0000000007463350
          0.0001440167515699
          0.0508685966263543
          2.3659892103829696
         10.2741086528872287
          0.1416264191186941
         10.3523773381183126
         24.5515530957479200
          0.0375506201423630
          1.2729388228173715
          8.6673016936115825
          0.2190662651270425
         17.2457150782881214
         37.2221905793329313
          0.0272307926720429
          1.5914973406820865
          7.4740875882429059
          0.0758109297772657
          7.1782720910559634
         17.9784329687573781
          0.0201058884816175
          0.8240907521879984
          6.1633533908442493
          0.1172661626920632
         11.9976402529357529
         27.1720441518732301
          0.0258206271142416
          3.8882004906216294
         10.7356143943613649
          0.0399409757291806
          6.5299093052526471
         16.1469231999857570
          0.0057191861244544
          1.6979769226440902
          5.4148866045393458
          0.0088469645828121
          2.8660491581014931
          8.1009022535507178
          0.0233000537819930
          8.3420402993754852
         19.4680366961822884
         13.4749807498907082
       6272.2090864229758154
      11193.5247382793804718
          0.0006643117902292
          0.5413739951603720
          2.1518853399057067
          0.0010276300987453
          0.9180951501994464
          3.2045835927225115
          0.0027065858466630
          2.6750504418291681
          7.4846008029219879
          1.5656500985610657
       1868.1353762416754307
       3193.3531772458495652
          0.0000089679161269
          0.0592418935090758
          0.3801156749138028
          0.0000138726231047
          0.1009055127658650
          0.5650414298649724
          0.0000365387596703
          0.2940982398395646
          1.2807395661543768
          0.0211384524258138
        189.1723070267428000
        314.0450778382447083
1
          2.9633933627729188
          7.6939593693370387
          2.0978928135052493
          5.2394114483599159
          1.4865403476145875
          3.5647818537441540
          0.9324454758409064
          2.1227516412745278
          0.4575051363081392
          0.9812261819704791
          0.1540034207291610
          0.3156666802901555
          0.0104305014832154
          0.0208962364169305
          0.0000480055838566
          0.0000960119140483
          0.9047949553572346
          5.8284789280046860
          5.9576925765346482
          1.2149328027263149
         17.3886289044187414
         16.4419951458398472
          0.8771829253832130
          4.4481482192470745
          4.6524599919410168
          1.4974586201213731
         27.5684481720751862
         25.6210651305514538
          0.6365558142148136
          4.2401125439596763
          4.2161473634225510
          0.8250724244081977
         12.7282344940405494
         11.6792090711419121
          0.6202397484706008
          3.1431196810176285
          3.2441906020256353
          0.9972729688573684
         20.1193635811793676
         18.1703140174643636
          0.4327936672231886
          7.5875557586684126
          6.6292860862056342
          0.5066968102877358
         11.9278582811659160
         10.2822183895139219
          0.1822219726553184
          3.8114727652636287
          3.1248879753889489
          0.2051405755148852
          5.9456700707045336
          4.8249877300155930
          0.2990815135875872
         15.1612082034048736
         12.3730873323473638
         40.3248693576741388
       9472.4364489452455018
       7966.4474871493484898
          0.0559962207249899
          1.5030557835406151
          1.1348716425907051
          0.0603856929859128
          2.3216493925763326
          1.7416712874584610
          0.0783203661192640
          5.7247766169858387
          4.3592608474926990
          7.5019603322738488
       2736.6099895799075057
       2318.9422536739029965
          0.0059034676155807
          0.2613508125477315
          0.1721122561756917
          0.0060710664951602
          0.3981873245082828
          0.2617024242504991
          0.0067536393008469
          0.9383518454477431
          0.6297688600050176
          0.2809399041280888
        271.8589410928212260
        231.0986423204638527
1
          2.9633933627729192
          7.6939593693370343
          2.0978928135052493
          5.2394114483599150
          1.4865403476145875
          3.5647818537441545
          0.9324454758409064
          2.1227516412745269
          0.4575051363081392
          0.9812261819704792
          0.1540034207291610
          0.3156666802901555
          0.0104305014832154
          0.0208962364169305
          0.0000480055838566
          0.0000960119140483
          0.9047949553572349
          5.8284789280046816
          5.9576925765346687
          1.2149328027263149
         17.3886289044187201
         16.4419951458398721
          0.8771829253832131
          4.4481482192470780
          4.6524599919410150
          1.4974586201213740
         27.5684481720751862
         25.6210651305514396
          0.6365558142148137
          4.2401125439596781
          4.2161473634225644
          0.8250724244081977
         12.7282344940405494
         11.6792090711419121
          0.6202397484706007
          3.1431196810176294
          3.2441906020256246
          0.9972729688573688
         20.1193635811793712
         18.1703140174643742
          0.4327936672231885
          7.5875557586684126
          6.6292860862056227
          0.5066968102877358
         11.9278582811659160
         10.2822183895139112
          0.1822219726553184
          3.8114727652636278
          3.1248879753889489
          0.2051405755148853
          5.9456700707045336
          4.8249877300155948
          0.2990815135875874
         15.1612082034048754
         12.3730873323473887
         40.3248693576741815
       9472.4364489452436828
       7966.4474871493457613
          0.0559962207249899
          1.5030557835406149
          1.1348716425907048
          0.0603856929859128
          2.3216493925763300
          1.7416712874584641
          0.0783203661192641
          5.7247766169858405
          4.3592608474926964
          7.5019603322738613
       2736.6099895799084152
       2318.9422536739070893
          0.0059034676155807
          0.2613508125477313
          0.1721122561756915
          0.0060710664951602
          0.3981873245082826
          0.2617024242504985
          0.0067536393008469
          0.9383518454477431
          0.6297688600050165
          0.2809399041280893
        271.8589410928209986
        231.0986423204631990
1
          2.9633933627729192
          7.6939593693370281
          2.0978928135052488
          5.2394114483599141
          1.4865403476145873
          3.5647818537441540
          0.9324454758409064
          2.1227516412745264
          0.4575051363081392
          0.9812261819704793
          0.1540034207291610
          0.3156666802901554
          0.0104305014832154
          0.0208962364169305
          0.0000480055838566
          0.0000960119140483
          0.9047949553572348
          5.8284789280046745
          5.9576925765346651
          1.2149328027263144
         17.3886289044187201
         16.4419951458398401
          0.8771829253832130
          4.4481482192470816
          4.6524599919410159
          1.4974586201213733
         27.5684481720751897
         25.6210651305514432
          0.6365558142148137
          4.2401125439596754
          4.2161473634225590
          0.8250724244081977
         12.7282344940405494
         11.6792090711419156
          0.6202397484706008
          3.1431196810176294
          3.2441906020256241
          0.9972729688573684
         20.1193635811793712
         18.1703140174644204
          0.4327936672231885
          7.5875557586684117
          6.6292860862056227
          0.5066968102877357
         11.9278582811659213
         10.2822183895139219
          0.1822219726553184
          3.8114727652636273
          3.1248879753889489
          0.2051405755148852
          5.9456700707045282
          4.8249877300155912
          0.2990815135875872
         15.1612082034048772
         12.3730873323473869
         40.3248693576741388
       9472.4364489452418638
       7966.4474871493484898
          0.0559962207249899
          1.5030557835406146
          1.1348716425907064
          0.0603856929859128
          2.3216493925763317
          1.7416712874584648
          0.0783203661192640
          5.7247766169858370
          4.3592608474926875
          7.5019603322738497
       2736.6099895799075057
       2318.9422536739093630
          0.0059034676155807
          0.2613508125477312
          0.1721122561756916
          0.0060710664951602
          0.3981873245082825
          0.2617024242504973
          0.0067536393008469
          0.9383518454477435
          0.6297688600050165
          0.2809399041280889
        271.8589410928209986
        231.0986423204633411
