-11.13883311
  in kB    -127.18768  -127.18768  -127.18768    -0.00000    -0.00000     0.00000
 POSITION                                       TOTAL-FORCE (eV/Angst)
 -----------------------------------------------------------------------------------
      0.00000      0.00000      0.00000         0.000000      0.000000      0.000000
      0.00000      2.22398      2.22398         0.000000      0.000000      0.000000
      2.22398      2.22398      0.00000         0.000000      0.000000      0.000000
      2.22398      0.00000      2.22398         0.000000      0.000000      0.000000
 -----------------------------------------------------------------------------------
    total drift:                               -0.000000     -0.000000     -0.000000
