-9.53564139
  in kB    -120.56491  -120.56491  -120.56491    -0.00000    -0.00000     0.00000
 POSITION                                       TOTAL-FORCE (eV/Angst)
 -----------------------------------------------------------------------------------
      0.00000      0.00000      0.00000         0.000000      0.000000      0.000000
      0.00000      2.38572      2.38572         0.000000      0.000000      0.000000
      2.38572      2.38572      0.00000         0.000000      0.000000      0.000000
      2.38572      0.00000      2.38572         0.000000      0.000000      0.000000
 -----------------------------------------------------------------------------------
    total drift:                                0.000000      0.000000      0.000000
