-13.66146113
  in kB     -19.49678   173.96166    -5.26635    46.60944     7.15353    29.43046
 POSITION                                       TOTAL-FORCE (eV/Angst)
 -----------------------------------------------------------------------------------
     -0.01663      0.52176     -1.03897        -0.528667     -0.460803      0.498630
      3.17286      2.00515     -4.61151         0.070683     -0.847300     -0.428778
      1.75187      1.66735     -1.89600         0.014352      0.561145      0.253345
      1.73528      3.63249     -3.35570         0.443632      0.746958     -0.323198
 -----------------------------------------------------------------------------------
    total drift:                               -0.003868     -0.004184      0.001804
