-12.28394851
  in kB       3.83738     3.83738     3.83738     0.00000     0.00000    -0.00000
 POSITION                                       TOTAL-FORCE (eV/Angst)
 -----------------------------------------------------------------------------------
      0.00000      0.00000      0.00000         0.000000      0.000000      0.000000
      0.00000      2.02180      2.02180         0.000000      0.000000      0.000000
      2.02180      2.02180      0.00000         0.000000      0.000000      0.000000
      2.02180      0.00000      2.02180         0.000000      0.000000      0.000000
 -----------------------------------------------------------------------------------
    total drift:                                0.000000      0.000000     -0.000000
