-10.48972638
  in kB    -129.81462  -129.81462  -129.81462     0.00000     0.00000    -0.00000
 POSITION                                       TOTAL-FORCE (eV/Angst)
 -----------------------------------------------------------------------------------
      0.00000      0.00000      0.00000         0.000000      0.000000      0.000000
      0.00000      2.29137      2.29137         0.000000      0.000000      0.000000
      2.29137      2.29137      0.00000         0.000000      0.000000      0.000000
      2.29137      0.00000      2.29137         0.000000      0.000000      0.000000
 -----------------------------------------------------------------------------------
    total drift:                                0.000000      0.000000      0.000000
