-12.11464669
  in kB     -18.09034   -28.59337   -27.64952    17.19438   -36.41761   -27.25857
 POSITION                                       TOTAL-FORCE (eV/Angst)
 -----------------------------------------------------------------------------------
      3.11106     -1.36897      1.59037         0.148022      0.732808     -0.124354
      3.71150     -2.68456      3.58322        -1.216208     -0.412162      0.524903
      0.34419     -0.72235      3.24038         0.278965      1.191197     -0.686281
      1.28427     -2.98931      2.10230         0.789221     -1.511843      0.285732
 -----------------------------------------------------------------------------------
    total drift:                               -0.004735      0.005901      0.001723
