-0.02083362
  in kB    2490.52532  2490.52532  2490.52532    -0.00000     0.00000    -0.00000
 POSITION                                       TOTAL-FORCE (eV/Angst)
 -----------------------------------------------------------------------------------
      0.00000      0.00000      0.00000         0.000000      0.000000      0.000000
      0.00000      1.68483      1.68483         0.000000      0.000000      0.000000
      1.68483      1.68483      0.00000         0.000000      0.000000      0.000000
      1.68483      0.00000      1.68483         0.000000      0.000000      0.000000
 -----------------------------------------------------------------------------------
    total drift:                                0.000000      0.000000      0.000000
