-11.70890812
  in kB    -110.01571  -110.01571  -110.01571     0.00000     0.00000    -0.00000
 POSITION                                       TOTAL-FORCE (eV/Angst)
 -----------------------------------------------------------------------------------
      0.00000      0.00000      0.00000         0.000000      0.000000      0.000000
      0.00000      2.15659      2.15659         0.000000      0.000000      0.000000
      2.15659      2.15659      0.00000         0.000000      0.000000      0.000000
      2.15659      0.00000      2.15659         0.000000      0.000000      0.000000
 -----------------------------------------------------------------------------------
    total drift:                               -0.000000     -0.000000     -0.000000
