-7.99155285
  in kB     991.74831   991.74831   991.74831     0.00000     0.00000     0.00000
 POSITION                                       TOTAL-FORCE (eV/Angst)
 -----------------------------------------------------------------------------------
      0.00000      0.00000      0.00000         0.000000      0.000000      0.000000
      0.00000      1.79266      1.79266         0.000000      0.000000      0.000000
      1.79266      1.79266      0.00000         0.000000      0.000000      0.000000
      1.79266      0.00000      1.79266         0.000000      0.000000      0.000000
 -----------------------------------------------------------------------------------
    total drift:                                0.000000      0.000000      0.000000
