-7.30879262
  in kB    1128.24960  1128.24960  1128.24960     0.00000     0.00000    -0.00000
 POSITION                                       TOTAL-FORCE (eV/Angst)
 -----------------------------------------------------------------------------------
      0.00000      0.00000      0.00000         0.000000      0.000000      0.000000
      0.00000      1.77918      1.77918         0.000000      0.000000      0.000000
      1.77918      1.77918      0.00000         0.000000      0.000000      0.000000
      1.77918      0.00000      1.77918         0.000000      0.000000      0.000000
 -----------------------------------------------------------------------------------
    total drift:                                0.000000      0.000000      0.000000
