-24.86734634
  in kB      77.49731   150.35040   143.61546     0.93685    28.88689   -69.12534
 POSITION                                       TOTAL-FORCE (eV/Angst)
 -----------------------------------------------------------------------------------
      1.96384     -3.20286      3.19696         0.353202     -0.588243      0.560152
      3.12454     -2.26568      1.41056         0.278045     -1.278825     -1.419334
      2.57738     -0.86243      2.88438        -1.170339      2.788683      1.484743
      0.12285     -1.76906      2.47422         0.065592      0.140414     -0.054220
      0.82982     -3.25827      0.77534         0.131040     -0.604497     -0.839662
      1.01855     -0.89025      0.44862        -0.086643      0.463833     -0.295480
     -0.27980     -4.35327      2.61035         0.429102     -0.921365      0.563802
 -----------------------------------------------------------------------------------
    total drift:                               -0.008158      0.008519     -0.020869
