-13.00329857
  in kB     343.60955   255.46802   407.42775   -13.48931    93.93748     6.43738
 POSITION                                       TOTAL-FORCE (eV/Angst)
 -----------------------------------------------------------------------------------
     -0.30633      0.91334     -1.57915         1.532619      0.477193     -0.811230
      0.23123      3.32637     -2.15402         0.178287      0.065395     -0.523971
      1.85483      1.90343     -2.69731        -0.332811     -1.512510      0.898164
      1.27367      3.68955     -5.34039        -1.378095      0.969922      0.437038
 -----------------------------------------------------------------------------------
    total drift:                                0.005213      0.001684     -0.006695
