1  82   4   1   4   -7.704024   0.000000
  0 
./DATA/2947/108/M021/
0
          1.4642881755559576
          2.1504254867155721
          0.9400546914988439
          1.4071974521202137
          0.5817347121429477
          0.8977412416906188
          0.2888693010368925
          0.4743296576920782
          0.0937479027045395
          0.1772830094869724
          0.0167820413158764
          0.0428091188686278
          0.0002974029982093
          0.0018850171045979
          0.0000001453031557
          0.0000057271465726
          0.1284099086488219
          0.5461620395719312
          0.2287079170524234
          0.3811547387784971
          1.4755714714013621
          0.5800783013437069
          0.0677863151723792
          0.3478447623906945
          0.1484407436362785
          0.5732759754317296
          2.2066636260495565
          0.8511815122188455
          0.0862686184404460
          0.3576695248815054
          0.1457617700014401
          0.2560836908780795
          0.9628674801323377
          0.3703958938747057
          0.0455235558135186
          0.2271581537994722
          0.0939096737586009
          0.3851537006887857
          1.4375540643011369
          0.5431779215051320
          0.1290813528249620
          0.4652848871616464
          0.1722182742415246
          0.1941350281441592
          0.6924266917314437
          0.2523753414291490
          0.0495091646333453
          0.1709790281733983
          0.0597906711947094
          0.0744589929620996
          0.2531091048849723
          0.0875840008099332
          0.1710028495695155
          0.5842257741530255
          0.1938205973952247
         35.2406428030855352
        206.2318137713226349
         37.4872127575210712
          0.0126031073098750
          0.0421897629290428
          0.0135070950220249
          0.0189541334174865
          0.0619050668641182
          0.0197928131488076
          0.0435272007074136
          0.1402926781162151
          0.0436589944595100
          8.9607664503840532
         45.9185024317124828
          7.9084562798031932
          0.0008173752189784
          0.0028149657670440
          0.0007322430372224
          0.0012292644021413
          0.0040448119254524
          0.0010760125430732
          0.0028228536918521
          0.0087885481718330
          0.0023741797946160
          0.5808439686032587
          2.4621890999157467
          0.4054411361505397
0
          1.4642881755559576
          2.2212256979671992
          0.9400546914988439
          1.4108380589104834
          0.5817347121429477
          0.8695969196906257
          0.2888693010368925
          0.4341461444595645
          0.0937479027045395
          0.1447154335242501
          0.0167820413158764
          0.0275117802413622
          0.0002974029982093
          0.0005712409758086
          0.0000001453031557
          0.0000003960598631
          0.1284099086488219
          0.5045821655372500
          0.2645124068426631
          0.3811547387784971
          1.4670502752036478
          0.7889266515091623
          0.0677863151723792
          0.3086583735733224
          0.1410501872906734
          0.5732759754317296
          2.2335945929061181
          1.1898786766236713
          0.0862686184404460
          0.3273907460025000
          0.1719091565197587
          0.2560836908780795
          0.9586440392660319
          0.5078143844574070
          0.0455235558135186
          0.1982166100777136
          0.0921516144776092
          0.3851537006887856
          1.4607231966047787
          0.7639620703529060
          0.1290813528249620
          0.4658605147942260
          0.2394299449129958
          0.1941350281441592
          0.7111122803174856
          0.3586795252778872
          0.0495091646333453
          0.1735728669865481
          0.0847548048008644
          0.0744589929620996
          0.2657959745459663
          0.1262602445767486
          0.1710028495695155
          0.6499121499910264
          0.2855908000233820
         35.2406428030855281
        261.5290091797396030
         60.0471203130393576
          0.0126031073098750
          0.0440710482301916
          0.0196711734026133
          0.0189541334174865
          0.0678637172261503
          0.0290937393353333
          0.0435272007074136
          0.1669438575441605
          0.0648491134091135
          8.9607664503840532
         65.1531277363303332
         12.5398789515180820
          0.0008173752189784
          0.0031538677091280
          0.0011226828899744
          0.0012292644021413
          0.0049175183265639
          0.0016408139360636
          0.0028228536918521
          0.0123035778398031
          0.0035697043026439
          0.5808439686032587
          4.7348160784783415
          0.5980737434334792
1
          2.1309787220597247
          1.4212719121137178
          1.3729711563322569
          0.8783750160311680
          0.8544622204801322
          0.5197531217769077
          0.4289866483821247
          0.2401040639588785
          0.1425444987936604
          0.0682337027840686
          0.0267806350017090
          0.0096499257230396
          0.0005515810114607
          0.0000915294176308
          0.0000003890873694
          0.0000000138970804
          0.2184945886410257
          0.4623284383745451
          0.0937186069750075
          0.5890520839103230
          1.4697162840601636
          0.2791533051602049
          0.1359054986471052
          0.2519317594209660
          0.0486671088452043
          0.8770204891856996
          2.2667074507922025
          0.4195365052155990
          0.1399740698631117
          0.2974288933576407
          0.0601101110244278
          0.3772481600094650
          0.9518225360953289
          0.1791185128611542
          0.0864869427514769
          0.1606639188592452
          0.0311374420328110
          0.5610351230441833
          1.4694512043346217
          0.2691542457062638
          0.1762262101104204
          0.4530828072659750
          0.0836599357137999
          0.2615627500067164
          0.7006389908412247
          0.1256865894402992
          0.0615391558173526
          0.1622397405598710
          0.0289847654881894
          0.0910774629721060
          0.2514195021115802
          0.0435367298071030
          0.2072747442803893
          0.6197317361738678
          0.0990391533506148
         63.8083828410966092
        233.8327805163735604
         17.1414996272617692
          0.0140073249011129
          0.0381580042566304
          0.0064228716949405
          0.0206389976387605
          0.0592910210290776
          0.0096459473631716
          0.0464076880929348
          0.1465325278200671
          0.0219220125551669
         12.9809325884833910
         53.9967225129262260
          3.7333174072481699
          0.0007715620981594
          0.0022189891096269
          0.0003192154126704
          0.0011253174427772
          0.0034623931643329
          0.0004793416333164
          0.0024700201886498
          0.0085975574433748
          0.0010885779097885
          0.5877600505419233
          3.0964970534439802
          0.1830467635453437
1
          2.2406724626230470
          1.4212719121137178
          1.4450643546984401
          0.8783750160311681
          0.9128759409011121
          0.5197531217769078
          0.4794891537695177
          0.2401040639588786
          0.1794539442175622
          0.0682337027840686
          0.0435402641082810
          0.0096499257230396
          0.0019046770689458
          0.0000915294176308
          0.0000057341190663
          0.0000000138970804
          0.2647162323512795
          0.4734804081376454
          0.0937186069750075
          0.9244200709544675
          1.3189254229235579
          0.2791533051602048
          0.1228793895581202
          0.3044905131075292
          0.0486671088452043
          1.4422870667644965
          1.9953805426793547
          0.4195365052155990
          0.1754137918864321
          0.3020464703052916
          0.0601101110244278
          0.6106498733821788
          0.8404645099483622
          0.1791185128611542
          0.0813641551130392
          0.1935587144468220
          0.0311374420328110
          0.9518363181045321
          1.2703947937329625
          0.2691542457062638
          0.3022496081134625
          0.3895767663024453
          0.0836599357137999
          0.4704549923908962
          0.5879803743981914
          0.1256865894402992
          0.1154398985658388
          0.1347686882517278
          0.0289847654881894
          0.1794061731774639
          0.2029980550575841
          0.0435367298071030
          0.4360960640072515
          0.4888037860047403
          0.0990391533506148
        104.5161863260087785
        212.8285903186466896
         17.1414996272617692
          0.0303037253453988
          0.0303251540935625
          0.0064228716949405
          0.0470295245364195
          0.0455584051824598
          0.0096459473631716
          0.1138723768258931
          0.1090584929497839
          0.0219220125551669
         25.9001939377876980
         46.0455056625809007
          3.7333174072481699
          0.0023014747295501
          0.0016357312912442
          0.0003192154126704
          0.0035690910525258
          0.0024467148316593
          0.0004793416333164
          0.0086148588679931
          0.0058077902700311
          0.0010885779097885
          1.8432875579860328
          2.3559963443011771
          0.1830467635453437
   0    4 -0.079731  0.430768  0.181908 
          0.0393104856208569           0.1659429339370472          -0.0503746094910601
          0.0245103372557503           0.0533381887413824          -0.0756477501000517
          0.0374389941968691           0.2305569792707240          -0.0618360143217475
         -0.0041503168433701          -0.0032234447741340          -0.0310620501266458
          0.0347514573826768           0.2368107257654325          -0.0535601958694297
         -0.0429928599068164          -0.0199881415852966           0.0093285121599194
          0.0280495639497554           0.1954653647704466          -0.0333823381222277
         -0.0819591852504721          -0.0133670805513729           0.0384876363825798
          0.0156803571125024           0.1110797469499698          -0.0105487502334926
         -0.0931700523423181           0.0050964876740156           0.0379787522849726
          0.0045384840441731           0.0352841879897362           0.0000324454966785
         -0.0588280024651050           0.0110354751834278           0.0156874065222269
          0.0001258543597147           0.0013629144506982           0.0002161526870244
         -0.0073461185716520           0.0019610435452043           0.0007820903334698
          0.0000000847666534           0.0000013532656000           0.0000003694871653
         -0.0000469292673105           0.0000132932665118           0.0000027720741315
          0.0240341694702342           0.1295503540666002          -0.0280329043708582
         -0.0449494383795844           0.2770079044750551           0.0095060047737990
         -0.0055223326798682          -0.0050341382203681          -0.0360024826384557
          0.0477342257700986           0.1988988136377724          -0.0905488628954620
          0.0942815545147557           0.3388831558034978          -0.2518467744511759
         -0.0617097456610223           0.1301660926063425          -0.0991262917004438
          0.0163528426564321           0.0963002150611823          -0.0145184971917767
         -0.0861000731227786           0.2645188812861913           0.0438893027667039
         -0.0009502308149844          -0.0359565529167180           0.0008729942317062
          0.0637529552561609           0.2349971342035267          -0.1395504142409845
          0.1923619126659016           0.3882693839430768          -0.4788162556832460
         -0.1133250567772928           0.2344439087367030          -0.1253746238922699
          0.0176542801864190           0.0942025896650741          -0.0205188399727299
         -0.0361612497088619           0.2063882154658096           0.0117101805699920
         -0.0074514642407719          -0.0034508583340030          -0.0248720008335268
          0.0371638083841954           0.1524747906306975          -0.0690557171190512
          0.0596039841348390           0.2662171594297199          -0.1828646075435532
         -0.0487820163139780           0.0831902974148979          -0.0718332820131523
          0.0117534430470527           0.0688049764717570          -0.0103690277611909
         -0.0637501988429101           0.1921404548624237           0.0361195680626281
         -0.0030420116824487          -0.0231081714587588           0.0000555602073805
          0.0507724994426056           0.1853493784030039          -0.1074427820538336
          0.1277802688444919           0.3117983427902442          -0.3530300081644623
         -0.0857031158288611           0.1501741400390430          -0.0938670021518705
          0.0229225682440376           0.0929574223635495          -0.0416169837473383
          0.0259087908538523           0.1695876734500409          -0.1003059205130275
         -0.0320532552948028           0.0395721296181685          -0.0403029931363695
          0.0321053011189654           0.1168612565926311          -0.0654874376080694
          0.0619678291180774           0.2037393355147845          -0.1991875027049312
         -0.0532958580083029           0.0714408097121676          -0.0546807854217376
          0.0109189509141814           0.0441547033812296          -0.0194470725309200
          0.0070946572759090           0.0858971384311027          -0.0400704705867923
         -0.0170036715263602           0.0148321606259774          -0.0174831117189423
          0.0156099118125636           0.0571768614670443          -0.0309129165722716
          0.0217314374079157           0.1053795997978674          -0.0834121605218805
         -0.0270119397182501           0.0265817078385875          -0.0244557487303416
          0.0329144149180688           0.0945714837556819          -0.0788304207319746
          0.0729615511672674           0.1746284522040656          -0.2821800125607800
         -0.0664477186948056           0.0746175563550062          -0.0424226533019495
          2.4720981908015869          -2.0022073143029591         -11.2514211874387797
         -8.1078792089054961          34.5663488164184187         -58.7351976437319507
         -9.5362113480998101          12.8633623904052588          13.9084617399300541
          0.0035206860281627           0.0142923666333448          -0.0061734066121413
          0.0004730804259211           0.0306493853837414          -0.0094831768852093
         -0.0062940118006851           0.0040207176767413          -0.0051856545250660
          0.0051191382129899           0.0189863691865197          -0.0099017511768803
          0.0045061800745785           0.0381804664163071          -0.0217677032369664
         -0.0096857368001907           0.0070615543589356          -0.0074120441061499
          0.0111831258875576           0.0335388373636040          -0.0257287156820795
          0.0189579980239744           0.0641732806666527          -0.0805102726018418
         -0.0227729166317547           0.0194665942529109          -0.0140266392908581
          1.5067146826308633           0.7951273150257808          -5.4321464559161194
         -2.0379586326416139           9.8085276034442135         -31.6007293653025521
         -3.2650662295822785           3.0702653004723364           2.1816433522403846
          0.0003219475447636           0.0013196972827224          -0.0005556115682996
         -0.0002269958191229           0.0035265871852710          -0.0002365530742343
         -0.0006951074047492           0.0003505479264678          -0.0004444289999099
          0.0004764365927012           0.0018012232565991          -0.0009000680715918
          0.0000917932829212           0.0044353780085474          -0.0010567243978538
         -0.0010470740335844           0.0005891644644517          -0.0006435671714906
          0.0010776107101545           0.0033899512538374          -0.0023867505095867
          0.0012979227160765           0.0074508643235127          -0.0053399362277493
         -0.0023844352746383           0.0015576958310068          -0.0013033672980409
          0.2054391243489002           0.2140190418892644          -0.6770985502392511
         -0.1746786213569436           0.7343196568561686          -3.6728867782836603
         -0.3521865501940764           0.2413344371528623           0.0156464370805828
   3
         -0.0266359112574196           0.1686749235217466          -0.1223707899681771
          0.0000000000000000           0.0000000000000000           0.0000000000000000
         -0.0731615754779225           0.1544496447137158          -0.0853895871849807
          0.0000000000000000           0.0000000000000000           0.0000000000000000
         -0.1099390247436424           0.1343207693481369          -0.0473513234021778
          0.0000000000000000           0.0000000000000000           0.0000000000000000
         -0.1323897628659761           0.1036353126182277          -0.0114543202354944
          0.0000000000000000           0.0000000000000000           0.0000000000000000
         -0.1177053999552550           0.0623801654108209           0.0077644339086780
          0.0000000000000000           0.0000000000000000           0.0000000000000000
         -0.0648577259019724           0.0252958833036727           0.0062251112475509
          0.0000000000000000           0.0000000000000000           0.0000000000000000
         -0.0074671542645367           0.0022588453438764           0.0005155837810390
          0.0000000000000000           0.0000000000000000           0.0000000000000000
         -0.0000469651681818           0.0000133851024023           0.0000026739975416
          0.0000000000000000           0.0000000000000000           0.0000000000000000
         -0.0165378854280222           0.0346810526532479          -0.0647239322520319
         -0.0896746019254924           0.1268773440272198          -0.0466314022226906
          0.0000000000000000           0.0000000000000000           0.0000000000000000
          0.0632839858379153           0.5155798426017800          -0.1418267286468840
         -0.0905439061890618           0.1631924725716369          -0.2246184055942405
          0.0000000000000000           0.0000000000000000           0.0000000000000000
         -0.0259908175128698          -0.0165658924732423          -0.0462831655890605
         -0.1123139622232710           0.1038381935162322           0.0219656895814833
          0.0000000000000000           0.0000000000000000           0.0000000000000000
          0.1336529250190054           0.9452316874238217          -0.2004887583787648
         -0.1140525707504100           0.1764684506050663          -0.3340083171616165
          0.0000000000000000           0.0000000000000000           0.0000000000000000
         -0.0144399135757489           0.0328709966369496          -0.0449019564215703
         -0.0663560751826589           0.0857636808057399          -0.0367535034960591
          0.0000000000000000           0.0000000000000000           0.0000000000000000
          0.0384298633500595           0.3868585764329195          -0.0931406253241716
         -0.0772663163518352           0.1133149250827688          -0.1610037259944285
          0.0000000000000000           0.0000000000000000           0.0000000000000000
         -0.0198849951757515          -0.0078486039358255          -0.0324646961119313
         -0.0785968794385709           0.0697661916220698           0.0094040175779120
          0.0000000000000000           0.0000000000000000           0.0000000000000000
          0.0858545586758654           0.7001265556561148          -0.1289420339171340
         -0.1004173617769233           0.1248686801761279          -0.2390964274188267
          0.0000000000000000           0.0000000000000000           0.0000000000000000
          0.0144285390268794           0.2325188578380428          -0.0419611003724631
         -0.0541751637436881           0.0605045773872843          -0.0894892277908341
          0.0000000000000000           0.0000000000000000           0.0000000000000000
          0.0375078434460861           0.4133748951396146          -0.0550806507688210
         -0.0726922670189096           0.0684185296243726          -0.1327036605750269
          0.0000000000000000           0.0000000000000000           0.0000000000000000
          0.0018010184032341           0.1118326843110122          -0.0110418409891427
         -0.0295008348730321           0.0251570054263867          -0.0386060826277569
          0.0000000000000000           0.0000000000000000           0.0000000000000000
          0.0095119649881926           0.1951498486486802          -0.0120678391423138
         -0.0405299440235326           0.0291812157653286          -0.0571998581537998
          0.0000000000000000           0.0000000000000000           0.0000000000000000
          0.0492447412440742           0.5795795647083082          -0.0125202737395721
         -0.1036128982348586           0.0361989960597790          -0.1136807786980221
          0.0000000000000000           0.0000000000000000           0.0000000000000000
         23.2575311844292614         281.6560243871963962         -21.4030878084082055
       -179.9144294722819382           5.7572862069261639          49.4698592277463760
          0.0000000000000000           0.0000000000000000           0.0000000000000000
         -0.0014550690966193           0.0384229542046132           0.0001920952394779
         -0.0108391132793040           0.0071683390951194          -0.0113583810491531
          0.0000000000000000           0.0000000000000000           0.0000000000000000
         -0.0002387864548248           0.0657965401174072           0.0020576956334806
         -0.0151393190599046           0.0085024436238920          -0.0168287338510789
          0.0000000000000000           0.0000000000000000           0.0000000000000000
          0.0074885924571123           0.1894671097249392           0.0114903462030843
         -0.0371648821407978           0.0117095539698086          -0.0351067185972701
          0.0000000000000000           0.0000000000000000           0.0000000000000000
          6.0292312458711690          82.2270528453615555           1.0669551483620734
        -48.8191260537598524           3.6465621788724585           4.7142455848205120
          0.0000000000000000           0.0000000000000000           0.0000000000000000
         -0.0004956765910165           0.0043540018860527           0.0006802596752893
         -0.0011427764122886           0.0005739352335922          -0.0009395012960057
          0.0000000000000000           0.0000000000000000           0.0000000000000000
         -0.0005969976648340           0.0072838836122094           0.0012384536881205
         -0.0016160245953839           0.0006942237659617          -0.0013935473001963
          0.0000000000000000           0.0000000000000000           0.0000000000000000
         -0.0007300681708856           0.0201594484298616           0.0037435299324304
         -0.0038314845832663           0.0010498324046764          -0.0030716587328242
          0.0000000000000000           0.0000000000000000           0.0000000000000000
          0.3129758931455044           7.5034697287862526           1.1444565390868586
         -3.6454300038146346           0.4372712386491281          -0.5200353745009423
          0.0000000000000000           0.0000000000000000           0.0000000000000000
   0
          0.0000000000000000           0.0000000000000000           0.0000000000000000
          0.0000000000000000           0.0000000000000000           0.0000000000000000
          0.0000000000000000           0.0000000000000000           0.0000000000000000
          0.0000000000000000           0.0000000000000000           0.0000000000000000
          0.0000000000000000           0.0000000000000000           0.0000000000000000
          0.0000000000000000           0.0000000000000000           0.0000000000000000
          0.0000000000000000           0.0000000000000000           0.0000000000000000
          0.0000000000000000           0.0000000000000000           0.0000000000000000
          0.0000000000000000           0.0000000000000000           0.0000000000000000
          0.0000000000000000           0.0000000000000000           0.0000000000000000
          0.0000000000000000           0.0000000000000000           0.0000000000000000
          0.0000000000000000           0.0000000000000000           0.0000000000000000
          0.0000000000000000           0.0000000000000000           0.0000000000000000
          0.0000000000000000           0.0000000000000000           0.0000000000000000
          0.0000000000000000           0.0000000000000000           0.0000000000000000
          0.0000000000000000           0.0000000000000000           0.0000000000000000
          0.0033004257627806          -0.0022055075574645          -0.0161402712371156
          0.0086890547335258          -0.0107524228044618          -0.0597325433430525
          0.0000000000000000           0.0000000000000000           0.0000000000000000
          0.0325837718573858           0.1664300914096507          -0.0431506123960445
         -0.0167183756224671          -0.0569347160100242          -0.0143485742497635
          0.0000000000000000           0.0000000000000000           0.0000000000000000
         -0.0008591421662990          -0.0177543216728406          -0.0079258265498244
         -0.0017600377540144           0.0026493088555843          -0.0374018287346659
          0.0000000000000000           0.0000000000000000           0.0000000000000000
          0.0577075500229114           0.3195168762613899          -0.0619465088676821
         -0.0525748984660002          -0.0897152775555406           0.0533661094519119
          0.0000000000000000           0.0000000000000000           0.0000000000000000
          0.0032211486861035           0.0012055811456150          -0.0129205458493618
          0.0074400394823552          -0.0107805171532831          -0.0458069754201377
          0.0000000000000000           0.0000000000000000           0.0000000000000000
          0.0241878955992036           0.1221331090022708          -0.0318667326965288
         -0.0159233070779971          -0.0428456547639164          -0.0113276253055855
          0.0000000000000000           0.0000000000000000           0.0000000000000000
          0.0000495434926982          -0.0107461048126235          -0.0067707900273289
          0.0012924369529746          -0.0010830750753199          -0.0308380322257728
          0.0000000000000000           0.0000000000000000           0.0000000000000000
          0.0419830373188984           0.2311089509006881          -0.0446631637216631
         -0.0454342561677299          -0.0652133502965866           0.0381206680033313
          0.0000000000000000           0.0000000000000000           0.0000000000000000
          0.0141007010785818           0.0704055777233657          -0.0184591744441167
         -0.0127826528048622          -0.0249064649423973          -0.0072273767524251
          0.0000000000000000           0.0000000000000000           0.0000000000000000
          0.0238432533356328           0.1306032258137079          -0.0250518645256242
         -0.0324715098991809          -0.0362392273272691           0.0207582284610992
          0.0000000000000000           0.0000000000000000           0.0000000000000000
          0.0063882582077218           0.0316879272972511          -0.0083149323903896
         -0.0078721566599330          -0.0108562237380699          -0.0036374132144349
          0.0000000000000000           0.0000000000000000           0.0000000000000000
          0.0105286173559097           0.0575761445178336          -0.0109190759112156
         -0.0180500567276043          -0.0150700454083349           0.0084742594078296
          0.0000000000000000           0.0000000000000000           0.0000000000000000
          0.0284528017636473           0.1805989412297631          -0.0165791769798994
         -0.0775516096148428          -0.0260860224832986           0.0850881912677720
          0.0000000000000000           0.0000000000000000           0.0000000000000000
         11.3420398592037515         101.0673502042097027           8.2837294750772053
       -156.7867555116656035          34.6949505270777507          81.4226516561223548
          0.0000000000000000           0.0000000000000000           0.0000000000000000
          0.0019707794876411           0.0097521560164921          -0.0025525059829274
         -0.0032169353773006          -0.0030439478897974          -0.0012669288942195
          0.0000000000000000           0.0000000000000000           0.0000000000000000
          0.0031686621032887           0.0173522354282155          -0.0032429123522677
         -0.0067617280755161          -0.0040020935746804           0.0022089325378340
          0.0000000000000000           0.0000000000000000           0.0000000000000000
          0.0082049391436436           0.0528941227199470          -0.0043057293707525
         -0.0262812548046376          -0.0058606486996149           0.0242462074663599
          0.0000000000000000           0.0000000000000000           0.0000000000000000
          2.8279632990718713          27.8531913095901800           3.4477070865335140
        -43.2124324672635041          10.5897341980672302          25.6306836641337412
          0.0000000000000000           0.0000000000000000           0.0000000000000000
          0.0001715936175791           0.0008496756680582          -0.0002210855489138
         -0.0003769173994158          -0.0002028086365395          -0.0001309876481745
          0.0000000000000000           0.0000000000000000           0.0000000000000000
          0.0002677317623247           0.0014729031155434          -0.0002694604201817
         -0.0007254986969905          -0.0002395447963214           0.0001290481949880
          0.0000000000000000           0.0000000000000000           0.0000000000000000
          0.0006548475588993           0.0043229498361811          -0.0002896578201031
         -0.0025301975434306          -0.0002018599411070           0.0018068770294748
          0.0000000000000000           0.0000000000000000           0.0000000000000000
          0.1748650698464744           2.0795061552633962           0.3969772276738893
         -3.2529463565397525           0.9242663935885783           2.1919248572809735
          0.0000000000000000           0.0000000000000000           0.0000000000000000
   1
          0.0393104856208569           0.1659429339370472          -0.0503746094910600
          0.0000000000000000           0.0000000000000000           0.0000000000000000
          0.0374389941968691           0.2305569792707240          -0.0618360143217475
          0.0000000000000000           0.0000000000000000           0.0000000000000000
          0.0347514573826768           0.2368107257654325          -0.0535601958694297
          0.0000000000000000           0.0000000000000000           0.0000000000000000
          0.0280495639497554           0.1954653647704466          -0.0333823381222277
          0.0000000000000000           0.0000000000000000           0.0000000000000000
          0.0156803571125024           0.1110797469499698          -0.0105487502334926
          0.0000000000000000           0.0000000000000000           0.0000000000000000
          0.0045384840441731           0.0352841879897362           0.0000324454966785
          0.0000000000000000           0.0000000000000000           0.0000000000000000
          0.0001258543597147           0.0013629144506982           0.0002161526870244
          0.0000000000000000           0.0000000000000000           0.0000000000000000
          0.0000000847666534           0.0000013532656000           0.0000003694871653
          0.0000000000000000           0.0000000000000000           0.0000000000000000
          0.0273345952330148           0.1273448465091357          -0.0441731756079738
          0.0418511155812254           0.2784293014955427          -0.0763444335629101
          0.0000000000000000           0.0000000000000000           0.0000000000000000
          0.0803179976274844           0.3653289050474230          -0.1336994752915065
          0.0155103214428871           0.4051488975974963          -0.0919152185216509
          0.0000000000000000           0.0000000000000000           0.0000000000000000
          0.0154937004901331           0.0785458933883418          -0.0224443237416012
          0.0208738836539428           0.2416510511022341          -0.0460146534090719
          0.0000000000000000           0.0000000000000000           0.0000000000000000
          0.1214605052790723           0.5545140104649166          -0.2014969231086664
         -0.0318077046227337           0.4950902433061412          -0.0771562233265535
          0.0000000000000000           0.0000000000000000           0.0000000000000000
          0.0208754288725225           0.0954081708106891          -0.0334393858220917
          0.0294833540120567           0.2009964250702642          -0.0535223463180862
          0.0000000000000000           0.0000000000000000           0.0000000000000000
          0.0613517039833990           0.2746078996329683          -0.1009224498155800
          0.0024426480095622           0.3252351217424648          -0.0604974799297519
          0.0000000000000000           0.0000000000000000           0.0000000000000000
          0.0118029865397509           0.0580588716591335          -0.0171398177885199
          0.0151869226054468           0.1679685850279334          -0.0341486014014054
          0.0000000000000000           0.0000000000000000           0.0000000000000000
          0.0927555367615040           0.4164583293036920          -0.1521059457754967
         -0.0388944893995423           0.4164459783723347          -0.0480988686247370
          0.0000000000000000           0.0000000000000000           0.0000000000000000
          0.0370232693226193           0.1633630000869152          -0.0600761581914550
         -0.0059775289405089           0.2117533441560460          -0.0262208465503360
          0.0000000000000000           0.0000000000000000           0.0000000000000000
          0.0559485544545982           0.2474644824063389          -0.0905393021336936
         -0.0354201631262633           0.2855621671244983          -0.0162233549063571
          0.0000000000000000           0.0000000000000000           0.0000000000000000
          0.0173072091219032           0.0758426306784807          -0.0277620049213096
         -0.0065707917565887           0.1087808097384419          -0.0053305684431904
          0.0000000000000000           0.0000000000000000           0.0000000000000000
          0.0261385291684732           0.1147530059848779          -0.0418319924834872
         -0.0229302237189960           0.1532141368702575           0.0017505942279636
          0.0000000000000000           0.0000000000000000           0.0000000000000000
          0.0613672166817161           0.2751704249854451          -0.0954095977118740
         -0.1352024106157496           0.3278504977458825           0.0468713726310310
          0.0000000000000000           0.0000000000000000           0.0000000000000000
         13.8141380500053366          99.0651428899067383          -2.9676917123615887
       -338.0934414269205490         124.4996950096332569          50.2752902700591378
          0.0000000000000000           0.0000000000000000           0.0000000000000000
          0.0054914655158038           0.0240445226498369          -0.0087259125950687
         -0.0035994965435205           0.0390849048300123           0.0015654654916892
          0.0000000000000000           0.0000000000000000           0.0000000000000000
          0.0082878003162786           0.0363386046147352          -0.0131446635291481
         -0.0099892847686585           0.0571192864095023           0.0051747509251406
          0.0000000000000000           0.0000000000000000           0.0000000000000000
          0.0193880650312013           0.0864329600835510          -0.0300344450528319
         -0.0511505716837361           0.1300710313020745           0.0237785861508009
          0.0000000000000000           0.0000000000000000           0.0000000000000000
          4.3346779817027361          28.6483186246159605          -1.9844393693826099
       -105.1227459291472996          51.3630810787043686          14.2494945333446896
          0.0000000000000000           0.0000000000000000           0.0000000000000000
          0.0004935411623427           0.0021693729507806          -0.0007766971172134
         -0.0006432660204130           0.0045091009764853           0.0007697205939228
          0.0000000000000000           0.0000000000000000           0.0000000000000000
          0.0007441683550260           0.0032741263721425          -0.0011695284917736
         -0.0014997847895448           0.0068645066631574           0.0013949751860622
          0.0000000000000000           0.0000000000000000           0.0000000000000000
          0.0017324582690539           0.0077129010900185          -0.0026764083296898
         -0.0066102647272781           0.0166639597576568           0.0041899033975001
          0.0000000000000000           0.0000000000000000           0.0000000000000000
          0.3803041941953746           2.2935251971526611          -0.2801213225653616
        -10.5172353878293912           6.8476694248093031           1.6680474519235780
          0.0000000000000000           0.0000000000000000           0.0000000000000000
   2
          0.0511462485131698          -0.1153367347803641           0.0467230398681253
          0.0000000000000000           0.0000000000000000           0.0000000000000000
          0.0690112586345525          -0.1576730894878498           0.0543275370583348
          0.0000000000000000           0.0000000000000000           0.0000000000000000
          0.0669461648368259          -0.1543089109334335           0.0566798355620972
          0.0000000000000000           0.0000000000000000           0.0000000000000000
          0.0504305776155040          -0.1170023931696006           0.0499419566180742
          0.0000000000000000           0.0000000000000000           0.0000000000000000
          0.0245353476129369          -0.0572836777368054           0.0302143183762947
          0.0000000000000000           0.0000000000000000           0.0000000000000000
          0.0060297234368673          -0.0142604081202449           0.0094622952746760
          0.0000000000000000           0.0000000000000000           0.0000000000000000
          0.0001210356928847          -0.0002978017986721           0.0002665065524308
          0.0000000000000000           0.0000000000000000           0.0000000000000000
          0.0000000359008713          -0.0000000918358904           0.0000000980765899
          0.0000000000000000           0.0000000000000000           0.0000000000000000
          0.0303972312069324          -0.0856479620674547           0.0198526092729318
          0.0252827257506584          -0.0248206624688701          -0.0038455905513014
          0.0000000000000000           0.0000000000000000           0.0000000000000000
         -0.0278112154816545           0.1512781270909796          -0.0556427180513928
          0.0204716256821147          -0.0149852453580379           0.0048378496904337
          0.0000000000000000           0.0000000000000000           0.0000000000000000
          0.0494887721779960          -0.1046614281690083           0.0416524800718481
          0.0064030784467456          -0.0155573729942590           0.0031055354087066
          0.0000000000000000           0.0000000000000000           0.0000000000000000
         -0.0669281211991778           0.3691907501478602          -0.1093381745768011
         -0.0032191216903416           0.0041134612274054           0.0204724158921767
          0.0000000000000000           0.0000000000000000           0.0000000000000000
          0.0186341157572763          -0.0530075699335564           0.0102864428202631
          0.0184616732690048          -0.0201706869343604          -0.0016641539686115
          0.0000000000000000           0.0000000000000000           0.0000000000000000
         -0.0191813311056099           0.1058833717592166          -0.0433982880480824
          0.0126937571559896          -0.0194290407923587           0.0060108177657410
          0.0000000000000000           0.0000000000000000           0.0000000000000000
          0.0306976527538822          -0.0660567184671140           0.0251460356546320
          0.0057243684130024          -0.0120442902672469           0.0022302143268793
          0.0000000000000000           0.0000000000000000           0.0000000000000000
         -0.0449332409718903           0.2517251649184321          -0.0822234260820589
         -0.0058114638130279          -0.0105609979832435           0.0175801577955844
          0.0000000000000000           0.0000000000000000           0.0000000000000000
         -0.0100225870510680           0.0574420038180897          -0.0266635970830370
          0.0045869380515778          -0.0157326088506706           0.0052079159281625
          0.0000000000000000           0.0000000000000000           0.0000000000000000
         -0.0225407606043553           0.1308144818586114          -0.0484664321059286
         -0.0073978190990104          -0.0134609718828494           0.0116731731272699
          0.0000000000000000           0.0000000000000000           0.0000000000000000
         -0.0039622993110026           0.0243512453414149          -0.0124844838463424
          0.0001834653281378          -0.0077424845129726           0.0028803593451051
          0.0000000000000000           0.0000000000000000           0.0000000000000000
         -0.0085198495835122           0.0526141820715805          -0.0219229687415345
         -0.0061286418359398          -0.0072082365867739           0.0054516785365001
          0.0000000000000000           0.0000000000000000           0.0000000000000000
         -0.0242821301289875           0.1948192195001632          -0.0581737410277592
         -0.0584766600459101           0.0105679059683271           0.0225396001933070
          0.0000000000000000           0.0000000000000000           0.0000000000000000
          7.9044175384437576         179.0623224952756232          15.8995068251912475
       -246.3839649347303578          82.4040654448287739          71.6852463187587290
          0.0000000000000000           0.0000000000000000           0.0000000000000000
         -0.0010190364251956           0.0070182444053172          -0.0038583691036087
         -0.0007727939506891          -0.0020085932418629           0.0008737287365498
          0.0000000000000000           0.0000000000000000           0.0000000000000000
         -0.0020971262952487           0.0143041261551913          -0.0065906217704964
         -0.0031285548703472          -0.0016611769657260           0.0014388535995025
          0.0000000000000000           0.0000000000000000           0.0000000000000000
         -0.0061106509432866           0.0502917956903610          -0.0173885621883819
         -0.0201187262589479           0.0043447205545960           0.0047543756907675
          0.0000000000000000           0.0000000000000000           0.0000000000000000
          0.5283725038177014          40.8295841622476701           1.8490132257043035
        -63.9269748452895996          23.8958064593186243          13.1688739320426222
          0.0000000000000000           0.0000000000000000           0.0000000000000000
         -0.0000634509601251           0.0005388997130523          -0.0003111563327960
         -0.0001977330731029          -0.0000459996467296           0.0000350709824846
          0.0000000000000000           0.0000000000000000           0.0000000000000000
         -0.0001250984075970           0.0010219159341378          -0.0005177367802423
         -0.0004701094746531           0.0000551574087592           0.0000371657652276
          0.0000000000000000           0.0000000000000000           0.0000000000000000
         -0.0003781702715302           0.0033401159468751          -0.0013586362919734
         -0.0021482874341270           0.0008505478380091           0.0000314833055369
          0.0000000000000000           0.0000000000000000           0.0000000000000000
         -0.0603863291622273           2.2433562929177624          -0.0926072565799097
         -4.5679352014748815           2.1021556786337543           0.2568470341859532
          0.0000000000000000           0.0000000000000000           0.0000000000000000
