1  82   4   1   4   -13.946633   0.000000
  0 
./DATA/2947/110/M021/
0
          7.7286866731083714
          2.9469763013658654
          5.2616644737041849
          2.1013505153791248
          3.5762928921770256
          1.5016566329186669
          2.1277833573837617
          0.9565056989583616
          0.9894424469249794
          0.4877679098462446
          0.3296503599824895
          0.1816180401424312
          0.0266110851223946
          0.0183490309551560
          0.0002472412693521
          0.0002387027750315
          6.0357982904163956
          5.9040998447756428
          0.9743214311366867
         16.5264318193484492
         17.6404984578443660
          1.1165228997188248
          4.8181813764866490
          4.4076126136397882
          1.0999104499094723
         25.7994484343507651
         27.8804098397772684
          1.3843133870737483
          4.2543306737659172
          4.3493361548059024
          0.6715766716928364
         11.7131856762293900
         12.9691151034438938
          0.7443696358845796
          3.3553204970410451
          3.1838720914670655
          0.7648654647000410
         18.2730305019679946
         20.4234299887430240
          0.9104513930835277
          6.6268724565668577
          7.7786053188278048
          0.3778065132535831
         10.3221055614416564
         12.1732795733791193
          0.4519394920553427
          3.1158666197275933
          3.9322460884439687
          0.1520062508155217
          4.8401579042313525
          6.1027866129371189
          0.1768777508147917
         12.6220360428949938
         15.6233387712510048
          0.3055841416089969
       9172.8193704559234902
      10982.0828686322620342
         63.3488892757983493
          1.1333371316797087
          1.5624014814604437
          0.0441322333497232
          1.7529462944078948
          2.3996952189419365
          0.0497946751623577
          4.4843204784366337
          5.9602716004015797
          0.0800816990587919
       2816.1661752535710548
       3424.6129617309679816
         13.1882935465541760
          0.1753658270881881
          0.2786022091926120
          0.0043471028050036
          0.2690832922806479
          0.4214594011103764
          0.0047473184944321
          0.6654492136660923
          1.0000123267786760
          0.0068367674454026
        314.1028939599699470
        390.1028651189334369
          0.6315935491757649
0
          7.7469863260211165
          2.9482131187693361
          5.2623338981777481
          2.1010554863218895
          3.5669336501162139
          1.4974192343455848
          2.1127872269798713
          0.9469753364598295
          0.9741219561455771
          0.4743935749967274
          0.3192230171221596
          0.1696530693340755
          0.0246216230169554
          0.0148188193329077
          0.0002060941417783
          0.0001393717301543
          5.9729998109534597
          5.8068316919665843
          0.9700274456913616
         16.5796472011174991
         17.6766662577870868
          1.1118104882430975
          4.7605544005558684
          4.2613923949430701
          1.0533351073433088
         25.9738491808839811
         28.0010615265840812
          1.3369011924467815
          4.1967018192707428
          4.2658996294098657
          0.6699422222720650
         11.7310550521297490
         12.9816505048691067
          0.7408811491560341
          3.3033468075356720
          3.0692511186647704
          0.7328066299479739
         18.3720532732536910
         20.5007528695832484
          0.8746844837159122
          6.6158127633502133
          7.7691888110734002
          0.3769281821902045
         10.3519714028352343
         12.2045708260003529
          0.4313201337067817
          3.0959611683896626
          3.9123782131769169
          0.1535353521987417
          4.8365022802469966
          6.1036100412447842
          0.1686508454708285
         12.7260486712253673
         15.7727093941944450
          0.2599656333148160
       9444.4383157091033354
      11098.6455133430372371
         52.1118152125238225
          1.1189247617850056
          1.5425856179647741
          0.0463486204273689
          1.7436504976054670
          2.3868007895673684
          0.0485213316764159
          4.5119311597214393
          6.0141387112595410
          0.0660748520095501
       2894.1030638976562841
       3510.0345182708415450
         10.1706767586935580
          0.1717457098654223
          0.2681672665473522
          0.0052700778223844
          0.2666087071287965
          0.4105958501389860
          0.0052337391848721
          0.6709325993652202
          0.9991563190732765
          0.0058520898852524
        323.3141965661026802
        416.6724345924343424
          0.4270000842862951
0
          7.7737427809146080
          2.9119153856544511
          5.2620336364483515
          2.1014674337886814
          3.5696976312169957
          1.5015667579223118
          2.1347696892615224
          0.9375543868331683
          1.0141860314828570
          0.4496451257964279
          0.3531049177034312
          0.1480157522087088
          0.0317714863925688
          0.0105692358391266
          0.0003471498353212
          0.0000676735531575
          6.0936221888066600
          5.7864708832208134
          0.9553257271547793
         16.4839285208222037
         17.7163144143815501
          1.1258748976484096
          4.9622377467725487
          4.2818405398302044
          0.9535055336857207
         25.7428504108036122
         28.1415276021516370
          1.2946038746729818
          4.3068111782056242
          4.2422897977107858
          0.6588147564445330
         11.6062931011028141
         13.0651059554950404
          0.7668986385529328
          3.4801329809725279
          3.0680988672598963
          0.6568858277776959
         18.0790968267669108
         20.7137311828284112
          0.8730535919944948
          6.4951980308907382
          7.8699999381579637
          0.4043390080738251
         10.0671536192078257
         12.4345632724393642
          0.4541054927328497
          3.0128353203297964
          3.9943504506931573
          0.1716553451479574
          4.6341526470371690
          6.2812823289882882
          0.1904582988301523
         12.0028995367167681
         16.3535690240150124
          0.2549566270708277
       9719.7702578896387422
      10633.2745919919798325
         23.1421117028471635
          1.0798572653382272
          1.5902269855979756
          0.0536142381296232
          1.6429265309410241
          2.4857569338274468
          0.0590492671589197
          4.1252735587909175
          6.3366428581676155
          0.0762808853185666
       2860.5045811535869689
       3442.1449021255502885
          3.7092769954006508
          0.1648879096651557
          0.2818222368492843
          0.0059555252889601
          0.2463865384877902
          0.4368597323676358
          0.0065646248747998
          0.5847983129959380
          1.0806435406264265
          0.0083112309830788
        283.5069102656467521
        430.7312255815403432
          0.1299132446053798
1
          8.8071048057896508
          1.8715880201440795
          6.3038734354896961
          1.0567275604555801
          4.5006426251865630
          0.5721177929955958
          2.8410354222513603
          0.2368046952171643
          1.4118066106393998
          0.0592657159538012
          0.4992868616852156
          0.0075400659111979
          0.0437370861271903
          0.0000619081486811
          0.0004457480583433
          0.0000000053891955
         10.5999460612050065
          2.1744280126999382
          0.0927061082622080
         24.6654947137830582
         10.3333377664863875
          0.2721430004794937
          9.0450125030008710
          1.1634588273941080
          0.0516589366467943
         37.1761098081569585
         17.4812783349669978
          0.4105327210813657
          7.7365378349378044
          1.4491961292189581
          0.0511343255143569
         18.2001607379294619
          7.0557700187869985
          0.1501357177829336
          6.4760421665264385
          0.7504866902147418
          0.0284589313168136
         27.4032879725098084
         11.9636344693508274
          0.2264617158539670
         10.9846051126772792
          3.7216685136918812
          0.0542124270598391
         16.5128785367640454
          6.3301123502359804
          0.0817596196807466
          5.5972155845753422
          1.5717631453857861
          0.0132019064257456
          8.3989309434439292
          2.6811493170569705
          0.0199056296474769
         20.4904327775581088
          8.0242738021823055
          0.0465768872888735
      12076.7676929242770711
       8211.5957485925937362
         13.7700937222711346
          2.2426231069280056
          0.4846810517163911
          0.0017978086005155
          3.3589418493493173
          0.8283435962890056
          0.0027098310493918
          8.0462565934685966
          2.4723980159632921
          0.0063303819561261
       3910.9253387769804249
       2393.4901279619771231
          1.8458489463562027
          0.4016195454046564
          0.0528063761984970
          0.0000356392059647
          0.6002830637683452
          0.0901933189040525
          0.0000536887730203
          1.4019707021660959
          0.2667589756983092
          0.0001250651064120
        488.7901086873494023
        231.3961322591493683
          0.0355656131401795
   0    4 -0.611171  0.406733 -1.164236 
          0.0606717693021388          -0.0411397126067396           0.0290779111076046
         -0.0358744103376618           0.0786457414376210          -0.0014009179204478
          0.0200790117198394           0.0018469582905247           0.0089835721695616
         -0.0047236232240203           0.0089619076917231           0.0008562366065532
         -0.0391415625742427           0.0344549398932599           0.0002237756552061
          0.0312939991152550          -0.0379682204914090           0.0066057471675865
         -0.1050017834095972           0.0614181575284435           0.0054495699028405
          0.0688609522764259          -0.0708379315246268           0.0181193294666175
         -0.1398629842470164           0.0703850314016520           0.0295663689882747
          0.0897085481771487          -0.0797413368758137           0.0348914921555469
         -0.1079031096765638           0.0494972731271848           0.0484222997926496
          0.0742769925683693          -0.0589514732642392           0.0410411464052270
         -0.0245653415767403           0.0084164065209734           0.0216811375645373
          0.0211276223196667          -0.0129445507099741           0.0145902921593560
         -0.0006667080946447           0.0001034717591290           0.0008618427970982
          0.0007451120853519          -0.0002239013422677           0.0004636604102901
         -0.3634021770664237           0.2462889247586041           0.0152354285156042
          0.1076324172222007          -0.1792216559308253           0.1206660714016730
          0.0899860398146100          -0.1008335148614742           0.0001315790299725
          0.3549403628785571          -0.0578900795951433           0.0515337590372653
          0.0222884615646937           0.0674451255608880          -0.0691295298865744
         -0.0928637853461036           0.0868583525269043           0.0155313422528612
         -0.6799884542328817           0.3271711540880885           0.0338123877744636
          0.2286039162439268          -0.0829412818800956           0.1997233634686037
          0.1732890106431648          -0.2386280519804521           0.0518770398562387
          0.7566966256570855          -0.2811868546194066           0.1064090488177902
          0.0579160049289108           0.4103922811033309          -0.1798678391078924
         -0.1924106396782617           0.1367556827963048           0.0826765663020160
         -0.3418576131440401           0.2231967858759854           0.0172057175190034
          0.0914341145212554          -0.1720089935937937           0.1227678138837115
          0.0806654242624663          -0.0853863169633173          -0.0024807479290857
          0.1728284054818496           0.0282586292022911           0.0007621605364706
          0.0458508112194545          -0.0554410128698665          -0.0590928957308897
         -0.0579974662294179           0.0424675660139412           0.0108147926233985
         -0.5705132726657995           0.2732081259406876           0.0444641801982934
          0.1835925587317430          -0.0773872168718196           0.1988059020053285
          0.1435391637479490          -0.1869910652889489           0.0357973478494624
          0.4588587645859764          -0.1166681874067009           0.0115770662332275
          0.0924259521281405           0.1557487445760341          -0.1649155172238729
         -0.1337866172358196           0.0687167006655681           0.0623884289544308
         -0.0201021151222786           0.1002683595904943          -0.0387270383105724
          0.0529332389332720          -0.1517563094481683          -0.0319447167512638
         -0.0210193987035396           0.0076035439223339           0.0039191067882506
          0.1192908152217632           0.0382810942456361          -0.0676381160308318
          0.1000193056832909          -0.0715797303022998          -0.1215757862077960
         -0.0668835723573962           0.0143586391190445           0.0359852414381619
         -0.1231625656117987           0.1222313707937365          -0.0473246413263888
          0.0355482008634304          -0.1723887912879837           0.0015561995811930
          0.0007892781085652          -0.0042905125758246          -0.0013518730628716
         -0.0939945984042431           0.1158077133738785          -0.0913605362913009
          0.0679541949563080          -0.1689522345476683          -0.0620251064796346
         -0.0209433263518417          -0.0051833673476086           0.0145873314323446
          0.0102606443241334          -0.0733867366875171          -0.1517424085577457
          0.3589236860962863           0.0537386211516134          -0.1980348925459404
         -0.1065474871459893          -0.0140078384503961           0.0607303094689180
         -2.6113132569066622          17.1737997986378090         916.6684230550514485
        967.7290459682157007         477.9060758530940234         670.8900013986534532
         21.1646458667899502          22.2882019566394547          23.2733147651776378
         -0.1246422601955842           0.1008563537571705          -0.0343625299753196
          0.0090761153049276          -0.1344775259085711           0.0244539249393903
          0.0066524023919531          -0.0034919399800212          -0.0029315080931100
         -0.1458822904841778           0.1198712070857522          -0.0712359386478940
          0.0206958006727937          -0.1581264226573071          -0.0094607571861231
         -0.0004516995803572          -0.0049369118564205           0.0026551830961938
         -0.2300102140626223           0.1056362836258534          -0.1711987226249228
          0.1446938186837360          -0.1517840446915632          -0.1046243300922748
         -0.0286751471035529          -0.0132994057057919           0.0194374251339228
        -13.8945330918677712         -91.0694929501356825         393.9710771062147501
        445.0320509652876808         138.2036755676760720         350.5664554353577955
          2.0924891961957846           3.6604444861990730           4.8859948846298886
         -0.0507905091251969           0.0441085223701007          -0.0115891997298566
         -0.0065067072681726          -0.0566228910450706           0.0218593576119046
          0.0026393015071834          -0.0004338357540250          -0.0011987814462513
         -0.0684110576512445           0.0602460862137255          -0.0259299423121197
         -0.0090082750050903          -0.0731807379629902           0.0152506976897481
          0.0019504875191309          -0.0006619451714349          -0.0005911310299534
         -0.1363340778106286           0.1010948429722028          -0.0778453159774040
         -0.0040057878343498          -0.1125241180563415          -0.0133515478691862
         -0.0008343604239326          -0.0020376796011363           0.0014321925089741
        -22.8225408360128554         -36.3301888771661154          58.7815988152546751
         82.2565242065486899          11.7163169115620462          63.0023906570977701
         -0.1852493140400755          -0.0288309514964213           0.2151115144800160
   2
          0.0572785891504751          -0.0406011598838923           0.0226015491569001
          0.0000000000000000           0.0000000000000000           0.0000000000000000
          0.0188748927902808           0.0031200206113491           0.0097613344857941
          0.0000000000000000           0.0000000000000000           0.0000000000000000
         -0.0379888522169835           0.0355452728645381          -0.0000714770752525
          0.0000000000000000           0.0000000000000000           0.0000000000000000
         -0.1024844539277077           0.0617311111384123          -0.0016957587968819
          0.0000000000000000           0.0000000000000000           0.0000000000000000
         -0.1384066568883714           0.0703231042849030           0.0137255808567954
          0.0000000000000000           0.0000000000000000           0.0000000000000000
         -0.1087787396042813           0.0506971857859266           0.0320063315106027
          0.0000000000000000           0.0000000000000000           0.0000000000000000
         -0.0255773908611594           0.0098639764773096           0.0172353178115889
          0.0000000000000000           0.0000000000000000           0.0000000000000000
         -0.0007021385683009           0.0001657127836798           0.0007711397341640
          0.0000000000000000           0.0000000000000000           0.0000000000000000
         -0.2239967199599712           0.1530785771018145           0.0126279346463630
         -0.3354219329484828           0.3025365213834404          -0.0164549790430998
          0.0000000000000000           0.0000000000000000           0.0000000000000000
          0.2474556978654255           0.0884988876993376           0.0869886963939242
          0.3544023766204099          -0.2888936776802448           0.0479173283534485
          0.0000000000000000           0.0000000000000000           0.0000000000000000
         -0.6362224873577279           0.3585583426645307           0.0133534912341681
         -0.4101892075507607           0.3400777207568433           0.0410531284917245
          0.0000000000000000           0.0000000000000000           0.0000000000000000
          0.3066823482930605           0.2293989638595781           0.1620750147292947
          0.9694594115870242          -0.8427826773705269           0.1697977432848214
          0.0000000000000000           0.0000000000000000           0.0000000000000000
         -0.2333679878246523           0.1423253338395819           0.0039364122039893
         -0.2933907436677560           0.2377769039224626          -0.0124061243590369
          0.0000000000000000           0.0000000000000000           0.0000000000000000
          0.0595987535707509           0.1695065720607327           0.0384231964702691
          0.2730239158137098          -0.2473745389626079           0.0394088186031291
          0.0000000000000000           0.0000000000000000           0.0000000000000000
         -0.5252846286437762           0.2722758285687817           0.0198692280211951
         -0.3491117488116059           0.2675174672408130           0.0485567559908508
          0.0000000000000000           0.0000000000000000           0.0000000000000000
          0.0606488541470313           0.3266383050110839           0.0888427965537544
          0.7837175701513241          -0.7027854185293266           0.1521866419151838
          0.0000000000000000           0.0000000000000000           0.0000000000000000
         -0.1228881766307062           0.2137926097052484          -0.0041150858967452
          0.1605097156884954          -0.1837356478823523           0.0337864863165458
          0.0000000000000000           0.0000000000000000           0.0000000000000000
         -0.1819363748583224           0.3640652739295615           0.0184441993478325
          0.5144901348785006          -0.5077608585563961           0.1284829408068503
          0.0000000000000000           0.0000000000000000           0.0000000000000000
         -0.1975369637291443           0.1928338162099421          -0.0209885567342294
          0.0612929708123799          -0.1179617441403098           0.0308302710403385
          0.0000000000000000           0.0000000000000000           0.0000000000000000
         -0.2812444538489621           0.3095690822879074          -0.0179880417807822
          0.2595351182381480          -0.3191808005293981           0.1008638470677450
          0.0000000000000000           0.0000000000000000           0.0000000000000000
         -0.9223365354446182           0.7356102636671420           0.1632867266478749
          1.5209336931016599          -1.4304312825559879           0.7779270031860640
          0.0000000000000000           0.0000000000000000           0.0000000000000000
      -1936.6319162188287919         746.6665402956479056        1559.1393536782613864
       3808.1925840680073634       -1210.7330714482488929        2385.4941408151535143
          0.0000000000000000           0.0000000000000000           0.0000000000000000
         -0.1639432182060516           0.1309998608370213          -0.0184392078072273
         -0.0000772328163135          -0.0623005441873429           0.0250588001045182
          0.0000000000000000           0.0000000000000000           0.0000000000000000
         -0.2324796248271331           0.2024398489386921          -0.0242667250386281
          0.0786433062509932          -0.1649055904475445           0.0674751778345056
          0.0000000000000000           0.0000000000000000           0.0000000000000000
         -0.6232120161926868           0.4517694004792994           0.0385502564856089
          0.6116669340728266          -0.7272564039431068           0.4294316039440202
          0.0000000000000000           0.0000000000000000           0.0000000000000000
       -763.2563298322279479         222.7606516582166591         659.7188338032199226
       1636.8815546806879411        -504.3191190124895797        1135.2865744914786319
          0.0000000000000000           0.0000000000000000           0.0000000000000000
         -0.0592217780306306           0.0479067598730917          -0.0065645496727464
         -0.0148556760301823          -0.0181315207034289           0.0116804647823488
          0.0000000000000000           0.0000000000000000           0.0000000000000000
         -0.0842602356652763           0.0715551171190218          -0.0110524619434517
         -0.0059719635823242          -0.0453783399830027           0.0254095813137542
          0.0000000000000000           0.0000000000000000           0.0000000000000000
         -0.2003116767165790           0.1509893752059355          -0.0118091188949989
          0.0750518317839085          -0.1915211274220258           0.1213938139313693
          0.0000000000000000           0.0000000000000000           0.0000000000000000
       -130.1847038679942443          14.3664570337032487         108.3958953232673252
        284.4379462996598704        -107.9930245370552626         231.0928600327023048
          0.0000000000000000           0.0000000000000000           0.0000000000000000
   0
         -0.0000000000000001           0.0000000000000000          -0.0000000000000000
          0.0000000000000000           0.0000000000000000           0.0000000000000000
          0.0000000000000000           0.0000000000000000          -0.0000000000000000
          0.0000000000000000           0.0000000000000000           0.0000000000000000
         -0.0000000000000000           0.0000000000000000           0.0000000000000000
          0.0000000000000000           0.0000000000000000           0.0000000000000000
          0.0000000000000000          -0.0000000000000000           0.0000000000000000
          0.0000000000000000           0.0000000000000000           0.0000000000000000
          0.0000000000000000           0.0000000000000000           0.0000000000000000
          0.0000000000000000           0.0000000000000000           0.0000000000000000
          0.0000000000000000           0.0000000000000000           0.0000000000000000
          0.0000000000000000           0.0000000000000000           0.0000000000000000
          0.0000000000000000           0.0000000000000000           0.0000000000000000
          0.0000000000000000           0.0000000000000000           0.0000000000000000
          0.0000000000000000           0.0000000000000000           0.0000000000000000
          0.0000000000000000           0.0000000000000000           0.0000000000000000
          0.1286790277785736          -0.0504884740210267           0.0423428062864422
         -0.0759750465901873           0.0900706677550732           0.0074248389100627
          0.0000000000000000           0.0000000000000000           0.0000000000000000
         -0.0825189064396022           0.0889680925751200          -0.0151830913876516
          0.0730973010586933          -0.1040458300896432           0.0082380823727702
          0.0000000000000000           0.0000000000000000           0.0000000000000000
          0.0461100241543813          -0.0157238322462772           0.0718451002076521
         -0.0246142961414492           0.0690589777149244           0.0447011901318821
          0.0000000000000000           0.0000000000000000           0.0000000000000000
         -0.3762858442819682           0.2631893009460159          -0.0432066951405363
          0.2735303991563136          -0.3191740179745082           0.0463276770572978
          0.0000000000000000           0.0000000000000000           0.0000000000000000
          0.0983564025782878          -0.0323549141505022           0.0239727800863146
         -0.0568477120118735           0.0554234578400646           0.0018876086253232
          0.0000000000000000           0.0000000000000000           0.0000000000000000
         -0.0995808791124942           0.0808366134865776          -0.0131002549304296
          0.0795156700449220          -0.0983422087894407           0.0064464360689893
          0.0000000000000000           0.0000000000000000           0.0000000000000000
          0.0445831181324356          -0.0087659591819882           0.0464738698042982
         -0.0241622567745751           0.0425944019187082           0.0289941353931838
          0.0000000000000000           0.0000000000000000           0.0000000000000000
         -0.3512914452491323           0.2176170960921713          -0.0276722002291918
          0.2485645073390156          -0.2649369313403025           0.0381117902805156
          0.0000000000000000           0.0000000000000000           0.0000000000000000
         -0.1026602672438632           0.0591652978684181          -0.0074632615163411
          0.0747830605756560          -0.0750414596968026           0.0021501584131256
          0.0000000000000000           0.0000000000000000           0.0000000000000000
         -0.2873961670723658           0.1459929894172640          -0.0070464794570482
          0.1966418834632968          -0.1788239770249782           0.0240569972923186
          0.0000000000000000           0.0000000000000000           0.0000000000000000
         -0.0823626625982606           0.0324174581055224          -0.0012481084857567
          0.0558996754831777          -0.0430389044681667          -0.0018106010050645
          0.0000000000000000           0.0000000000000000           0.0000000000000000
         -0.1959462206605888           0.0758945136633587           0.0074853783225480
          0.1294874391078843          -0.0939995936497463           0.0104519632902090
          0.0000000000000000           0.0000000000000000           0.0000000000000000
         -0.8862357777639399           0.3729737153964895           0.1032040760478350
          0.5645050904350181          -0.4210727318601942           0.1431242276911056
          0.0000000000000000           0.0000000000000000           0.0000000000000000
      -1986.7700862831841278        1511.9176433423047001         749.3320932604245854
       1421.5930871953553378       -1769.8188756334682239        1188.4069688632882844
          0.0000000000000000           0.0000000000000000           0.0000000000000000
         -0.0478666050556104           0.0114491573006762           0.0020595215977959
          0.0304421433636512          -0.0163965759542395          -0.0029493428486471
          0.0000000000000000           0.0000000000000000           0.0000000000000000
         -0.1014159040248118           0.0264634254951598           0.0108051687341192
          0.0642679180876737          -0.0336146300608813           0.0020718923885079
          0.0000000000000000           0.0000000000000000           0.0000000000000000
         -0.4069147259260963           0.1277997398831713           0.0819938826498490
          0.2549573484301459          -0.1421668622701333           0.0585285968578756
          0.0000000000000000           0.0000000000000000           0.0000000000000000
       -740.6577000414090435         485.7412195658989731         349.4897766408888060
        537.3489594459790624        -584.9383218288332955         442.9781943471865020
          0.0000000000000000           0.0000000000000000           0.0000000000000000
         -0.0116939921099594           0.0008890041266189           0.0013234622456717
          0.0067174238593263          -0.0017766028162199          -0.0011638801085193
          0.0000000000000000           0.0000000000000000           0.0000000000000000
         -0.0224820467654559           0.0023718338381517           0.0042714783008069
          0.0130835451703709          -0.0033970385271937          -0.0003795996431720
          0.0000000000000000           0.0000000000000000           0.0000000000000000
         -0.0799032500117060           0.0128287266478577           0.0247845023517535
          0.0471746693116242          -0.0135421975886553           0.0091484151504095
          0.0000000000000000           0.0000000000000000           0.0000000000000000
       -110.6875003016060504          48.9209875378741543          69.8075208770875832
         78.4959918790883648         -59.6268184226017439          61.3955280969191790
          0.0000000000000000           0.0000000000000000           0.0000000000000000
   1
          0.0033931801516634          -0.0005385527228473           0.0064763619507044
          0.0000000000000000           0.0000000000000000           0.0000000000000000
          0.0012041189295589          -0.0012730623208243          -0.0007777623162323
          0.0000000000000000           0.0000000000000000           0.0000000000000000
         -0.0011527103572593          -0.0010903329712782           0.0002952527304586
          0.0000000000000000           0.0000000000000000           0.0000000000000000
         -0.0025173294818896          -0.0003129536099688           0.0071453286997222
          0.0000000000000000           0.0000000000000000           0.0000000000000000
         -0.0014563273586449           0.0000619271167490           0.0158407881314795
          0.0000000000000000           0.0000000000000000           0.0000000000000000
          0.0008756299277175          -0.0011999126587417           0.0164159682820468
          0.0000000000000000           0.0000000000000000           0.0000000000000000
          0.0010120492844191          -0.0014475699563361           0.0044458197529484
          0.0000000000000000           0.0000000000000000           0.0000000000000000
          0.0000354304736561          -0.0000622410245508           0.0000907030629343
          0.0000000000000000           0.0000000000000000           0.0000000000000000
          0.2228965534758092          -0.1457223707084761           0.0730543514034931
         -0.1190973244684360           0.1746919502760813          -0.0319990839024257
          0.0000000000000000           0.0000000000000000           0.0000000000000000
         -0.3094392810959745           0.2424629776801532          -0.0662923222368264
          0.2329155051148967          -0.2861361620146453           0.0364103548243405
          0.0000000000000000           0.0000000000000000           0.0000000000000000
          0.0396305254388074          -0.2284471350118319           0.2707089933685455
         -0.0072559435227753           0.2781391324470726          -0.0517340646818764
          0.0000000000000000           0.0000000000000000           0.0000000000000000
         -1.0250411437047584           0.5479235617654236          -0.0079843539120934
          0.6967697156438895          -0.6435170921343808           0.0850848127716551
          0.0000000000000000           0.0000000000000000           0.0000000000000000
          0.1775977761200768          -0.1006898379515268           0.0471412313295954
         -0.0927407231640867           0.1132064212604493          -0.0192869637258851
          0.0000000000000000           0.0000000000000000           0.0000000000000000
         -0.3406624806563523           0.2432870628716909          -0.0644376090487911
          0.2277245187257950          -0.2881400417345888           0.0476251429403004
          0.0000000000000000           0.0000000000000000           0.0000000000000000
          0.0625451212865255          -0.1755058906609427           0.2167796873661079
         -0.0153871303409434           0.1996345909892686          -0.0286894428931377
          0.0000000000000000           0.0000000000000000           0.0000000000000000
         -0.9739753922663325           0.5124479109854952          -0.0063779933906655
          0.6255433534388207          -0.6030583350008086           0.1051347704392336
          0.0000000000000000           0.0000000000000000           0.0000000000000000
         -0.3335014094266013           0.2304199083898641          -0.0473003077659284
          0.1964060605848711          -0.2701671236656977           0.0649573611997450
          0.0000000000000000           0.0000000000000000           0.0000000000000000
         -0.8257504858451120           0.4458871661985984           0.0131620669749640
          0.4920522194508333          -0.5235343781420133           0.1315976693390405
          0.0000000000000000           0.0000000000000000           0.0000000000000000
         -0.2697922514864452           0.1949658528075225          -0.0228240759323814
          0.1419735921545282          -0.2256558050693013           0.0757980275961871
          0.0000000000000000           0.0000000000000000           0.0000000000000000
         -0.5979856959782378           0.3505003790743426           0.0352231170130926
          0.3296534771186895          -0.4122164053593329           0.1431732400067905
          0.0000000000000000           0.0000000000000000           0.0000000000000000
         -2.4943433725815969           1.0784196960988819           0.6541698955622505
          1.5186467860365751          -1.2775890063392989           0.5723660345353714
          0.0000000000000000           0.0000000000000000           0.0000000000000000
      -4273.1127706212382691        1144.7496927576451071        2167.1686672589530644
       3864.5768888806692303        -596.3488628689628968        1509.1691450301602799
          0.0000000000000000           0.0000000000000000           0.0000000000000000
         -0.1699317652950001           0.1361030884067129          -0.0042384463111792
          0.0801527486321447          -0.1577739044959630           0.0687472639736229
          0.0000000000000000           0.0000000000000000           0.0000000000000000
         -0.3441189181309728           0.2304589137286170           0.0398578767649694
          0.1746341903352549          -0.2762331901470529           0.1233765317144014
          0.0000000000000000           0.0000000000000000           0.0000000000000000
         -1.2890133420364622           0.6452446482558823           0.4197527977762212
          0.7437519090164444          -0.8036924024329145           0.4229755426092173
          0.0000000000000000           0.0000000000000000           0.0000000000000000
      -1764.5362439497448577         447.3632187542538077        1087.4519588979303535
       1569.5273155224274433        -203.5888827325208865         663.5769180892282293
          0.0000000000000000           0.0000000000000000           0.0000000000000000
         -0.0542193562676522           0.0521464836048369           0.0022019843531415
          0.0221800600387401          -0.0632823220720111           0.0340975791429986
          0.0000000000000000           0.0000000000000000           0.0000000000000000
         -0.0996849935731591           0.0834223051392447           0.0190209087047488
          0.0450745113855911          -0.1068253784511834           0.0583967030300163
          0.0000000000000000           0.0000000000000000           0.0000000000000000
         -0.3279297091677134           0.2116530764813534           0.1382184622339701
          0.1738736438308776          -0.2935894121053828           0.1744635357140138
          0.0000000000000000           0.0000000000000000           0.0000000000000000
       -322.8512724496671922          78.6286822957544018         256.9591310067733616
        273.2259954910882698         -52.2986675634771245         137.5132526442547487
          0.0000000000000000           0.0000000000000000           0.0000000000000000
   3
         -0.0358744103376618           0.0786457414376211          -0.0014009179204478
          0.0000000000000000           0.0000000000000000           0.0000000000000000
         -0.0047236232240203           0.0089619076917231           0.0008562366065532
          0.0000000000000000           0.0000000000000000           0.0000000000000000
          0.0312939991152550          -0.0379682204914090           0.0066057471675865
          0.0000000000000000           0.0000000000000000           0.0000000000000000
          0.0688609522764258          -0.0708379315246268           0.0181193294666175
          0.0000000000000000           0.0000000000000000           0.0000000000000000
          0.0897085481771487          -0.0797413368758137           0.0348914921555469
          0.0000000000000000           0.0000000000000000           0.0000000000000000
          0.0742769925683692          -0.0589514732642392           0.0410411464052270
          0.0000000000000000           0.0000000000000000           0.0000000000000000
          0.0211276223196667          -0.0129445507099742           0.0145902921593560
          0.0000000000000000           0.0000000000000000           0.0000000000000000
          0.0007451120853519          -0.0002239013422677           0.0004636604102901
          0.0000000000000000           0.0000000000000000           0.0000000000000000
          0.6520997002749762          -0.4622960779439326           0.0972287810800887
         -0.0647423782428557           0.0499273735304973           0.0345543547138037
          0.0000000000000000           0.0000000000000000           0.0000000000000000
         -0.5221788214880836           0.3505195475739944          -0.0456922395649921
          0.0589868871798686          -0.0778776981996373          -0.0032285121481370
          0.0000000000000000           0.0000000000000000           0.0000000000000000
          0.9331867540830161          -0.5839905739451959           0.3342393900452012
         -0.0380107136455610           0.0086837188322844           0.0732863015021068
          0.0000000000000000           0.0000000000000000           0.0000000000000000
         -1.4153702894431188           1.0416406770906610           0.0483973487550388
          0.2094478171998867          -0.2469264246279846          -0.0022794322217748
          0.0000000000000000           0.0000000000000000           0.0000000000000000
          0.5593391405913035          -0.3979779518727498           0.0737765853299050
         -0.0430412938835203           0.0222492523380495           0.0251794106158610
          0.0000000000000000           0.0000000000000000           0.0000000000000000
         -0.4220542148505897           0.1705279454090892          -0.0101016671770825
          0.0883772099496167          -0.1080867542368020          -0.0085113212272359
          0.0000000000000000           0.0000000000000000           0.0000000000000000
          0.7887817688734547          -0.4655099545466712           0.2734180493583841
         -0.0311438760400843          -0.0023666349510039           0.0527054687826712
          0.0000000000000000           0.0000000000000000           0.0000000000000000
         -1.1740049420103225           0.6715018400170093           0.1056615443444118
          0.2316931316261913          -0.2630386481007069          -0.0146759949035223
          0.0000000000000000           0.0000000000000000           0.0000000000000000
         -0.2908880551295402          -0.0009072423018050           0.0402887711786996
          0.1026341829571142          -0.1049523219446330          -0.0158469153130983
          0.0000000000000000           0.0000000000000000           0.0000000000000000
         -0.8324140328216714           0.2837809961420799           0.1730675085256577
          0.2229552260635226          -0.2211734364534997          -0.0289625270669553
          0.0000000000000000           0.0000000000000000           0.0000000000000000
         -0.1746783762426480          -0.0883926646890309           0.0777641572116802
          0.0866443609332632          -0.0689347495464485          -0.0187586011415743
          0.0000000000000000           0.0000000000000000           0.0000000000000000
         -0.5049130274029806           0.0357018617725596           0.2047173749404854
          0.1703207491568972          -0.1358379054469371          -0.0335135392559005
          0.0000000000000000           0.0000000000000000           0.0000000000000000
         -2.2238995751437254           0.9962990940025073           1.1300510596103948
          0.6123706278767382          -0.5562062754546856          -0.0431121173854049
          0.0000000000000000           0.0000000000000000           0.0000000000000000
      -3667.2544421542588680        2931.5362043982645446        1917.9449746270686319
       1487.6605987052614637       -2173.1513493826341801        1508.5168049179653735
          0.0000000000000000           0.0000000000000000           0.0000000000000000
         -0.0883622830016122          -0.0987560242019524           0.0826280157950145
          0.0509808242386644          -0.0288145743822041          -0.0142478390057438
          0.0000000000000000           0.0000000000000000           0.0000000000000000
         -0.2472215476252668          -0.0678637044934513           0.1770252406917464
          0.0944631832097299          -0.0550393490768306          -0.0247898934640000
          0.0000000000000000           0.0000000000000000           0.0000000000000000
         -1.0566756471587337           0.2592314039200857           0.7816118709127793
          0.3154251826437126          -0.2144213816414718          -0.0518567979151202
          0.0000000000000000           0.0000000000000000           0.0000000000000000
      -1494.0787955874370709        1021.7674239271874512        1187.3019400851042064
        582.5143335740682460        -763.6654340393810116         497.1691217118714121
          0.0000000000000000           0.0000000000000000           0.0000000000000000
         -0.0254782745917039          -0.0503149256538732           0.0433914566503413
          0.0119496508661962          -0.0035173271267611          -0.0042361545730331
          0.0000000000000000           0.0000000000000000           0.0000000000000000
         -0.0622676835099613          -0.0564364229333777           0.0802213209491083
          0.0211757395613212          -0.0067012338030903          -0.0071905871235954
          0.0000000000000000           0.0000000000000000           0.0000000000000000
         -0.2443850660972068          -0.0374295902309240           0.2827083579055953
          0.0664731901786809          -0.0258091341636698          -0.0178266551953901
          0.0000000000000000           0.0000000000000000           0.0000000000000000
       -259.2928844771725494         131.6603578601308868         322.3832076989143616
         90.7396922283051879         -88.0934873044182041          52.3402141581408671
          0.0000000000000000           0.0000000000000000           0.0000000000000000
