1  82   2   0   0   -6.398168   0.000000

./DATA/2947/100/M024/
0
          4.8106555795931394
          6.1603067970618888
          3.2471820314520969
          4.3196844668794325
          2.1967464659540052
          3.0233708322900084
          1.2996215551422563
          1.8695672123823539
          0.5910007962682808
          0.9175884028583816
          0.1817525549273556
          0.3276108206545439
          0.0103852629432205
          0.0299185213360966
          0.0000368105868279
          0.0003034839413529
          1.8937006951316244
          7.4905430304859051
          4.2335251248360661
          5.2679206374341971
         21.8120408132172123
         10.4177667970154939
          1.4423382549282302
          5.7805230611074991
          3.5836704430296633
          8.1907781395333767
         34.4235186265700861
         15.9521537873885197
          1.3250967309188042
          5.4113308696950888
          3.0481737256132444
          3.7104845914224018
         15.7941401446431300
          7.5545617815558685
          0.9817600008778378
          4.1143156774323328
          2.5336743350274809
          5.7525357218850388
         24.8799342273284019
         11.5464504469127291
          2.0907939932382642
          9.2490937327802047
          4.4308191547954179
          3.2248523541627403
         14.5231771496364406
          6.7453601726942871
          0.9880057332041920
          4.5394430460641688
          2.1757643748166844
          1.5136386953517820
          7.0979295577123267
          3.2910416573747949
          3.7220827325143913
         18.6742951894816542
          8.0870574478857140
       2119.9682420508625000
      14353.4497016834739043
       4379.9641840420663357
          0.3655142133029183
          1.7380529657715271
          0.8318079667948866
          0.5557023791215570
          2.7039152419885388
          1.2461550671993173
          1.3248941042606215
          6.9624077312389856
          2.9669863030019967
        547.1709805242409175
       4522.7018310593311980
       1306.2480023911052740
          0.0575663872891437
          0.2895617563472100
          0.1376498320601054
          0.0867983001733698
          0.4476364692805870
          0.2027641831499227
          0.1999968247985850
          1.1165681354588508
          0.4578323318496865
         47.9951454593079987
        525.1665492310283980
        133.8193114288313552
1
          6.1603067970618897
          4.8106555795931394
          4.3196844668794325
          3.2471820314520965
          3.0233708322900079
          2.1967464659540057
          1.8695672123823530
          1.2996215551422563
          0.9175884028583817
          0.5910007962682808
          0.3276108206545439
          0.1817525549273556
          0.0299185213360966
          0.0103852629432205
          0.0003034839413529
          0.0000368105868279
          4.2335251248360644
          7.4905430304859113
          1.8937006951316244
         10.4177667970154868
         21.8120408132171910
          5.2679206374341980
          3.5836704430296682
          5.7805230611075027
          1.4423382549282302
         15.9521537873885269
         34.4235186265700648
          8.1907781395333696
          3.0481737256132453
          5.4113308696950932
          1.3250967309188042
          7.5545617815558712
         15.7941401446431318
          3.7104845914224014
          2.5336743350274809
          4.1143156774323266
          0.9817600008778378
         11.5464504469127380
         24.8799342273283948
          5.7525357218850353
          4.4308191547954205
          9.2490937327802047
          2.0907939932382638
          6.7453601726942836
         14.5231771496364299
          3.2248523541627407
          2.1757643748166848
          4.5394430460641626
          0.9880057332041916
          3.2910416573747958
          7.0979295577123231
          1.5136386953517822
          8.0870574478857140
         18.6742951894816471
          3.7220827325143899
       4379.9641840420681547
      14353.4497016834720853
       2119.9682420508629548
          0.8318079667948862
          1.7380529657715262
          0.3655142133029184
          1.2461550671993178
          2.7039152419885375
          0.5557023791215567
          2.9669863030019967
          6.9624077312389767
          1.3248941042606217
       1306.2480023911036824
       4522.7018310593311980
        547.1709805242409175
          0.1376498320601054
          0.2895617563472100
          0.0575663872891437
          0.2027641831499226
          0.4476364692805869
          0.0867983001733698
          0.4578323318496861
          1.1165681354588517
          0.1999968247985850
        133.8193114288313268
        525.1665492310283980
         47.9951454593079845
