1  82   2   0   0   -6.477125   0.000000

./DATA/2947/100/M026/
0
          4.3279327606297890
          5.6563579980589394
          2.9511801753458959
          3.9227959108585435
          2.0145231634206859
          2.7079521400234374
          1.2055360610598875
          1.6338418568030220
          0.5611712888035125
          0.7618895278285400
          0.1834175184259310
          0.2460066450894920
          0.0130657655198501
          0.0168191163428412
          0.0000727545413969
          0.0000948223794280
          1.5773781689828150
          6.1941062185977849
          3.1860094432356640
          4.3348373929516919
         17.3913206233310511
          8.6067039777287544
          1.2476016382889845
          4.7236200433549120
          2.5175739912518846
          6.7625200862267389
         27.1180488528214347
         13.3589630602380609
          1.1203739208576353
          4.4490417741187613
          2.2675084067636684
          3.0875333538965952
         12.4940406442822738
          6.2040328024368483
          0.8759527121991988
          3.3377078437083849
          1.7506636199337702
          4.8102715782771162
         19.4277055840354045
          9.6237124112801258
          1.7558575309449567
          7.2150917047773868
          3.6011142790322626
          2.7294513600410930
         11.1652631222804910
          5.5781092585646332
          0.8218537422530025
          3.4732089966406714
          1.7437022827965403
          1.2739870176872101
          5.3401480296508250
          2.6946711570914359
          3.3445341786658669
         13.4835050157106302
          6.8373635174119443
       2312.5950741452834336
       8569.8725771873305348
       4042.5610627129808563
          0.2884451415183492
          1.2959040775788779
          0.6546777106893799
          0.4457156243846311
          1.9765117046884286
          1.0084051961149978
          1.1586434338638996
          4.8500454469021088
          2.5088931937707857
        715.9866108293306297
       2490.1516853813031958
       1227.2423593266764783
          0.0377419777188407
          0.2065303363461083
          0.1051010407763936
          0.0580813611419104
          0.3115206452766203
          0.1610989167799709
          0.1489439990147098
          0.7331472210666672
          0.3892828849924544
         79.6908744062535135
        249.2343455300520816
        132.8244458567371282
1
          5.6563579980589394
          4.3279327606297908
          3.9227959108585426
          2.9511801753458951
          2.7079521400234370
          2.0145231634206864
          1.6338418568030217
          1.2055360610598875
          0.7618895278285402
          0.5611712888035124
          0.2460066450894920
          0.1834175184259309
          0.0168191163428412
          0.0130657655198501
          0.0000948223794280
          0.0000727545413969
          3.1860094432356640
          6.1941062185977867
          1.5773781689828146
          8.6067039777287562
         17.3913206233310547
          4.3348373929516884
          2.5175739912518837
          4.7236200433549111
          1.2476016382889847
         13.3589630602380733
         27.1180488528214418
          6.7625200862267381
          2.2675084067636679
          4.4490417741187605
          1.1203739208576358
          6.2040328024368527
         12.4940406442822720
          3.0875333538965948
          1.7506636199337702
          3.3377078437083880
          0.8759527121991986
          9.6237124112801311
         19.4277055840354151
          4.8102715782771153
          3.6011142790322652
          7.2150917047773842
          1.7558575309449560
          5.5781092585646341
         11.1652631222804910
          2.7294513600410939
          1.7437022827965418
          3.4732089966406714
          0.8218537422530023
          2.6946711570914359
          5.3401480296508215
          1.2739870176872103
          6.8373635174119514
         13.4835050157106302
          3.3445341786658678
       4042.5610627129808563
       8569.8725771873287158
       2312.5950741452829789
          0.6546777106893806
          1.2959040775788759
          0.2884451415183492
          1.0084051961149982
          1.9765117046884269
          0.4457156243846312
          2.5088931937707835
          4.8500454469021097
          1.1586434338638991
       1227.2423593266757962
       2490.1516853813022863
        715.9866108293306297
          0.1051010407763936
          0.2065303363461082
          0.0377419777188407
          0.1610989167799708
          0.3115206452766203
          0.0580813611419104
          0.3892828849924544
          0.7331472210666672
          0.1489439990147098
        132.8244458567370998
        249.2343455300519111
         79.6908744062535135
