-11.26129418
  in kB    -125.33797  -125.33797  -125.33797    -0.00000    -0.00000     0.00000
 POSITION                                       TOTAL-FORCE (eV/Angst)
 -----------------------------------------------------------------------------------
      0.00000      0.00000      0.00000         0.000000      0.000000      0.000000
      0.00000      2.21050      2.21050         0.000000      0.000000      0.000000
      2.21050      2.21050      0.00000         0.000000      0.000000      0.000000
      2.21050      0.00000      2.21050         0.000000      0.000000      0.000000
 -----------------------------------------------------------------------------------
    total drift:                               -0.000000     -0.000000     -0.000000
