-24.93356347
  in kB      37.77609    21.87192    36.78187   -18.97266     1.62435    31.75954
 POSITION                                       TOTAL-FORCE (eV/Angst)
 -----------------------------------------------------------------------------------
      1.25033     -2.60201      4.06964         2.741147     -1.351847      1.172271
      2.87122     -1.99737      1.52814        -1.151121      0.182006      1.266118
      2.25435     -0.37769      3.31096         0.296879      0.392994      0.386204
      0.14400     -1.61448      2.60064        -1.824733      1.943729     -1.715766
      0.75627     -3.49112      1.26294        -0.844016      0.377542     -0.045955
      0.92918     -0.78002      0.40483        -0.251398     -0.717252     -0.484399
     -0.87942     -3.95887      3.34843         1.033243     -0.827172     -0.578473
 -----------------------------------------------------------------------------------
    total drift:                               -0.011083      0.008408      0.005163
