-23.60459253
  in kB      79.64365   148.31088   269.25477   -19.89601    59.08579   -18.32935
 POSITION                                       TOTAL-FORCE (eV/Angst)
 -----------------------------------------------------------------------------------
      2.61790      2.53317      1.21045        -0.524121     -0.342481      2.401992
      1.70452     -1.07021      3.11181         0.952438     -0.820519      0.351599
      1.08363      3.23415      2.89469        -0.193484     -0.726777     -2.574541
      0.60240     -1.24927      5.05393        -0.756980      2.481165     -0.691145
      0.70325      0.81846      2.38814         0.199968     -0.193820     -0.344401
     -0.76283      0.80930      4.11988         0.030092      0.440005     -0.158579
      2.28950      1.14625      4.12266         0.292087     -0.837573      1.015075
 -----------------------------------------------------------------------------------
    total drift:                               -0.000195     -0.000234      0.004606
