-12.11396666
  in kB     110.80192   110.80192   110.80192    -0.00000     0.00000    -0.00000
 POSITION                                       TOTAL-FORCE (eV/Angst)
 -----------------------------------------------------------------------------------
      0.00000      0.00000      0.00000         0.000000      0.000000      0.000000
      0.00000      1.96788      1.96788         0.000000      0.000000      0.000000
      1.96788      1.96788      0.00000         0.000000      0.000000      0.000000
      1.96788      0.00000      1.96788         0.000000      0.000000      0.000000
 -----------------------------------------------------------------------------------
    total drift:                                0.000000      0.000000     -0.000000
