  1  H_   4     0.0  0.400   10.0  0.400   20.0  0.400   30.0  0.400 
  3  Li   4     0.0  1.526   10.0  1.345   20.0  1.267   30.0  1.216 
  4  Be   4     0.0  1.105   10.0  1.079   20.0  1.059   30.0  1.042 
  5  B_   4     0.0  0.836   10.0  0.824   20.0  0.814   30.0  0.805 
  6  C_   4     0.0  0.774   10.0  0.768   20.0  0.763   30.0  0.758
  7  N_   4     0.0  0.907   10.0  0.889   20.0  0.875   30.0  0.862
  8  O_   4     0.0  0.820   10.0  0.820   20.0  0.820   30.0  0.820 
 11  Na   4     0.0  1.867   10.0  1.536   20.0  1.441   30.0  1.381 
 12  Mg   5     0.0  1.591   10.0  1.495   20.0  1.441   30.0  1.400   50.0  1.345 
 13  Al   4     0.0  1.428   10.0  1.381   20.0  1.348   30.0  1.323   50.0  1.275
 14  Si   4     0.0  1.170   10.0  1.136   20.0  1.112   30.0  1.093
 19  K_   4     0.0  2.353   10.0  1.797   20.0  1.689   30.0  1.591 
 20  Ca   5     0.0  1.951   10.0  1.690   20.0  1.594   30.0  1.526   50.0  1.470
 21  Sc   4     0.0  1.608   10.0  1.529   20.0  1.476   30.0  1.437 
 22  Ti   4     0.0  1.438   10.0  1.403   20.0  1.375   30.0  1.353 
 23  V_   4     0.0  1.298   10.0  1.277   20.0  1.259   30.0  1.244 
 24  Cr   4     0.0  1.234   10.0  1.220   20.0  1.207   30.0  1.196 
 25  Mn   4     0.0  1.234   10.0  1.222   20.0  1.210   30.0  1.199 
 26  Fe   4     0.0  1.229   10.0  1.210   20.0  1.182   30.0  1.173 
 27  Co   4     0.0  1.239   10.0  1.221   20.0  1.207   30.0  1.195 
 28  Ni   4     0.0  1.241   10.0  1.222   20.0  1.208   30.0  1.195 
 29  Cu   6     0.0  1.279   10.0  1.255   20.0  1.236   30.0  1.220  100.0  1.152  200.0  1.101
 30  Zn   4     0.0  1.329   10.0  1.311   20.0  1.287   30.0  1.267 
 34  Se   4     0.0  1.199   10.0  1.199   20.0  1.199   30.0  1.199
 37  Rb   4     0.0  2.524   10.0  1.900   20.0  1.729   30.0  1.590 
 38  Sr   4     0.0  2.131   10.0  1.788   20.0  1.671   30.0  1.601 
 39  Y_   4     0.0  1.769   10.0  1.682   20.0  1.615   30.0  1.566 
 40  Zr   4     0.0  1.597   10.0  1.554   20.0  1.520   30.0  1.435 
 41  Nb   4     0.0  1.439   10.0  1.414   20.0  1.393   30.0  1.376 
 42  Mo   4     0.0  1.372   10.0  1.356   20.0  1.342   30.0  1.330 
 43  Tc   4     0.0  1.363   10.0  1.349   20.0  1.337   30.0  1.326 
 44  Ru   4     0.0  1.335   10.0  1.323   20.0  1.312   30.0  1.302 
 45  Rh   4     0.0  1.361   10.0  1.345   20.0  1.331   30.0  1.319 
 46  Pd   6     0.0  1.399   10.0  1.375   20.0  1.356   30.0  1.342  100.0  1.275  200.0  1.224
 47  Ag   6     0.0  1.472   10.0  1.430   20.0  1.402   30.0  1.380  100.0  1.298  200.0  1.240
 48  Cd   4     0.0  1.510   10.0  1.482   20.0  1.447   30.0  1.422 
 49  In   4     0.0  1.510   10.0  1.482   20.0  1.447   30.0  1.422
 50  Sn   2     0.0  1.394   20.0  1.300
 52  Te   2     0.0  1.394   20.0  1.300
 54  Xe   2     0.0  1.858   10.0  1.858
 55  Cs   4     0.0  2.743   10.0  1.809   20.0  1.696   30.0  1.643 
 56  Ba   4     0.0  2.178   10.0  1.801   20.0  1.678   30.0  1.624 
 57  La   4     0.0  1.867   10.0  1.701   20.0  1.614   30.0  1.558 
 72  Hf   4     0.0  1.567   10.0  1.527   20.0  1.497   30.0  1.472 
 73  Ta   4     0.0  1.439   10.0  1.416   20.0  1.397   30.0  1.381 
 74  W_   4     0.0  1.381   10.0  1.367   20.0  1.355   30.0  1.343 
 75  Re   4     0.0  1.381   10.0  1.370   20.0  1.359   30.0  1.350 
 76  Os   4     0.0  1.349   10.0  1.339   20.0  1.330   30.0  1.322 
 77  Ir   4     0.0  1.370   10.0  1.358   20.0  1.348   30.0  1.338 
 78  Pt   4     0.0  1.406   10.0  1.389   20.0  1.375   30.0  1.363 
 79  Au   4     0.0  1.475   10.0  1.446   20.0  1.424   30.0  1.406 
 80  Hg   4     0.0  1.745   10.0  1.565   20.0  1.515   30.0  1.484 
 83  Bi   2     0.0  1.535   20.0  1.500
 93  Ef   4     0.0  1.206   10.0  1.210   20.0  1.182   30.0  1.173 
101  B1   4     0.0  2.074   10.0  2.033   20.0  1.999   30.0  1.971 
===== table 
  1  H_         0.0            1.000    10.000 
  3  Li        -0.00473085     1.000     7.010
  4  Be        -0.01747088     1.000    10.000
  5  B_        -0.36849677     1.000    10.000
  6  C_         0.0            1.000    10.000 
  7  N_         0.0            1.000    10.000 
  8  O_         0.0            1.000    10.000 
 11  Na        -0.00962025     1.000    22.990
 12  Mg        -0.09582503     1.114    24.305
 13  Al        -0.00698186     1.000    26.982
 14  Si         0.0            1.000    10.000 
 19  K_         0.0            1.000    10.000 
 20  Ca        -0.06228767     1.366    40.078
 21  Sc         0.0            1.000    10.000 
 22  Ti        -1.18746818     1.000    47.880
 23  V_         0.0            1.000    10.000 
 24  Cr         0.0            1.000    10.000 
 25  Mn         0.0            1.000    10.000 
 26  Fe         0.0            1.000    10.000 
 27  Co         0.0            1.000    10.000 
 28  Ni         0.0            1.000    10.000 
 29  Cu        -0.36849677     0.895    63.546
 30  Zn        -0.16432803     1.000    65.390
 34  Se        -0.00392903     1.000    10.000
 37  Rb         0.0            1.000    10.000 
 38  Sr         0.0            1.000    10.000 
 39  Y_         0.0            1.000    10.000 
 40  Zr         0.0            1.000    10.000 
 41  Nb         0.0            1.000    10.000 
 42  Mo         0.0            1.000    10.000 
 43  Tc         0.0            1.000    10.000 
 44  Ru         0.0            1.000    10.000 
 45  Rh        -1.13987462     1.000    10.000
 46  Pd        -1.75403858     0.979   106.420
 47  Ag        -0.15242997     1.030   107.868
 48  Cd        -0.16740473     1.000   112.411
 49  In         0.0            1.000    10.000 
 50  Sn        -0.18359614     1.000   118.710
 52  Te         0.0            1.000    10.000 
 55  Cs         0.0            1.000    10.000 
 56  Ba         0.0            1.000    10.000 
 57  La         0.0            1.000    10.000 
 72  Hf         0.0            1.000    10.000 
 73  Ta         0.0            1.000    10.000 
 74  W_         0.0            1.000    10.000 
 75  Re         0.0            1.000    10.000 
 76  Os         0.0            1.000    10.000 
 77  Ir        -0.22577023     1.000    10.000
 78  Pt        -0.12752061     0.984   195.080
 79  Au        -0.11240739     1.000   196.966
 80  Hg         0.0            1.000    10.000 
 83  Bi         0.0            1.000    10.000 
 93  Ef         0.0            1.000    10.000 
101  B1         0.0            1.000    10.000 
===== atoms 
