-9.15212470
  in kB     769.84385   769.84385   769.84385     0.00000     0.00000    -0.00000
 POSITION                                       TOTAL-FORCE (eV/Angst)
 -----------------------------------------------------------------------------------
      0.00000      0.00000      0.00000         0.000000      0.000000      0.000000
      0.00000      1.81962      1.81962         0.000000      0.000000      0.000000
      1.81962      1.81962      0.00000         0.000000      0.000000      0.000000
      1.81962      0.00000      1.81962         0.000000      0.000000      0.000000
 -----------------------------------------------------------------------------------
    total drift:                                0.000000      0.000000      0.000000
