-5.70952542
  in kB    1429.05075  1429.05075  1429.05075    -0.00000     0.00000     0.00000
 POSITION                                       TOTAL-FORCE (eV/Angst)
 -----------------------------------------------------------------------------------
      0.00000      0.00000      0.00000         0.000000      0.000000      0.000000
      0.00000      1.75223      1.75223         0.000000      0.000000      0.000000
      1.75223      1.75223      0.00000         0.000000      0.000000      0.000000
      1.75223      0.00000      1.75223         0.000000      0.000000      0.000000
 -----------------------------------------------------------------------------------
    total drift:                                0.000000      0.000000      0.000000
