1  82   4   1   0   -9.128501   0.000000

./DATA/2947/200/60/
0
          0.4830532047198353
          4.4697682426883345
          0.2266485381572614
          3.0599990673660864
          0.0977676314702029
          2.0091869196313339
          0.0276986339990573
          1.0692656315669424
          0.0033850398138522
          0.3737793398030088
          0.0001172013105877
          0.0695499049370446
          0.0000000261429255
          0.0010387410349384
          0.0000000000000013
          0.0000002317015858
          0.0000000000000000
          0.1827309422092510
          1.6991505080654534
          0.0000000000000000
          1.0635896257407544
          4.4734213286239903
          0.0000000000000000
          0.0537637150454298
          1.0073835394249082
          0.0000000000000000
          1.8154810821084342
          6.5559251805419620
          0.0000000000000000
          0.1121514818146845
          1.1534297540747356
          0.0000000000000000
          0.6529718214627639
          3.0772037354673740
          0.0000000000000000
          0.0329653586723597
          0.6734640910013133
          0.0000000000000000
          1.1146060379685181
          4.5210120537865901
          0.0000000000000000
          0.2815963998867066
          1.6178885979033111
          0.0000000000000000
          0.4806905991442872
          2.3858788596319447
          0.0000000000000000
          0.0867586753947175
          0.6602206559451902
          0.0000000000000000
          0.1481021286138743
          0.9776893503125375
          0.0000000000000000
          0.4315959285129192
          2.1686055309305150
          0.0000000000000000
        264.4218428495496482
        280.8550681521162460
          0.0000000000000000
          0.0161410249915150
          0.1845279827572665
          0.0000000000000000
          0.0275541165996475
          0.2744357974928435
          0.0000000000000000
          0.0802981548491124
          0.6116399340588041
          0.0000000000000000
         49.1896121536443900
         79.0861590310569227
          0.0000000000000000
          0.0005588032933174
          0.0145930005843711
          0.0000000000000000
          0.0009539347229173
          0.0218077768550864
          0.0000000000000000
          0.0027799667671227
          0.0488639304836343
          0.0000000000000000
          1.7028454005553297
          6.3238695688986013
1
          1.4899227475627783
          3.4628986998453914
          1.0199996891220295
          2.2666479164013200
          0.6697289732104446
          1.4372255778910923
          0.3564218771889804
          0.7405423883770186
          0.1245931132676696
          0.2525712663491914
          0.0231833016456815
          0.0464838046019508
          0.0003462470116461
          0.0006925201662178
          0.0000000772338619
          0.0000001544677252
          0.1037919368785288
          0.9860934456896600
          0.7919960677065125
          0.1039281577798053
          3.1289544454366314
          2.3041283511483046
          0.1037631540036255
          0.4819839566244969
          0.4754001438422142
          0.1040355958061785
          4.7677059561184354
          3.4996647107257894
          0.0637275061498171
          0.6788819843550840
          0.5229717453845191
          0.0637930443964242
          2.1415403420063228
          1.5248421705273945
          0.0637136577926848
          0.3325371979729599
          0.3101785939080294
          0.0638447342858989
          3.2578539132754400
          2.3139194441937785
          0.0275046553430926
          1.1174485545449266
          0.7545317879020027
          0.0275192969223300
          1.6957775122913954
          1.1432726495625025
          0.0084724116193423
          0.4521218391896818
          0.2863850805308842
          0.0084749159263360
          0.6842104445603125
          0.4331061184397654
          0.0084850970842553
          1.5726321359561402
          1.0190842264030411
          0.0125068941954618
        275.3523125962033191
        269.9120915112675334
          0.0015760316438180
          0.1252469335477132
          0.0738460425572501
          0.0015762326295256
          0.1889894386027266
          0.1114242428602380
          0.0015770497201420
          0.4313719082152892
          0.2589891309724849
          0.0018997874396459
         69.1168438303733694
         59.1570275668883525
          0.0000545576348292
          0.0098058195510282
          0.0052914266918312
          0.0000545589295854
          0.0147473782851925
          0.0079597743632257
          0.0000545641932746
          0.0333934808582478
          0.0181958521992345
          0.0000566431377342
          4.7834148931753742
          3.2432434331408135
1
          1.4899227475627783
          3.4628986998453914
          1.0199996891220298
          2.2666479164013205
          0.6697289732104446
          1.4372255778910921
          0.3564218771889804
          0.7405423883770184
          0.1245931132676696
          0.2525712663491914
          0.0231833016456815
          0.0464838046019508
          0.0003462470116461
          0.0006925201662178
          0.0000000772338619
          0.0000001544677252
          0.1037919368785288
          0.9860934456896600
          0.7919960677065119
          0.1039281577798053
          3.1289544454366318
          2.3041283511483019
          0.1037631540036255
          0.4819839566244971
          0.4754001438422143
          0.1040355958061785
          4.7677059561184318
          3.4996647107257863
          0.0637275061498171
          0.6788819843550841
          0.5229717453845191
          0.0637930443964242
          2.1415403420063250
          1.5248421705273949
          0.0637136577926848
          0.3325371979729598
          0.3101785939080292
          0.0638447342858989
          3.2578539132754405
          2.3139194441937789
          0.0275046553430926
          1.1174485545449289
          0.7545317879020030
          0.0275192969223300
          1.6957775122913965
          1.1432726495625012
          0.0084724116193423
          0.4521218391896817
          0.2863850805308842
          0.0084749159263360
          0.6842104445603125
          0.4331061184397652
          0.0084850970842553
          1.5726321359561408
          1.0190842264030424
          0.0125068941954618
        275.3523125962029781
        269.9120915112673060
          0.0015760316438180
          0.1252469335477131
          0.0738460425572502
          0.0015762326295256
          0.1889894386027266
          0.1114242428602382
          0.0015770497201420
          0.4313719082152890
          0.2589891309724850
          0.0018997874396459
         69.1168438303734547
         59.1570275668883028
          0.0000545576348292
          0.0098058195510282
          0.0052914266918312
          0.0000545589295854
          0.0147473782851925
          0.0079597743632257
          0.0000545641932746
          0.0333934808582478
          0.0181958521992346
          0.0000566431377342
          4.7834148931753715
          3.2432434331408180
1
          1.4899227475627783
          3.4628986998453906
          1.0199996891220298
          2.2666479164013205
          0.6697289732104446
          1.4372255778910927
          0.3564218771889804
          0.7405423883770184
          0.1245931132676696
          0.2525712663491912
          0.0231833016456815
          0.0464838046019508
          0.0003462470116461
          0.0006925201662178
          0.0000000772338619
          0.0000001544677252
          0.1037919368785288
          0.9860934456896600
          0.7919960677065120
          0.1039281577798053
          3.1289544454366309
          2.3041283511483033
          0.1037631540036255
          0.4819839566244971
          0.4754001438422144
          0.1040355958061785
          4.7677059561184318
          3.4996647107257854
          0.0637275061498171
          0.6788819843550842
          0.5229717453845192
          0.0637930443964242
          2.1415403420063246
          1.5248421705273947
          0.0637136577926848
          0.3325371979729598
          0.3101785939080292
          0.0638447342858989
          3.2578539132754392
          2.3139194441937780
          0.0275046553430926
          1.1174485545449282
          0.7545317879020028
          0.0275192969223300
          1.6957775122913972
          1.1432726495625016
          0.0084724116193423
          0.4521218391896817
          0.2863850805308842
          0.0084749159263360
          0.6842104445603125
          0.4331061184397651
          0.0084850970842553
          1.5726321359561410
          1.0190842264030431
          0.0125068941954618
        275.3523125962029212
        269.9120915112674766
          0.0015760316438180
          0.1252469335477131
          0.0738460425572502
          0.0015762326295256
          0.1889894386027266
          0.1114242428602381
          0.0015770497201420
          0.4313719082152890
          0.2589891309724851
          0.0018997874396459
         69.1168438303734121
         59.1570275668882886
          0.0000545576348292
          0.0098058195510282
          0.0052914266918312
          0.0000545589295854
          0.0147473782851925
          0.0079597743632258
          0.0000545641932746
          0.0333934808582478
          0.0181958521992346
          0.0000566431377342
          4.7834148931753724
          3.2432434331408175
