1  82   4   1   4   -13.240480   0.000000
  0 
./DATA/2947/110/M022/
0
          8.8836921393874686
          3.1969525310132783
          6.2014067056062521
          2.1722927971294879
          4.3464738364629580
          1.4651470588015905
          2.7214749230209545
          0.8550061223984358
          1.3892169200416791
          0.3787456900702306
          0.5395659981268220
          0.1124530041627551
          0.0616238513496927
          0.0059085844387226
          0.0009672092597745
          0.0000171633124988
          9.4358283579514080
          7.2803028601011928
          0.6168262254913408
         24.8788497927387589
         19.3418437065318258
          2.5966099975012700
          8.2057536776667011
          5.6844886641509467
          0.4270030197356653
         39.0917965472413727
         29.8075703570122386
          4.3865705637555203
          6.8596668082514398
          5.2544448713688459
          0.4279225031322179
         18.1711685741875151
         13.8895625497083461
          1.9047956008116775
          5.8944673440872499
          4.0703755735689127
          0.2787870891729411
         28.5174708759593898
         21.3406109302479230
          3.2325332845318595
         10.8431576008403638
          8.0196267778618537
          1.1432358962605913
         16.9690595034426863
         12.2601296386924847
          1.9496313214561010
          5.5080547061530085
          3.8666389513984156
          0.5818256599397503
          8.5768913819184007
          5.8739179845382976
          0.9944879297869449
         22.6243036758159022
         14.7609561011982464
          2.9702929624622860
      20076.7120170378402690
       9990.9177981322318374
       2918.2173628687837663
          2.2470063415742545
          1.4516314117032378
          0.2343028689806797
          3.4712975348374258
          2.1893539780844509
          0.3997600676188733
          8.9098948011497843
          5.3656216894721389
          1.1797123040177193
       6687.3435575074372537
       3072.6932371331677132
       1023.8390718102322126
          0.4411474577761810
          0.2365164902035028
          0.0425425762408302
          0.6720276625267942
          0.3537223238514684
          0.0719975595227183
          1.6427278539654036
          0.8348526625593050
          0.2074334374836804
        854.7746698444389040
        342.3444921793949902
        142.9618699071671131
0
          8.7963537304851620
          3.3042182935441042
          6.2156874955667698
          2.1552915235804688
          4.4180166565310461
          1.3735625627399541
          2.8153233676564695
          0.7281883322953575
          1.4572831872139593
          0.2767496910455190
          0.5611853029145855
          0.0700497963430642
          0.0606410847329192
          0.0037044017662727
          0.0009222979956573
          0.0000183951911226
         10.1842122361986540
          6.3110869874912243
          0.5759967530716428
         24.5494395694285714
         19.8915402384310731
          2.4593827793701770
          9.2084991125174831
          4.3542522201238087
          0.3800640341130986
         37.9389537789773144
         31.5151587220035161
          4.1468360867101675
          7.4617522652748089
          4.4741780398832143
          0.3799320465523567
         18.0593128633169151
         14.1700639204236296
          1.7379564058498944
          6.6585445130984686
          3.0459688066070765
          0.2385253131866966
         27.8536657091826392
         22.4377405676879143
          2.9545740317817737
         10.9069782948687042
          8.0532843858304606
          0.9764243190796639
         16.7638144318994229
         12.7345380127151380
          1.6788587607955390
          5.6284239443739059
          3.7831290413807293
          0.4522427576872289
          8.6108204073254573
          5.9664617956421875
          0.7860702329413111
         22.1888279551257952
         15.7206363003157659
          2.4403610075866449
      20408.4570781722140964
      10148.5707351038618071
       2605.0846463512657465
          2.3411748694907364
          1.3595489984868832
          0.1589517807337028
          3.5620593096827964
          2.1340829982651561
          0.2786342413958992
          8.9245815288379440
          5.5356978142384152
          0.8694986559501489
       6745.6710416979558431
       3152.1274990205001814
        891.2982527595848978
          0.4720493524142151
          0.2002523592339712
          0.0219305009312128
          0.7134403041358933
          0.3110353606412815
          0.0386336260751412
          1.7129752634776187
          0.7826358551138300
          0.1205150269137831
        850.3417203504595818
        350.7614630600795067
        116.0139240722035936
0
          8.7309736497458363
          3.3637261357668584
          5.8751700418130834
          2.4935959122476428
          3.9537004660773687
          1.8430650840589056
          2.3379731205217449
          1.2197666421569391
          1.1010159555126862
          0.6514281876987498
          0.3893410924350864
          0.2542066975330260
          0.0401969287735219
          0.0257968699026832
          0.0006670055992073
          0.0002742258211154
          7.0759751766688064
          8.7931651065779235
          1.3127401906656255
         22.7780807155189144
         20.6618285378014548
          3.3503790277580277
          5.3788184551386671
          7.3927144679053294
          1.3481489210022084
         36.7830295328388175
         31.1300413303524302
          5.4234265951870109
          5.0213740792204424
          6.4365246943554135
          0.9595222586035040
         16.2632494611906893
         15.0517813485025886
          2.5827284133742192
          3.7725046528142698
          5.3693996673968796
          0.9487603814196898
         26.2562554167547084
         22.5999129756912147
          4.1951726909611216
          9.3269205702316977
          8.9118203170315748
          1.6771334270569476
         15.0370695447660516
         13.3054324693704107
          2.7330283875752701
          4.4744300097848404
          4.4587982642516790
          0.9432620673918161
          7.1893207304145879
          6.6099349378106851
          1.5378468543287047
         19.8391479502309274
         15.9795646432198915
          4.3108022035042506
      17945.6202452704601455
      11236.4268782095223287
       3917.5165865946710255
          1.6743400934172894
          1.7750329838154317
          0.4331575230669512
          2.6734354673832739
          2.6100962120131035
          0.7035143260152597
          7.2451063589577354
          6.1089221169097527
          1.9272974041197120
       5810.0821552061624971
       3470.0598909066347915
       1484.2858997771490976
          0.2708931145763973
          0.3335917440198603
          0.1011168063483791
          0.4272599465024787
          0.4858721770352964
          0.1623758513788443
          1.1197692285939402
          1.0823504810907325
          0.4267354108689921
        706.1298901597826898
        381.5139218129896790
        230.6024942187530087
1
          9.8648969603242378
          2.2324201372286643
          6.8211802329576008
          1.5489458216161944
          4.6817747056004526
          1.1116753929053915
          2.8029610968507326
          0.7446338134696486
          1.3069235688144993
          0.4307822294966813
          0.4367094980388453
          0.1952416861777402
          0.0354098561076785
          0.0282061571978856
          0.0003097843247369
          0.0005912995178331
         10.4573927780301066
          6.3307515940978112
          0.3145483769636437
         30.6824909404372761
         15.4931183536183408
          0.6941766928829635
          8.1019639275732533
          5.3805959091746560
          0.5058668065623442
         48.5521602523874947
         23.7053294282157410
          1.2651234384009840
          7.4449562881508120
          4.6871579548151017
          0.2118044981546594
         22.1933214239701897
         11.2985565018326390
          0.4616743059835347
          5.6635853581464044
          3.9649429061630515
          0.3514259768024173
         35.1603156297852166
         17.1877400001981222
          0.8511655924601679
         12.9585951974841684
          6.7482909205358057
          0.2335138256989215
         20.5566752280226197
         10.1713345495154996
          0.4381726798001488
          6.3336415217174551
          3.4499324183925162
          0.0934036415712272
         10.0532007327548580
          5.1433925404448644
          0.1787466106791957
         27.0222824507144814
         12.6338975721227857
          0.6804210771543885
      20688.5182821508024062
       9747.2535785621003015
       2591.2069539009858090
          2.4195713886133046
          1.4269258867340058
          0.0266699949787845
          3.8377417026890868
          2.1032450341724855
          0.0520215198041942
         10.1884977925662934
          4.9651479633845383
          0.2024382356772383
       6906.3775160542736558
       3031.2673467127260665
        797.1453845802161595
          0.4100874876043570
          0.2878649696645015
          0.0024201076864770
          0.6483490120312656
          0.4193926217950867
          0.0048041914613288
          1.6806921753437529
          0.9362438369736805
          0.0190625287075644
        889.1250058909222389
        342.5136198551863913
         77.2039942110151429
   0    4 -0.079146  0.064124 -0.311655 
          0.0105252098663906          -0.1062815509699695          -0.0551742508167578
          0.0202132257320657           0.1695222609977726           0.0103059599836785
          0.0066807476861210           0.0523728208429087          -0.0113013563816728
         -0.0065204397081415          -0.0296053514042069           0.0013784341975846
          0.0264886821362372           0.1494368586567723          -0.0023535294191340
         -0.0283592467860188          -0.1373749862023984           0.0014561049173863
          0.0526765898928776           0.1960180787240771          -0.0096895353598312
         -0.0450525007810169          -0.1817773110651067           0.0063758286376422
          0.0619020258057258           0.1646690134479297          -0.0165649244598777
         -0.0471529903520976          -0.1466787462013881           0.0122896463172608
          0.0435431786618950           0.0833932124000745          -0.0072320722482371
         -0.0306072590527265          -0.0691517765508326           0.0119146979700287
          0.0105637135264431           0.0109462498552853           0.0036573954130504
         -0.0048644284121005          -0.0064919790907563           0.0026906636809461
          0.0003116789230993           0.0001796295664532           0.0003302788870322
         -0.0000459374156257          -0.0000340275264090           0.0000304064360004
          0.2959643090278136           1.2432967309105978          -0.0466580451105571
         -0.2319482138985407          -1.0504179828419129           0.0272139088746484
         -0.0296861968388357          -0.0848380661157413           0.0070719010290565
         -0.1555554643204807           0.0717999353775121          -0.0213572062907361
          0.0789834378762756           0.3393904358750641          -0.0318010414440493
         -0.0325769270471940          -0.2046759154216183          -0.0038880416063948
          0.4177682116200997           1.2585151188958021          -0.1190837632645456
         -0.3016496867130635          -1.0184697128858753           0.0793706947895975
         -0.0224112712934900          -0.1146703660775327           0.0002899436181215
         -0.4852713350764909          -1.0844784721703684          -0.0684820856248964
          0.3202136168365659           1.7611471245480794          -0.0386592058477969
         -0.0281927317102072          -0.3543460646892866          -0.0216299416527812
          0.2806371407042403           1.0819136983930970          -0.0512979112992921
         -0.2114075789192648          -0.9027067681649568           0.0322630720598514
         -0.0297501661063661          -0.0855103259008158           0.0070000913277445
         -0.0723715988315542           0.3992666454334851           0.0262515431992400
          0.0110010032847946          -0.0367634724797646          -0.0258368397060640
         -0.0473239901645506          -0.2500414222519371           0.0003504581586935
          0.3718681195607595           1.0452092215312838          -0.1134325894028145
         -0.2688467887028348          -0.8448702136958746           0.0794573373863212
         -0.0204304135644688          -0.0900363871457995           0.0017580850114357
         -0.3341493595108299          -0.3200848843879388           0.0416663195942500
          0.1759703757052828           0.8870163776745096          -0.0367424861455092
         -0.0555780616808367          -0.4190985798480420          -0.0115411813266664
          0.0281303912174010           0.6226658899943395           0.0371724094108744
         -0.0311039676352284          -0.3187561725851702          -0.0278473083735350
         -0.0556990639613730          -0.2466493906297733           0.0064306612179247
         -0.1271403503500458           0.3477669805170905           0.0824655478858064
          0.0631018810948926           0.1071377615097062          -0.0479881094849798
         -0.0744399889565271          -0.4062978454458540           0.0022831967079651
          0.0863389052411514           0.6010107656478780           0.0118688055671701
         -0.0307058479486393          -0.3663047579898420          -0.0315847533943371
         -0.0506356211552775          -0.1866992597345931           0.0101800193585996
          0.0274272078243053           0.5880207158402507           0.0426829970290763
          0.0216354305126213          -0.2407189935872322          -0.0583785378387525
         -0.0717565531908560          -0.3053164151811024           0.0117055829244212
         -0.1446854495843385           0.2215443460560283           0.1983044984399607
          0.1847561207732840           0.6522563814803363          -0.0613296692526951
         -0.1389950218001338          -0.8183812338793265           0.0069701408585738
      -1028.9909861047781305       -1285.2494230196380158         578.5118461174913591
        480.9351110425358229        2023.8035921871094160          52.0888241650199575
        -83.2949731896227945        -464.2502484120988129         -29.0772004592006148
          0.0813937496378932           0.4025481029611337          -0.0144213407511927
         -0.0122864738234647          -0.2543438731785790          -0.0272914131843548
         -0.0353419052755769          -0.1051738218359001           0.0095690271906470
          0.0765839127545655           0.4738179547529931          -0.0115327876667300
          0.0163928023695414          -0.2522091178468224          -0.0514076807803719
         -0.0518216844634772          -0.1713901047436786           0.0131228404896216
          0.1172113307580264           0.6400356307299871           0.0339577323687286
          0.1112431835595971          -0.0833875911537054          -0.1031069717106242
         -0.1095450544056593          -0.4581171983024803           0.0229892015349098
       -267.6979775613840502        -358.1538197497857254         450.5547164875599719
         96.8009853519786390         633.4003084877111860          65.8252895447310209
        -44.2588704887972142        -254.5891698831964618           2.7145346021218497
          0.0244829846793506           0.1237136706215236          -0.0160048745303877
          0.0018614798187712          -0.0780062212507143          -0.0114354870663909
         -0.0132758824679947          -0.0281055337885856           0.0045253930521766
          0.0275638449118466           0.1619484834967619          -0.0263493864957006
          0.0118982949086434          -0.0920346903256394          -0.0217538336117168
         -0.0200760891575023          -0.0456898313217127           0.0066761339786969
          0.0677927801957222           0.2975041076683293          -0.0596761089099470
          0.0509522719456720          -0.1156793161493243          -0.0563206064625792
         -0.0453418185868351          -0.1211595227951703           0.0142994889496393
         53.3272685992756124           4.1785614849492632         119.8018608899527493
          3.4894773579166602          60.2935703006159116          14.5397503315443686
         -8.9423917265601336         -54.7679356168025322           3.4884723628577134
   0
          0.0000000000000000           0.0000000000000000           0.0000000000000001
          0.0000000000000000           0.0000000000000000           0.0000000000000000
         -0.0000000000000000          -0.0000000000000000           0.0000000000000000
          0.0000000000000000           0.0000000000000000           0.0000000000000000
          0.0000000000000000          -0.0000000000000000           0.0000000000000001
          0.0000000000000000           0.0000000000000000           0.0000000000000000
         -0.0000000000000000           0.0000000000000000           0.0000000000000000
          0.0000000000000000           0.0000000000000000           0.0000000000000000
         -0.0000000000000000           0.0000000000000000          -0.0000000000000000
          0.0000000000000000           0.0000000000000000           0.0000000000000000
         -0.0000000000000000          -0.0000000000000000          -0.0000000000000000
          0.0000000000000000           0.0000000000000000           0.0000000000000000
          0.0000000000000000          -0.0000000000000000           0.0000000000000000
          0.0000000000000000           0.0000000000000000           0.0000000000000000
         -0.0000000000000000           0.0000000000000000          -0.0000000000000000
          0.0000000000000000           0.0000000000000000           0.0000000000000000
         -0.0615679559119307          -0.2170725555783451          -0.0230694798164947
          0.0442907675783236           0.2249844670938791          -0.0016311701457538
          0.0000000000000000           0.0000000000000000           0.0000000000000000
          0.0839717494879910           0.5268128217766396          -0.0073125609339653
         -0.1065538914643532          -0.5144984486312389           0.0048150295684160
          0.0000000000000000           0.0000000000000000           0.0000000000000000
         -0.0929825268361901          -0.2565619522407970          -0.0224535784058642
          0.0510368125303394           0.2637728800400774          -0.0022866896452849
          0.0000000000000000           0.0000000000000000           0.0000000000000000
          0.1980968839636533           1.2312088024691688           0.0090602593591955
         -0.2506525055550139          -1.2151929514101578           0.0106057097830531
          0.0000000000000000           0.0000000000000000           0.0000000000000000
         -0.0368257676718337          -0.1272678050953815          -0.0080924924554992
          0.0290510287771607           0.1255374761666619          -0.0032120184116005
          0.0000000000000000           0.0000000000000000           0.0000000000000000
          0.0999478228337607           0.4812552737300096          -0.0178882357458168
         -0.1061251850480769          -0.4610892243194149           0.0105625678980406
          0.0000000000000000           0.0000000000000000           0.0000000000000000
         -0.0667377183306185          -0.1796043751649795           0.0043843837649664
          0.0380149074231035           0.1685287976724868          -0.0031577441997095
          0.0000000000000000           0.0000000000000000           0.0000000000000000
          0.2068094626805713           1.0374417824857987          -0.0152071028156677
         -0.2323375202273730          -1.0047246032996671           0.0243914284195724
          0.0000000000000000           0.0000000000000000           0.0000000000000000
          0.1009183260200819           0.3822192106562748          -0.0260842696625950
         -0.0949565531161653          -0.3559884790260028           0.0161244964945224
          0.0000000000000000           0.0000000000000000           0.0000000000000000
          0.1872957548315787           0.7505529390281885          -0.0309764492843693
         -0.1925252313958383          -0.7090912121580530           0.0355305038010156
          0.0000000000000000           0.0000000000000000           0.0000000000000000
          0.0789949521799215           0.2535509196571621          -0.0252108281462987
         -0.0728219586468369          -0.2309074442792208           0.0174089626606105
          0.0000000000000000           0.0000000000000000           0.0000000000000000
          0.1368246713916722           0.4593502524680114          -0.0276366792017074
         -0.1385928953568842          -0.4273342636108112           0.0362319184518199
          0.0000000000000000           0.0000000000000000           0.0000000000000000
          0.4424459493163166           1.4812468440798470           0.0333764300278260
         -0.4699575266841327          -1.3770966522537491           0.1425107919439601
          0.0000000000000000           0.0000000000000000           0.0000000000000000
        184.8301179896887447        1954.8626940466210726         368.0557232520922639
       -620.2736320315161720       -1485.3642887055571009         209.5039638171476213
          0.0000000000000000           0.0000000000000000           0.0000000000000000
          0.0433896041933520           0.1285964632538122          -0.0161606841414166
         -0.0451426846548904          -0.1177460126270309           0.0137773467221506
          0.0000000000000000           0.0000000000000000           0.0000000000000000
          0.0726599355861918           0.2174158569344456          -0.0120410072907386
         -0.0813690295992121          -0.2057007239308819           0.0271852600061892
          0.0000000000000000           0.0000000000000000           0.0000000000000000
          0.2373307540750461           0.6403781433215675           0.0490339131214472
         -0.2520690805882708          -0.6040888421844501           0.0962193817937304
          0.0000000000000000           0.0000000000000000           0.0000000000000000
        188.6503382666881237         727.1582687841116694          95.7005391923148210
       -228.4708691954354833        -450.4481746207787864          88.8036214181868075
          0.0000000000000000           0.0000000000000000           0.0000000000000000
          0.0066848726014027           0.0280463069241283          -0.0031701294463200
         -0.0151183649387809          -0.0291328259975167           0.0057914296084265
          0.0000000000000000           0.0000000000000000           0.0000000000000000
          0.0123010081435207           0.0436157536632033           0.0036293634340458
         -0.0255922252390855          -0.0481845566216459           0.0107171256100127
          0.0000000000000000           0.0000000000000000           0.0000000000000000
          0.0520227687415718           0.1152951909738549           0.0472578394147067
         -0.0708915136896723          -0.1277525605202466           0.0335456298972446
          0.0000000000000000           0.0000000000000000           0.0000000000000000
         74.2594356836935248         122.0825189913652054           6.3984258452552725
        -34.1555074941368275         -49.7982219424963191          15.9342409236808287
          0.0000000000000000           0.0000000000000000           0.0000000000000000
   1
          0.0191995427319078          -0.0009973648996270          -0.0558540294747064
          0.0000000000000000           0.0000000000000000           0.0000000000000000
         -0.0798530472579422           0.0056492254833231           0.0346837873597949
          0.0000000000000000           0.0000000000000000           0.0000000000000000
         -0.1227620227206013           0.0052024046448307           0.0734754282688983
          0.0000000000000000           0.0000000000000000           0.0000000000000000
         -0.1322733673169586           0.0019516931515803           0.0832758379751332
          0.0000000000000000           0.0000000000000000           0.0000000000000000
         -0.1064944086487085          -0.0021607247941605           0.0697499404276139
          0.0000000000000000           0.0000000000000000           0.0000000000000000
         -0.0582990219558777          -0.0044715029993962           0.0475916594760625
          0.0000000000000000           0.0000000000000000           0.0000000000000000
         -0.0077602819620527          -0.0019540754181846           0.0142509244328858
          0.0000000000000000           0.0000000000000000           0.0000000000000000
         -0.0000344502357793          -0.0000472888059018           0.0005348932381212
          0.0000000000000000           0.0000000000000000           0.0000000000000000
         -0.9445871642840675          -0.3635735006967371           0.5114410651653623
         -0.1440239735698673           0.4134269205683700           0.1406711511026357
          0.0000000000000000           0.0000000000000000           0.0000000000000000
         -0.2243224153387163           1.1210155638012471           0.0958061809908418
         -0.6205350831936272          -0.9280734446105690           0.2513809895244662
          0.0000000000000000           0.0000000000000000           0.0000000000000000
         -1.1367274218181755          -0.7421779618500992           0.5745236757019746
         -0.0986575482071870           0.8489047989020461           0.1785493745473800
          0.0000000000000000           0.0000000000000000           0.0000000000000000
          0.3038020760725237           2.2270001671458681          -0.2567460926470625
         -1.0516797674547067          -1.8340959314558336           0.3999690513910404
          0.0000000000000000           0.0000000000000000           0.0000000000000000
         -0.7553706410894930          -0.2118278259745552           0.4357450252706772
         -0.1336856751099677           0.2239557994099137           0.1110011766405171
          0.0000000000000000           0.0000000000000000           0.0000000000000000
         -0.2684753764831843           1.0259831314495163           0.1916445980229364
         -0.6328544802994006          -0.8687184527705146           0.2816111325773497
          0.0000000000000000           0.0000000000000000           0.0000000000000000
         -0.8828056728892398          -0.5384524152393052           0.4775719990102379
         -0.0746251799552855           0.5813711459837827           0.1255240817745824
          0.0000000000000000           0.0000000000000000           0.0000000000000000
          0.0909848563233768           1.9371694996088369          -0.0106288554852453
         -1.0729627903341521          -1.6039773583770738           0.4667439936482474
          0.0000000000000000           0.0000000000000000           0.0000000000000000
         -0.2617348748546746           0.8331258979412548           0.2268126891185782
         -0.5587023305825831          -0.7204505507633328           0.2625603663374176
          0.0000000000000000           0.0000000000000000           0.0000000000000000
         -0.0732889281826213           1.4787720126221222           0.1591954416110104
         -0.9450880774176426          -1.2323736169896116           0.4466018189540649
          0.0000000000000000           0.0000000000000000           0.0000000000000000
         -0.2048838735653523           0.5830825019076906           0.1811980095102749
         -0.4036795147484308          -0.5083840316250083           0.1932108261766123
          0.0000000000000000           0.0000000000000000           0.0000000000000000
         -0.1298424778262739           0.9791994763543073           0.1797982848715275
         -0.6787094058280513          -0.8163875353220701           0.3319705672002295
          0.0000000000000000           0.0000000000000000           0.0000000000000000
          0.5345005296689954           2.5635817971500718           0.1889598160479157
         -1.8835012975948164          -2.0180328700761292           0.9493615608171538
          0.0000000000000000           0.0000000000000000           0.0000000000000000
        831.1161527907080426        1172.2789798042931579         -21.3594386818267168
       -215.3915076641881399        -953.1838064205131786          34.3055772182783514
          0.0000000000000000           0.0000000000000000           0.0000000000000000
         -0.1316651979925782           0.3269616484123789           0.1009085999802697
         -0.2240469608748178          -0.2827885019166821           0.1081502668752007
          0.0000000000000000           0.0000000000000000           0.0000000000000000
         -0.1180795600709166           0.5247838640118895           0.1148745790019394
         -0.3724376222035166          -0.4320014745417383           0.1851896799036815
          0.0000000000000000           0.0000000000000000           0.0000000000000000
          0.1257534768968721           1.2959869141111673           0.2224845038302702
         -1.0125519242012504          -0.9940515951396248           0.5247786716902461
          0.0000000000000000           0.0000000000000000           0.0000000000000000
        401.7063012095849217         381.3200022557263082         283.0640000577851652
       -261.5256300660280999        -318.2735837596924853         136.6405693262144325
          0.0000000000000000           0.0000000000000000           0.0000000000000000
         -0.0531012712750608           0.0906665063862216           0.0232773472999572
         -0.0593922240146245          -0.0763684678872001           0.0298211233834750
          0.0000000000000000           0.0000000000000000           0.0000000000000000
         -0.0625586832696326           0.1404154183069038           0.0283528678324733
         -0.0963179539896337          -0.1115220381724475           0.0497097718696944
          0.0000000000000000           0.0000000000000000           0.0000000000000000
         -0.0459071453411743           0.3339646074702283           0.0721198886684823
         -0.2501037388035469          -0.2390233704375547           0.1341256338023623
          0.0000000000000000           0.0000000000000000           0.0000000000000000
        121.0013749083334176          68.1920699348774519         134.2852929515040330
        -73.3435464625128191         -45.7306232106187807          42.4329842121389404
          0.0000000000000000           0.0000000000000000           0.0000000000000000
   2
         -0.0086743328655174          -0.1052841860703425           0.0006797786579487
          0.0000000000000000           0.0000000000000000           0.0000000000000000
          0.0865337949440630           0.0467235953595857          -0.0459851437414678
          0.0000000000000000           0.0000000000000000           0.0000000000000000
          0.1492507048568386           0.1442344540119415          -0.0758289576880321
          0.0000000000000000           0.0000000000000000           0.0000000000000000
          0.1849499572098362           0.1940663855724967          -0.0929653733349642
          0.0000000000000000           0.0000000000000000           0.0000000000000000
          0.1683964344544343           0.1668297382420902          -0.0863148648874917
          0.0000000000000000           0.0000000000000000           0.0000000000000000
          0.1018422006177727           0.0878647153994706          -0.0548237317242997
          0.0000000000000000           0.0000000000000000           0.0000000000000000
          0.0183239954884958           0.0129003252734700          -0.0105935290198355
          0.0000000000000000           0.0000000000000000           0.0000000000000000
          0.0003461291588785           0.0002269183723549          -0.0002046143510891
          0.0000000000000000           0.0000000000000000           0.0000000000000000
          0.8790700228661227           0.3609052374547722          -0.5283313075915128
          0.5571900481366145           1.1656192984086129          -0.2054287122187204
          0.0000000000000000           0.0000000000000000           0.0000000000000000
          0.5482534525952703           1.2021057658186436          -0.1845644006168199
          0.1166673564906443          -1.0724863397959039          -0.1943944204004433
          0.0000000000000000           0.0000000000000000           0.0000000000000000
          1.1365991089496770           0.4318195801747255          -0.6887959921759411
          0.7066109591724365           1.5756241008570311          -0.2474191348320947
          0.0000000000000000           0.0000000000000000           0.0000000000000000
          0.4749659684079685           2.1142206369024668          -0.0012621782265452
         -0.1744344241195031          -2.9005871755520025          -0.2253505511955407
          0.0000000000000000           0.0000000000000000           0.0000000000000000
          0.7142139002094582           0.3997572254083882          -0.4112868342740088
          0.4717124271204610           0.8750530436027060          -0.1892129067198142
          0.0000000000000000           0.0000000000000000           0.0000000000000000
          0.6630411459466669           1.3944606881351884          -0.2402147970183919
          0.1714953089253539          -0.8342088827340726          -0.2043237196307023
          0.0000000000000000           0.0000000000000000           0.0000000000000000
          0.8509408327482515           0.3803890138098349          -0.5040156297651537
          0.5711114842472104           1.1879094138026667          -0.2125607210977402
          0.0000000000000000           0.0000000000000000           0.0000000000000000
          0.7485953242226647           2.3697959392634362          -0.1618715552539197
         -0.0293227521430036          -2.2306144388708913          -0.2427823469195183
          0.0000000000000000           0.0000000000000000           0.0000000000000000
          0.7001825279741327           1.3908025499511465          -0.2695562933551530
          0.2059852406215044          -0.5296937255245256          -0.1920953318189933
          0.0000000000000000           0.0000000000000000           0.0000000000000000
          0.9157292128182528           2.3123480347766656          -0.2886295441778897
          0.1081859499246432          -1.4016286384693730          -0.2337367312738214
          0.0000000000000000           0.0000000000000000           0.0000000000000000
          0.5984753327338528           1.1077333175715141          -0.2402675393257871
          0.1915123597417640          -0.2716188958290666          -0.1524757802104219
          0.0000000000000000           0.0000000000000000           0.0000000000000000
          0.8419233462234068           1.8235785384295309          -0.3031561811919816
          0.1670563130528142          -0.7192353239876108          -0.1891783389039619
          0.0000000000000000           0.0000000000000000           0.0000000000000000
          1.8529553672012786           5.0674337630135406          -0.5258476829687889
         -0.1596282820937712          -2.7820607707783305          -0.2176733030080597
          0.0000000000000000           0.0000000000000000           0.0000000000000000
        718.2721162900891159        -144.2322439270447774         205.5866325887129449
      -1533.3855713391017161       -1721.6919080947927796         775.7656116657927896
          0.0000000000000000           0.0000000000000000           0.0000000000000000
          0.3929620526515473           0.6659665704828448          -0.1619245730078246
          0.1356298736463671          -0.0996184951698302          -0.0965388176994081
          0.0000000000000000           0.0000000000000000           0.0000000000000000
          0.5760322300140083           1.0917522176783490          -0.2201664876076009
          0.1460327123648021          -0.2714363022156555          -0.1219089696250330
          0.0000000000000000           0.0000000000000000           0.0000000000000000
          1.3531638662008196           3.0284589659909029          -0.4451071924373139
          0.0781882235211583          -1.0689489195248991          -0.1632818948558709
          0.0000000000000000           0.0000000000000000           0.0000000000000000
        528.9342202576987120         671.1755192247646846          51.3092311596410795
       -540.4501745620950715        -663.4175865832910404         272.2135518804918775
          0.0000000000000000           0.0000000000000000           0.0000000000000000
          0.1270968716818602           0.1890332028660848          -0.0525100265403262
          0.0497845032532205          -0.0112195938731320          -0.0323193554102657
          0.0000000000000000           0.0000000000000000           0.0000000000000000
          0.1918331842787984           0.3091022864017894          -0.0745672453988675
          0.0611367419334213          -0.0367331886433820          -0.0416551568647458
          0.0000000000000000           0.0000000000000000           0.0000000000000000
          0.4721863721767856           0.8553037936867012          -0.1641165649151241
          0.0801431707401361          -0.1568745414096513          -0.0631611277501905
          0.0000000000000000           0.0000000000000000           0.0000000000000000
        199.4676231818193628         346.1204742145450837         -19.4941980149897240
        -69.4842967319636386         -94.8684684165212815          36.2493651846846276
          0.0000000000000000           0.0000000000000000           0.0000000000000000
   3
          0.0202132257320656           0.1695222609977726           0.0103059599836785
          0.0000000000000000           0.0000000000000000           0.0000000000000000
         -0.0065204397081415          -0.0296053514042069           0.0013784341975847
          0.0000000000000000           0.0000000000000000           0.0000000000000000
         -0.0283592467860188          -0.1373749862023984           0.0014561049173864
          0.0000000000000000           0.0000000000000000           0.0000000000000000
         -0.0450525007810168          -0.1817773110651068           0.0063758286376422
          0.0000000000000000           0.0000000000000000           0.0000000000000000
         -0.0471529903520975          -0.1466787462013881           0.0122896463172608
          0.0000000000000000           0.0000000000000000           0.0000000000000000
         -0.0306072590527265          -0.0691517765508326           0.0119146979700288
          0.0000000000000000           0.0000000000000000           0.0000000000000000
         -0.0048644284121005          -0.0064919790907563           0.0026906636809461
          0.0000000000000000           0.0000000000000000           0.0000000000000000
         -0.0000459374156257          -0.0000340275264090           0.0000304064360004
          0.0000000000000000           0.0000000000000000           0.0000000000000000
         -0.3436192962305452          -1.2091368041965878           0.0542318414683484
         -0.0260277641051180          -0.1701821507082217          -0.0032711148353778
          0.0000000000000000           0.0000000000000000           0.0000000000000000
          0.1906545202082741           0.4981092572297390          -0.0588189740377469
         -0.0984984836669417          -0.4088458123664975           0.0096388336807020
          0.0000000000000000           0.0000000000000000           0.0000000000000000
         -0.3374248961549954          -1.4426902194586140           0.0204007212124331
         -0.0644879671143543          -0.2726633352175312           0.0045564219456305
          0.0000000000000000           0.0000000000000000           0.0000000000000000
          0.7311227367226576           1.9718019033940395          -0.2057009097997591
         -0.2094294062380018          -0.7499906585340828           0.0303763189777890
          0.0000000000000000           0.0000000000000000           0.0000000000000000
         -0.3155755978804183          -0.9787736937934373           0.0721065386120090
         -0.0350069512739425          -0.1954223675840797           0.0000221135652427
          0.0000000000000000           0.0000000000000000           0.0000000000000000
          0.1151690222459476           0.0393034531487167          -0.0656803062582239
         -0.1191413612678897          -0.4756811287214261           0.0146789854076330
          0.0000000000000000           0.0000000000000000           0.0000000000000000
         -0.3247645405659295          -1.1192724383534352           0.0604818507607709
         -0.0580906141610830          -0.2448665775873191           0.0072005793593729
          0.0000000000000000           0.0000000000000000           0.0000000000000000
          0.5367246996868015           0.9168818555308743          -0.2150918389796915
         -0.2263594341489756          -0.8053840998620119           0.0365143230441532
          0.0000000000000000           0.0000000000000000           0.0000000000000000
          0.0456160049570083          -0.3276393724772294          -0.0666891780362635
         -0.1252674020223512          -0.4528160393740167           0.0217256948915707
          0.0000000000000000           0.0000000000000000           0.0000000000000000
          0.3170893488981503          -0.0379589220125188          -0.1967124556416284
         -0.2180210608582394          -0.7233130092946154           0.0439794720843856
          0.0000000000000000           0.0000000000000000           0.0000000000000000
          0.0105174117171902          -0.4183552282850192          -0.0561235073667661
         -0.1070513849629791          -0.3351539357828288           0.0246220578933792
          0.0000000000000000           0.0000000000000000           0.0000000000000000
          0.1565249710651341          -0.4534562511171383          -0.1477417424409338
         -0.1760204642290902          -0.5159692329040494           0.0443088435701007
          0.0000000000000000           0.0000000000000000           0.0000000000000000
          0.9311128424568558          -0.4589728984950198          -0.5901044348524804
         -0.4931167401948587          -1.3437685461653770           0.1580774451334949
          0.0000000000000000           0.0000000000000000           0.0000000000000000
       1823.0005768089858975        3865.3515183453528152        -126.6682361207858918
       -483.6419820735367807       -1301.0409854273618748         173.0487904479024053
          0.0000000000000000           0.0000000000000000           0.0000000000000000
          0.0015740768684640          -0.3048134387104103          -0.0363915795617073
         -0.0718371593560741          -0.1862895986570320           0.0204655032215638
          0.0000000000000000           0.0000000000000000           0.0000000000000000
          0.0635710783634691          -0.4229805654012760          -0.0856844081401612
         -0.1133574734753994          -0.2792560679025342           0.0342510940313616
          0.0000000000000000           0.0000000000000000           0.0000000000000000
          0.3885637569575093          -0.9248163910445593          -0.3138746324519728
         -0.2904605889032875          -0.6719721983477028           0.1059222592600980
          0.0000000000000000           0.0000000000000000           0.0000000000000000
        624.1431106967397682         712.1908935106125682         -23.1682599569963408
       -184.7892925871226737        -414.1565108972545204          85.9867963020966641
          0.0000000000000000           0.0000000000000000           0.0000000000000000
          0.0026792500068782          -0.0966050172695166          -0.0117800743223813
         -0.0259926689196334          -0.0494833592112451           0.0090622620208883
          0.0000000000000000           0.0000000000000000           0.0000000000000000
          0.0160318481611646          -0.1500815264104239          -0.0244873897541210
         -0.0394307124711608          -0.0723613188368950           0.0142327323793441
          0.0000000000000000           0.0000000000000000           0.0000000000000000
          0.0852896048582384          -0.3895736010330903          -0.0815106951150009
         -0.0918607629739304          -0.1602564892281677           0.0375176998045362
          0.0000000000000000           0.0000000000000000           0.0000000000000000
         89.3665392992173935         -91.2697614566706505          -1.5792958077089263
        -29.0782912506154361         -48.3197659807875439          17.9844285626483007
          0.0000000000000000           0.0000000000000000           0.0000000000000000
