1  82   4   1   0   -10.082868   0.000000

./DATA/2947/200/53/
0
          0.6521315230059209
          4.9965053894563889
          0.3241583223289995
          3.4797139149062226
          0.1490899150633797
          2.3443093074110162
          0.0465034211702603
          1.3041878266140015
          0.0066713332084183
          0.4932247191687523
          0.0002985224504208
          0.1043089231105002
          0.0000001264409968
          0.0021467030596151
          0.0000000000000227
          0.0000009092491136
          0.0000000000000000
          0.3058948129366056
          2.3733728269134402
          0.0000000000000000
          1.7282564550884227
          6.0826895551256266
          0.0000000000000000
          0.0987315211794664
          1.5008162362918376
          0.0000000000000000
          2.9434548054830931
          8.9194496927162259
          0.0000000000000000
          0.1928969146385040
          1.6417545450515671
          0.0000000000000000
          1.0965644436615398
          4.2670422067992870
          0.0000000000000000
          0.0611406497367365
          1.0165722071997114
          0.0000000000000000
          1.8684757077828058
          6.2671475306951709
          0.0000000000000000
          0.5014904620749333
          2.3283196792556988
          0.0000000000000000
          0.8550193196392933
          3.4290790411578942
          0.0000000000000000
          0.1682116284833793
          1.0057948483269876
          0.0000000000000000
          0.2869451757222757
          1.4865669560287789
          0.0000000000000000
          0.8359496161760895
          3.3052232644994866
          0.0000000000000000
        514.8161799023882850
        528.8112690935621458
          0.0000000000000000
          0.0354498188742746
          0.3067765764475325
          0.0000000000000000
          0.0604962676383079
          0.4553229571390845
          0.0000000000000000
          0.1762731178896939
          1.0146259741894506
          0.0000000000000000
        108.2427710621411450
        145.5316236076324117
          0.0000000000000000
          0.0015822988435808
          0.0291739507860209
          0.0000000000000000
          0.0027009608640784
          0.0435361598704697
          0.0000000000000000
          0.0078709335012535
          0.0974406865395575
          0.0000000000000000
          4.8237507193294444
         12.8957160492485521
1
          1.6655017964854619
          3.9831351159768471
          1.1599046383020735
          2.6439675989331475
          0.7814364358036725
          1.7119627866707239
          0.4347292755380003
          0.9159619722462610
          0.1644082397229175
          0.3354878126542532
          0.0347696410368334
          0.0698378045240876
          0.0007155676865384
          0.0014312618140736
          0.0000003030830379
          0.0000006061660984
          0.1669314757724518
          1.3503505373762601
          1.1619856267013362
          0.1720937355650528
          4.2870243839831224
          3.3518278906658794
          0.1658440586081397
          0.7017665473714366
          0.7319371514917318
          0.1761685781933417
          6.5751142405851697
          5.1116216794208089
          0.1061458691377299
          0.9465102633050859
          0.7819953272472543
          0.1087643572456106
          2.9926875712621546
          2.2621547219530682
          0.1055939377871775
          0.4869071458043646
          0.4852117733449051
          0.1108309140029389
          4.5792617617185023
          3.4455305627565291
          0.0494910373094937
          1.6203945322431201
          1.1599245717780142
          0.0501329675310458
          2.4707931989229341
          1.7631721943432048
          0.0165260657280588
          0.6935483102563338
          0.4639321008259742
          0.0166512487616440
          1.0533905317366579
          0.7034703512527543
          0.0171604073838440
          2.4478112336239986
          1.6762012396677328
          0.2191643904441760
        523.7079105822821248
        519.7003740232236169
          0.0034710368345787
          0.2093922502539558
          0.1293631082332726
          0.0034831825577964
          0.3167476955232325
          0.1955883466963631
          0.0035325703948801
          0.7281098812997726
          0.4592566403844927
          0.0230792025662298
        133.0558476873360405
        120.6954677798712794
          0.0001545763404707
          0.0196675807909327
          0.0109340924981982
          0.0001546910938365
          0.0296150446806663
          0.0164673849600453
          0.0001551576319875
          0.0672737869294812
          0.0378826754793423
          0.0003395002484295
         10.2043819387786545
          7.5147453295509061
1
          1.6655017964854621
          3.9831351159768467
          1.1599046383020735
          2.6439675989331470
          0.7814364358036725
          1.7119627866707243
          0.4347292755380004
          0.9159619722462610
          0.1644082397229175
          0.3354878126542532
          0.0347696410368334
          0.0698378045240876
          0.0007155676865384
          0.0014312618140736
          0.0000003030830379
          0.0000006061660984
          0.1669314757724518
          1.3503505373762601
          1.1619856267013375
          0.1720937355650528
          4.2870243839831241
          3.3518278906658838
          0.1658440586081397
          0.7017665473714363
          0.7319371514917313
          0.1761685781933417
          6.5751142405851661
          5.1116216794208142
          0.1061458691377299
          0.9465102633050856
          0.7819953272472544
          0.1087643572456106
          2.9926875712621537
          2.2621547219530651
          0.1055939377871775
          0.4869071458043647
          0.4852117733449054
          0.1108309140029389
          4.5792617617184996
          3.4455305627565300
          0.0494910373094937
          1.6203945322431201
          1.1599245717780129
          0.0501329675310458
          2.4707931989229333
          1.7631721943432059
          0.0165260657280588
          0.6935483102563333
          0.4639321008259736
          0.0166512487616440
          1.0533905317366570
          0.7034703512527534
          0.0171604073838440
          2.4478112336239999
          1.6762012396677348
          0.2191643904441760
        523.7079105822822385
        519.7003740232230484
          0.0034710368345787
          0.2093922502539559
          0.1293631082332727
          0.0034831825577964
          0.3167476955232326
          0.1955883466963635
          0.0035325703948801
          0.7281098812997722
          0.4592566403844929
          0.0230792025662298
        133.0558476873361826
        120.6954677798712652
          0.0001545763404707
          0.0196675807909327
          0.0109340924981982
          0.0001546910938365
          0.0296150446806663
          0.0164673849600453
          0.0001551576319875
          0.0672737869294812
          0.0378826754793423
          0.0003395002484295
         10.2043819387786616
          7.5147453295509230
1
          1.6655017964854619
          3.9831351159768453
          1.1599046383020735
          2.6439675989331484
          0.7814364358036724
          1.7119627866707243
          0.4347292755380004
          0.9159619722462613
          0.1644082397229175
          0.3354878126542533
          0.0347696410368334
          0.0698378045240876
          0.0007155676865384
          0.0014312618140736
          0.0000003030830379
          0.0000006061660984
          0.1669314757724518
          1.3503505373762594
          1.1619856267013369
          0.1720937355650528
          4.2870243839831224
          3.3518278906658829
          0.1658440586081397
          0.7017665473714363
          0.7319371514917312
          0.1761685781933417
          6.5751142405851644
          5.1116216794208098
          0.1061458691377299
          0.9465102633050854
          0.7819953272472544
          0.1087643572456106
          2.9926875712621541
          2.2621547219530678
          0.1055939377871775
          0.4869071458043647
          0.4852117733449055
          0.1108309140029389
          4.5792617617185014
          3.4455305627565305
          0.0494910373094937
          1.6203945322431204
          1.1599245717780136
          0.0501329675310458
          2.4707931989229337
          1.7631721943432057
          0.0165260657280588
          0.6935483102563336
          0.4639321008259734
          0.0166512487616440
          1.0533905317366574
          0.7034703512527535
          0.0171604073838440
          2.4478112336239999
          1.6762012396677344
          0.2191643904441760
        523.7079105822821248
        519.7003740232242990
          0.0034710368345787
          0.2093922502539559
          0.1293631082332726
          0.0034831825577964
          0.3167476955232327
          0.1955883466963636
          0.0035325703948801
          0.7281098812997718
          0.4592566403844927
          0.0230792025662298
        133.0558476873361542
        120.6954677798712510
          0.0001545763404707
          0.0196675807909327
          0.0109340924981982
          0.0001546910938365
          0.0296150446806663
          0.0164673849600453
          0.0001551576319875
          0.0672737869294812
          0.0378826754793423
          0.0003395002484295
         10.2043819387786581
          7.5147453295509257
