-1.38407142
  in kB    2231.79894  2231.79894  2231.79894    -0.00000     0.00000    -0.00000
 POSITION                                       TOTAL-FORCE (eV/Angst)
 -----------------------------------------------------------------------------------
      0.00000      0.00000      0.00000         0.000000      0.000000      0.000000
      0.00000      1.69831      1.69831         0.000000      0.000000      0.000000
      1.69831      1.69831      0.00000         0.000000      0.000000      0.000000
      1.69831      0.00000      1.69831         0.000000      0.000000      0.000000
 -----------------------------------------------------------------------------------
    total drift:                                0.000000      0.000000      0.000000
