-12.01627473
  in kB     145.48665   145.48665   145.48665    -0.00000     0.00000    -0.00000
 POSITION                                       TOTAL-FORCE (eV/Angst)
 -----------------------------------------------------------------------------------
      0.00000      0.00000      0.00000         0.000000      0.000000      0.000000
      0.00000      1.95441      1.95441         0.000000      0.000000      0.000000
      1.95441      1.95441      0.00000         0.000000      0.000000      0.000000
      1.95441      0.00000      1.95441         0.000000      0.000000      0.000000
 -----------------------------------------------------------------------------------
    total drift:                                0.000000      0.000000     -0.000000
