-12.18192873
  in kB     -61.27398   -61.27398   -61.27398    -0.00000    -0.00000     0.00000
 POSITION                                       TOTAL-FORCE (eV/Angst)
 -----------------------------------------------------------------------------------
      0.00000      0.00000      0.00000         0.000000      0.000000      0.000000
      0.00000      2.07571      2.07571         0.000000      0.000000      0.000000
      2.07571      2.07571      0.00000         0.000000      0.000000      0.000000
      2.07571      0.00000      2.07571         0.000000      0.000000      0.000000
 -----------------------------------------------------------------------------------
    total drift:                                0.000000      0.000000     -0.000000
