-10.21910037
  in kB    -128.24367  -128.24367  -128.24367    -0.00000    -0.00000    -0.00000
 POSITION                                       TOTAL-FORCE (eV/Angst)
 -----------------------------------------------------------------------------------
      0.00000      0.00000      0.00000         0.000000      0.000000      0.000000
      0.00000      2.31833      2.31833         0.000000      0.000000      0.000000
      2.31833      2.31833      0.00000         0.000000      0.000000      0.000000
      2.31833      0.00000      2.31833         0.000000      0.000000      0.000000
 -----------------------------------------------------------------------------------
    total drift:                                0.000000      0.000000      0.000000
