-24.53577048
  in kB     222.89050   342.32111   155.77818    -9.10735    37.63613     2.51296
 POSITION                                       TOTAL-FORCE (eV/Angst)
 -----------------------------------------------------------------------------------
      3.52609     -2.50842      1.03542        -0.558083      0.720383      0.153333
      3.58457     -1.63543      3.85795        -0.352492     -0.078465     -0.828556
      4.10865     -0.44253      1.60258         0.747403      1.393196      1.467326
      5.99646     -0.38656      3.69856         0.916661     -0.912107     -0.355189
      1.51595     -0.90315      2.15883         1.408391     -1.083222     -1.068705
      5.65702     -2.30859      2.40555        -1.522637      0.045623     -0.025086
      3.00030      2.26896      0.38040        -0.639245     -0.085409      0.656878
 -----------------------------------------------------------------------------------
    total drift:                                0.002671      0.002959      0.002649
