-13.94663333
  in kB      45.64385   -49.90945   -15.68550    59.33680   -18.95316    26.43239
 POSITION                                       TOTAL-FORCE (eV/Angst)
 -----------------------------------------------------------------------------------
      4.32846     -1.05915      2.31850        -0.611171      0.406733     -1.164236
      4.02272      1.38337      3.80318         0.671219     -0.171729     -0.627168
      2.19077     -1.77518      0.81461        -0.155842      0.419814      0.439646
      1.91255      0.87329      2.38232         0.095794     -0.654818      1.351758
 -----------------------------------------------------------------------------------
    total drift:                                0.006578      0.002932     -0.000747
