-12.05827427
  in kB     -81.82181   -81.82181   -81.82181     0.00000     0.00000     0.00000
 POSITION                                       TOTAL-FORCE (eV/Angst)
 -----------------------------------------------------------------------------------
      0.00000      0.00000      0.00000         0.000000      0.000000      0.000000
      0.00000      2.10267      2.10267         0.000000      0.000000      0.000000
      2.10267      2.10267      0.00000         0.000000      0.000000      0.000000
      2.10267      0.00000      2.10267         0.000000      0.000000      0.000000
 -----------------------------------------------------------------------------------
    total drift:                               -0.000000     -0.000000     -0.000000
