-10.08286818
  in kB    -126.96777  -126.96777  -126.96777     0.00000     0.00000    -0.00000
 POSITION                                       TOTAL-FORCE (eV/Angst)
 -----------------------------------------------------------------------------------
      0.00000      0.00000      0.00000         0.000000      0.000000      0.000000
      0.00000      2.33181      2.33181         0.000000      0.000000      0.000000
      2.33181      2.33181      0.00000         0.000000      0.000000      0.000000
      2.33181      0.00000      2.33181         0.000000      0.000000      0.000000
 -----------------------------------------------------------------------------------
    total drift:                                0.000000      0.000000      0.000000
