1  82   2   1   1   -2.760368   0.000000
  0 
./DATA/000/115/
0
          0.0000000000000000
          0.0000000000000000
          0.0000000000000000
          0.0000000000000000
          0.0000000000000000
          0.0000000000000000
          0.0000000000000000
          0.0000000000000000
          0.0000000000000000
          0.0000000000000000
          0.0000000000000000
          0.0000000000000000
          0.0000000000000000
          0.0000000000000000
          0.0000000000000000
          0.0000000000000000
          0.0000000000000000
          0.0000000000000000
          0.0000000000000000
          0.0000000000000000
          0.0000000000000000
          0.0000000000000000
          0.0000000000000000
          0.0000000000000000
          0.0000000000000000
          0.0000000000000000
          0.0000000000000000
          0.0000000000000000
          0.0000000000000000
          0.0000000000000000
          0.6863704059751473
          0.5858247785865135
          0.4912849956765572
          0.3772959521103750
          0.2429945619957284
          0.1201875849641654
          0.0206784148385925
          0.0006121142834942
          0.0000000000000000
          0.0000000000000000
          0.0000000000000000
          0.0000000000000000
          0.0000000000000000
          0.0000000000000000
          0.0000000000000000
          0.0000000000000000
          0.0000000000000000
          0.0000000000000000
          0.0000000000000000
          0.0000000000000000
          0.0000000000000000
          0.0000000000000000
          0.0000000000000000
          0.0000000000000000
          0.0000000000000000
          0.0000000000000000
          0.0000000000000000
          0.0000000000000000
          0.0000000000000000
          0.0000000000000000
          0.0000000000000000
          0.0000000000000000
          0.0000000000000000
          0.0000000000000000
          0.0000000000000000
          0.0000000000000000
          0.0000000000000000
          0.0000000000000000
          0.0000000000000000
          0.0000000000000000
          0.0000000000000000
          0.0000000000000000
          0.0000000000000000
          0.0000000000000000
          0.0000000000000000
          0.0000000000000000
          0.0000000000000000
          0.0000000000000000
          0.0000000000000000
          0.0000000000000000
          0.0000000000000000
          0.0000000000000000
1
          0.0000000000000000
          0.0000000000000000
          0.0000000000000000
          0.0000000000000000
          0.0000000000000000
          0.0000000000000000
          0.0000000000000000
          0.0000000000000000
          0.0000000000000000
          0.0000000000000000
          0.0000000000000000
          0.0000000000000000
          0.0000000000000000
          0.0000000000000000
          0.0000000000000000
          0.0000000000000000
          0.0000000000000000
          0.0000000000000000
          0.0000000000000000
          0.0000000000000000
          0.0000000000000000
          0.0000000000000000
          0.0000000000000000
          0.0000000000000000
          0.0000000000000000
          0.0000000000000000
          0.0000000000000000
          0.0000000000000000
          0.0000000000000000
          0.0000000000000000
          0.6863704059751473
          0.5858247785865135
          0.4912849956765572
          0.3772959521103750
          0.2429945619957284
          0.1201875849641654
          0.0206784148385925
          0.0006121142834942
          0.0000000000000000
          0.0000000000000000
          0.0000000000000000
          0.0000000000000000
          0.0000000000000000
          0.0000000000000000
          0.0000000000000000
          0.0000000000000000
          0.0000000000000000
          0.0000000000000000
          0.0000000000000000
          0.0000000000000000
          0.0000000000000000
          0.0000000000000000
          0.0000000000000000
          0.0000000000000000
          0.0000000000000000
          0.0000000000000000
          0.0000000000000000
          0.0000000000000000
          0.0000000000000000
          0.0000000000000000
          0.0000000000000000
          0.0000000000000000
          0.0000000000000000
          0.0000000000000000
          0.0000000000000000
          0.0000000000000000
          0.0000000000000000
          0.0000000000000000
          0.0000000000000000
          0.0000000000000000
          0.0000000000000000
          0.0000000000000000
          0.0000000000000000
          0.0000000000000000
          0.0000000000000000
          0.0000000000000000
          0.0000000000000000
          0.0000000000000000
          0.0000000000000000
          0.0000000000000000
          0.0000000000000000
          0.0000000000000000
   0    1 -1.917964  0.000000 -0.000000 
          0.0000000000000000           0.0000000000000000           0.0000000000000000
          0.0000000000000000           0.0000000000000000           0.0000000000000000
          0.0000000000000000           0.0000000000000000           0.0000000000000000
          0.0000000000000000           0.0000000000000000           0.0000000000000000
          0.0000000000000000           0.0000000000000000           0.0000000000000000
          0.0000000000000000           0.0000000000000000           0.0000000000000000
          0.0000000000000000           0.0000000000000000           0.0000000000000000
          0.0000000000000000           0.0000000000000000           0.0000000000000000
          0.0000000000000000           0.0000000000000000           0.0000000000000000
          0.0000000000000000           0.0000000000000000           0.0000000000000000
          0.0000000000000000           0.0000000000000000           0.0000000000000000
          0.0000000000000000           0.0000000000000000           0.0000000000000000
          0.0000000000000000           0.0000000000000000           0.0000000000000000
          0.0000000000000000           0.0000000000000000           0.0000000000000000
          0.0000000000000000           0.0000000000000000           0.0000000000000000
          0.0000000000000000           0.0000000000000000           0.0000000000000000
          0.0000000000000000           0.0000000000000000           0.0000000000000000
          0.0000000000000000           0.0000000000000000           0.0000000000000000
          0.0000000000000000           0.0000000000000000           0.0000000000000000
          0.0000000000000000           0.0000000000000000           0.0000000000000000
          0.0000000000000000           0.0000000000000000           0.0000000000000000
          0.0000000000000000           0.0000000000000000           0.0000000000000000
          0.0000000000000000           0.0000000000000000           0.0000000000000000
          0.0000000000000000           0.0000000000000000           0.0000000000000000
          0.0000000000000000           0.0000000000000000           0.0000000000000000
          0.0000000000000000           0.0000000000000000           0.0000000000000000
          0.0000000000000000           0.0000000000000000           0.0000000000000000
          0.0000000000000000           0.0000000000000000           0.0000000000000000
          0.0000000000000000           0.0000000000000000           0.0000000000000000
          0.0000000000000000           0.0000000000000000           0.0000000000000000
          0.2469698736574345           0.0000000000000000           0.0000000000000000
          0.2943885728193295           0.0000000000000000           0.0000000000000000
          0.3247762744165332           0.0000000000000000           0.0000000000000000
          0.3391543408912877           0.0000000000000000           0.0000000000000000
          0.3147499121734050           0.0000000000000000           0.0000000000000000
          0.2319040048452172           0.0000000000000000           0.0000000000000000
          0.0726860692675409           0.0000000000000000           0.0000000000000000
          0.0040927030973147           0.0000000000000000           0.0000000000000000
          0.0000000000000000           0.0000000000000000           0.0000000000000000
          0.0000000000000000           0.0000000000000000           0.0000000000000000
          0.0000000000000000           0.0000000000000000           0.0000000000000000
          0.0000000000000000           0.0000000000000000           0.0000000000000000
          0.0000000000000000           0.0000000000000000           0.0000000000000000
          0.0000000000000000           0.0000000000000000           0.0000000000000000
          0.0000000000000000           0.0000000000000000           0.0000000000000000
          0.0000000000000000           0.0000000000000000           0.0000000000000000
          0.0000000000000000           0.0000000000000000           0.0000000000000000
          0.0000000000000000           0.0000000000000000           0.0000000000000000
          0.0000000000000000           0.0000000000000000           0.0000000000000000
          0.0000000000000000           0.0000000000000000           0.0000000000000000
          0.0000000000000000           0.0000000000000000           0.0000000000000000
          0.0000000000000000           0.0000000000000000           0.0000000000000000
          0.0000000000000000           0.0000000000000000           0.0000000000000000
          0.0000000000000000           0.0000000000000000           0.0000000000000000
          0.0000000000000000           0.0000000000000000           0.0000000000000000
          0.0000000000000000           0.0000000000000000           0.0000000000000000
          0.0000000000000000           0.0000000000000000           0.0000000000000000
          0.0000000000000000           0.0000000000000000           0.0000000000000000
          0.0000000000000000           0.0000000000000000           0.0000000000000000
          0.0000000000000000           0.0000000000000000           0.0000000000000000
          0.0000000000000000           0.0000000000000000           0.0000000000000000
          0.0000000000000000           0.0000000000000000           0.0000000000000000
          0.0000000000000000           0.0000000000000000           0.0000000000000000
          0.0000000000000000           0.0000000000000000           0.0000000000000000
          0.0000000000000000           0.0000000000000000           0.0000000000000000
          0.0000000000000000           0.0000000000000000           0.0000000000000000
          0.0000000000000000           0.0000000000000000           0.0000000000000000
          0.0000000000000000           0.0000000000000000           0.0000000000000000
          0.0000000000000000           0.0000000000000000           0.0000000000000000
          0.0000000000000000           0.0000000000000000           0.0000000000000000
          0.0000000000000000           0.0000000000000000           0.0000000000000000
          0.0000000000000000           0.0000000000000000           0.0000000000000000
          0.0000000000000000           0.0000000000000000           0.0000000000000000
          0.0000000000000000           0.0000000000000000           0.0000000000000000
          0.0000000000000000           0.0000000000000000           0.0000000000000000
          0.0000000000000000           0.0000000000000000           0.0000000000000000
          0.0000000000000000           0.0000000000000000           0.0000000000000000
          0.0000000000000000           0.0000000000000000           0.0000000000000000
          0.0000000000000000           0.0000000000000000           0.0000000000000000
          0.0000000000000000           0.0000000000000000           0.0000000000000000
          0.0000000000000000           0.0000000000000000           0.0000000000000000
          0.0000000000000000           0.0000000000000000           0.0000000000000000
   1
          0.0000000000000000           0.0000000000000000           0.0000000000000000
          0.0000000000000000           0.0000000000000000           0.0000000000000000
          0.0000000000000000           0.0000000000000000           0.0000000000000000
          0.0000000000000000           0.0000000000000000           0.0000000000000000
          0.0000000000000000           0.0000000000000000           0.0000000000000000
          0.0000000000000000           0.0000000000000000           0.0000000000000000
          0.0000000000000000           0.0000000000000000           0.0000000000000000
          0.0000000000000000           0.0000000000000000           0.0000000000000000
          0.0000000000000000           0.0000000000000000           0.0000000000000000
          0.0000000000000000           0.0000000000000000           0.0000000000000000
          0.0000000000000000           0.0000000000000000           0.0000000000000000
          0.0000000000000000           0.0000000000000000           0.0000000000000000
          0.0000000000000000           0.0000000000000000           0.0000000000000000
          0.0000000000000000           0.0000000000000000           0.0000000000000000
          0.0000000000000000           0.0000000000000000           0.0000000000000000
          0.0000000000000000           0.0000000000000000           0.0000000000000000
          0.0000000000000000           0.0000000000000000           0.0000000000000000
          0.0000000000000000           0.0000000000000000           0.0000000000000000
          0.0000000000000000           0.0000000000000000           0.0000000000000000
          0.0000000000000000           0.0000000000000000           0.0000000000000000
          0.0000000000000000           0.0000000000000000           0.0000000000000000
          0.0000000000000000           0.0000000000000000           0.0000000000000000
          0.0000000000000000           0.0000000000000000           0.0000000000000000
          0.0000000000000000           0.0000000000000000           0.0000000000000000
          0.0000000000000000           0.0000000000000000           0.0000000000000000
          0.0000000000000000           0.0000000000000000           0.0000000000000000
          0.0000000000000000           0.0000000000000000           0.0000000000000000
          0.0000000000000000           0.0000000000000000           0.0000000000000000
          0.0000000000000000           0.0000000000000000           0.0000000000000000
          0.0000000000000000           0.0000000000000000           0.0000000000000000
          0.2469698736574345           0.0000000000000000           0.0000000000000000
          0.2943885728193295           0.0000000000000000           0.0000000000000000
          0.3247762744165332           0.0000000000000000           0.0000000000000000
          0.3391543408912877           0.0000000000000000           0.0000000000000000
          0.3147499121734050           0.0000000000000000           0.0000000000000000
          0.2319040048452172           0.0000000000000000           0.0000000000000000
          0.0726860692675409           0.0000000000000000           0.0000000000000000
          0.0040927030973147           0.0000000000000000           0.0000000000000000
          0.0000000000000000           0.0000000000000000           0.0000000000000000
          0.0000000000000000           0.0000000000000000           0.0000000000000000
          0.0000000000000000           0.0000000000000000           0.0000000000000000
          0.0000000000000000           0.0000000000000000           0.0000000000000000
          0.0000000000000000           0.0000000000000000           0.0000000000000000
          0.0000000000000000           0.0000000000000000           0.0000000000000000
          0.0000000000000000           0.0000000000000000           0.0000000000000000
          0.0000000000000000           0.0000000000000000           0.0000000000000000
          0.0000000000000000           0.0000000000000000           0.0000000000000000
          0.0000000000000000           0.0000000000000000           0.0000000000000000
          0.0000000000000000           0.0000000000000000           0.0000000000000000
          0.0000000000000000           0.0000000000000000           0.0000000000000000
          0.0000000000000000           0.0000000000000000           0.0000000000000000
          0.0000000000000000           0.0000000000000000           0.0000000000000000
          0.0000000000000000           0.0000000000000000           0.0000000000000000
          0.0000000000000000           0.0000000000000000           0.0000000000000000
          0.0000000000000000           0.0000000000000000           0.0000000000000000
          0.0000000000000000           0.0000000000000000           0.0000000000000000
          0.0000000000000000           0.0000000000000000           0.0000000000000000
          0.0000000000000000           0.0000000000000000           0.0000000000000000
          0.0000000000000000           0.0000000000000000           0.0000000000000000
          0.0000000000000000           0.0000000000000000           0.0000000000000000
          0.0000000000000000           0.0000000000000000           0.0000000000000000
          0.0000000000000000           0.0000000000000000           0.0000000000000000
          0.0000000000000000           0.0000000000000000           0.0000000000000000
          0.0000000000000000           0.0000000000000000           0.0000000000000000
          0.0000000000000000           0.0000000000000000           0.0000000000000000
          0.0000000000000000           0.0000000000000000           0.0000000000000000
          0.0000000000000000           0.0000000000000000           0.0000000000000000
          0.0000000000000000           0.0000000000000000           0.0000000000000000
          0.0000000000000000           0.0000000000000000           0.0000000000000000
          0.0000000000000000           0.0000000000000000           0.0000000000000000
          0.0000000000000000           0.0000000000000000           0.0000000000000000
          0.0000000000000000           0.0000000000000000           0.0000000000000000
          0.0000000000000000           0.0000000000000000           0.0000000000000000
          0.0000000000000000           0.0000000000000000           0.0000000000000000
          0.0000000000000000           0.0000000000000000           0.0000000000000000
          0.0000000000000000           0.0000000000000000           0.0000000000000000
          0.0000000000000000           0.0000000000000000           0.0000000000000000
          0.0000000000000000           0.0000000000000000           0.0000000000000000
          0.0000000000000000           0.0000000000000000           0.0000000000000000
          0.0000000000000000           0.0000000000000000           0.0000000000000000
          0.0000000000000000           0.0000000000000000           0.0000000000000000
          0.0000000000000000           0.0000000000000000           0.0000000000000000
