1  82   2   1   2   -6.247911   0.000000
  0 
./DATA/100/00/GA/G005/M027/
0
          3.9541662956972368
          2.7676058704143740
          1.9399435232291034
          1.1944963858448876
          0.5643039950974444
          0.1786202205809398
          0.0109298388900923
          0.0000497670655085
          1.4538469879126805
          4.0302140980109433
          0.5734511842229472
          3.1498182943212107
          1.0527167067589231
          2.9401984838899451
          0.4012986086306169
          2.2887803857616391
          1.7399616913874663
          1.3458380742341554
          0.8607367374742702
          0.6607501193746725
          0.4088806555485172
          0.0587160967586576
          0.3282037638719870
          0.2499576675823709
          0.1502429992080496
          0.0161544162740151
          0.0515698868477693
          0.0389459733206750
          0.0226650041781411
          0.0015377862440356
          5.1653018680238603
          3.5153814354376376
          2.3765244741508829
          1.3953514783434164
          0.6337575049525511
          0.2060852878275958
          0.0164719842569799
          0.0001472627228345
          5.3206660743014416
         13.7153666601928368
          2.0784932066036457
         10.4731937924950298
          3.8050941401317595
          9.8286250644726625
          1.4672887098345522
          7.4908196341754580
          5.6580366976815046
          4.3009166190796781
          2.7157619764457461
          2.0595285368503928
          1.2819605824691855
          0.1873736899274348
          1.0098891509129455
          0.7648812765328988
          0.4691986891704062
          0.0577735142603590
          0.1593352030747454
          0.1208318098492666
          0.0729430514349265
          0.0068398400930175
          2.2287286884373998
          7.2892876788097327
          0.7665222721869606
          5.8270812625592967
          1.5863801915411120
          5.2304794107610997
          0.5298738048617351
          4.1739730240817217
          3.0096297851765987
          2.3916698319596934
          1.4373374860430288
          1.1336922374922422
          0.7356184010681407
          0.1027072652370724
          0.5279730407831699
          0.4114681902337072
          0.2592760720758819
          0.0306971626807584
          0.0809601944349997
          0.0616975288548307
          0.0369345969926506
          0.0031919686198156
1
          3.9541662956972368
          2.7676058704143740
          1.9399435232291036
          1.1944963858448876
          0.5643039950974443
          0.1786202205809398
          0.0109298388900923
          0.0000497670655085
          1.4538469879126807
          4.0302140980109433
          0.5734511842229472
          3.1498182943212107
          1.0527167067589231
          2.9401984838899451
          0.4012986086306169
          2.2887803857616391
          1.7399616913874665
          1.3458380742341558
          0.8607367374742702
          0.6607501193746724
          0.4088806555485172
          0.0587160967586576
          0.3282037638719872
          0.2499576675823708
          0.1502429992080496
          0.0161544162740151
          0.0515698868477693
          0.0389459733206750
          0.0226650041781411
          0.0015377862440356
          5.1653018680238612
          3.5153814354376385
          2.3765244741508833
          1.3953514783434160
          0.6337575049525509
          0.2060852878275958
          0.0164719842569799
          0.0001472627228345
          5.3206660743014424
         13.7153666601928439
          2.0784932066036466
         10.4731937924950405
          3.8050941401317617
          9.8286250644726678
          1.4672887098345500
          7.4908196341754492
          5.6580366976815064
          4.3009166190796799
          2.7157619764457461
          2.0595285368503933
          1.2819605824691844
          0.1873736899274348
          1.0098891509129457
          0.7648812765328989
          0.4691986891704067
          0.0577735142603590
          0.1593352030747453
          0.1208318098492666
          0.0729430514349265
          0.0068398400930175
          2.2287286884374020
          7.2892876788097363
          0.7665222721869597
          5.8270812625592887
          1.5863801915411124
          5.2304794107610997
          0.5298738048617354
          4.1739730240817225
          3.0096297851766001
          2.3916698319596938
          1.4373374860430295
          1.1336922374922429
          0.7356184010681404
          0.1027072652370723
          0.5279730407831705
          0.4114681902337072
          0.2592760720758817
          0.0306971626807584
          0.0809601944349997
          0.0616975288548307
          0.0369345969926506
          0.0031919686198156
   0    2  0.040671  0.060562  1.100847 
          0.0000000000000000          -0.0000000000000001           0.0000000000000000
          0.0000000000000001           0.0000000000000000           0.0000000000000000
          0.0000000000000000           0.0000000000000000           0.0000000000000000
          0.0000000000000001           0.0000000000000000           0.0000000000000000
          0.0000000000000000          -0.0000000000000001          -0.0000000000000000
          0.0000000000000000          -0.0000000000000000           0.0000000000000000
          0.0000000000000000          -0.0000000000000000           0.0000000000000000
         -0.0000000000000000           0.0000000000000000           0.0000000000000000
          0.0000000000000001          -0.0000000000000004           0.0000000000000000
         -0.0000000000000001           0.0000000000000003          -0.0000000000000000
          0.0000000000000000          -0.0000000000000000          -0.0000000000000000
          0.0000000000000001          -0.0000000000000005           0.0000000000000000
         -0.0000000000000000           0.0000000000000003          -0.0000000000000000
          0.0000000000000000          -0.0000000000000004          -0.0000000000000000
          0.0000000000000000           0.0000000000000001           0.0000000000000000
         -0.0000000000000000           0.0000000000000002          -0.0000000000000000
          0.0000000000000002          -0.0000000000000000          -0.0000000000000000
          0.0000000000000000           0.0000000000000001          -0.0000000000000000
          0.0000000000000000          -0.0000000000000000           0.0000000000000000
         -0.0000000000000000           0.0000000000000001          -0.0000000000000000
         -0.0000000000000000           0.0000000000000000          -0.0000000000000000
         -0.0000000000000000          -0.0000000000000000           0.0000000000000000
          0.0000000000000000          -0.0000000000000000          -0.0000000000000000
         -0.0000000000000000          -0.0000000000000000          -0.0000000000000000
         -0.0000000000000000          -0.0000000000000000           0.0000000000000000
         -0.0000000000000000          -0.0000000000000000           0.0000000000000000
          0.0000000000000000          -0.0000000000000000          -0.0000000000000000
          0.0000000000000000          -0.0000000000000000          -0.0000000000000000
         -0.0000000000000000           0.0000000000000000           0.0000000000000000
          0.0000000000000000           0.0000000000000000           0.0000000000000000
          0.0024009444779616          -0.0096065459412383          -0.0147358442053212
         -0.0066819330312888          -0.0068086672785006          -0.1057729460213924
         -0.0087975540212320           0.0003102524574337          -0.1851284103525540
         -0.0103381920536210           0.0034480609764084          -0.2544138379564532
         -0.0119432881469878          -0.0024552034794544          -0.2667168538712065
         -0.0091331463980823          -0.0069419621795186          -0.1824851293347397
         -0.0015523800528115          -0.0015010579883578          -0.0362953356296108
         -0.0000222192967082          -0.0000127565528176          -0.0007788331583165
         -0.0268192595335353          -0.0214438103183166          -0.5322726507280994
         -0.0347283430387451          -0.0084214152694661          -0.5066977904862191
         -0.0163004664984146          -0.0100454799072389          -0.3612816068461208
         -0.0242095500036249           0.0029769151416140          -0.3357067466042385
         -0.0236531254343559          -0.0195860568948704          -0.4630169090923814
         -0.0303195366877612           0.0096318946486388          -0.5516826582487343
         -0.0141181151557867          -0.0131280981481151          -0.2843192037263926
         -0.0207845264091921           0.0160898533953974          -0.3729849528827459
         -0.0221726172555615           0.0258224963638577          -0.5440892869064295
         -0.0143091823154596           0.0279418277865504          -0.3739876325377193
         -0.0143935553315037           0.0288876894098650          -0.4511580795316601
         -0.0085602537634002           0.0290386402066521          -0.3137904030549140
         -0.0046983306117382           0.0132251811410158          -0.1466085739784358
         -0.0012002460067802          -0.0138170683815335           0.0248948499038722
         -0.0085878901721144           0.0200503400601568          -0.2929713822515611
         -0.0049950443159070           0.0197579211055661          -0.2060270930659546
         -0.0022451950765151           0.0118001448771926          -0.1019974621311906
         -0.0003898712497752          -0.0042539007739895           0.0048628311418184
         -0.0032327509835162           0.0057290758760523          -0.0947619902367061
         -0.0021002096197759           0.0055236818658221          -0.0677430172961799
         -0.0009940748675477           0.0037886843743293          -0.0352726950173181
         -0.0000232133870052          -0.0002844935352668          -0.0004480801426502
         -0.0271421106988874           0.0251400321989699          -0.7035464148429931
         -0.0344054918733925          -0.0550052577867490          -0.3354240263713275
         -0.0145985785862352          -0.0020332840818952          -0.3456477428187436
         -0.0218619597607405          -0.0821785740676128           0.0224746456529213
         -0.0231359510880434           0.0240308615284932          -0.6207368671574252
         -0.0308367110340747          -0.0339850237747233          -0.3939627001836919
         -0.0123402036897588          -0.0004167394234190          -0.2931636259031941
         -0.0200409636357899          -0.0584326247266356          -0.0663894589294615
         -0.0231179563108682          -0.0104768029901501          -0.4181129227669566
         -0.0146528552780147          -0.0294411229255018          -0.1485200063322845
         -0.0151021861937457           0.0034477803626337          -0.3674227434095036
         -0.0089678986691590          -0.0087334266325887          -0.1741049866027407
         -0.0039740365276578          -0.0169826218608035          -0.0122706046386947
         -0.0023668306521241          -0.0001079628070545          -0.0192688552347394
         -0.0087904629547000           0.0065237265285795          -0.2502515064741456
         -0.0049870885075728           0.0005434616257252          -0.1388061656519364
         -0.0016483999710426          -0.0046706893072744          -0.0347356095481941
         -0.0007498934571062          -0.0008704822056012          -0.0042243075502905
         -0.0031052445032265           0.0027285074215796          -0.0848520808337360
         -0.0018461778926125           0.0013770211309836          -0.0529845438333476
         -0.0006059243775748          -0.0000276234876143          -0.0200489791484495
         -0.0000513997314453          -0.0002221832373523          -0.0001157174492880
   1
          0.0000000000000000           0.0000000000000000           0.0000000000000000
          0.0000000000000000           0.0000000000000000           0.0000000000000000
          0.0000000000000000           0.0000000000000000           0.0000000000000000
          0.0000000000000000           0.0000000000000000           0.0000000000000000
          0.0000000000000000           0.0000000000000000           0.0000000000000000
          0.0000000000000000           0.0000000000000000           0.0000000000000000
          0.0000000000000000           0.0000000000000000           0.0000000000000000
          0.0000000000000000           0.0000000000000000           0.0000000000000000
          0.0000000000000000           0.0000000000000000           0.0000000000000000
          0.0000000000000000           0.0000000000000000           0.0000000000000000
          0.0000000000000000           0.0000000000000000           0.0000000000000000
          0.0000000000000000           0.0000000000000000           0.0000000000000000
          0.0000000000000000           0.0000000000000000           0.0000000000000000
          0.0000000000000000           0.0000000000000000           0.0000000000000000
          0.0000000000000000           0.0000000000000000           0.0000000000000000
          0.0000000000000000           0.0000000000000000           0.0000000000000000
          0.0000000000000000           0.0000000000000000           0.0000000000000000
          0.0000000000000000           0.0000000000000000           0.0000000000000000
          0.0000000000000000           0.0000000000000000           0.0000000000000000
          0.0000000000000000           0.0000000000000000           0.0000000000000000
          0.0000000000000000           0.0000000000000000           0.0000000000000000
          0.0000000000000000           0.0000000000000000           0.0000000000000000
          0.0000000000000000           0.0000000000000000           0.0000000000000000
          0.0000000000000000           0.0000000000000000           0.0000000000000000
          0.0000000000000000           0.0000000000000000           0.0000000000000000
          0.0000000000000000           0.0000000000000000           0.0000000000000000
          0.0000000000000000           0.0000000000000000           0.0000000000000000
          0.0000000000000000           0.0000000000000000           0.0000000000000000
          0.0000000000000000           0.0000000000000000           0.0000000000000000
          0.0000000000000000           0.0000000000000000           0.0000000000000000
          0.0024009444779616          -0.0096065459412383          -0.0147358442053212
         -0.0066819330312888          -0.0068086672785003          -0.1057729460213923
         -0.0087975540212320           0.0003102524574338          -0.1851284103525540
         -0.0103381920536210           0.0034480609764085          -0.2544138379564532
         -0.0119432881469878          -0.0024552034794544          -0.2667168538712065
         -0.0091331463980823          -0.0069419621795186          -0.1824851293347397
         -0.0015523800528115          -0.0015010579883578          -0.0362953356296108
         -0.0000222192967082          -0.0000127565528176          -0.0007788331583165
         -0.0303538545235018          -0.0677832926661171          -0.2389895481026506
         -0.0927413506210577           0.0080528414905585          -1.8389513343259885
         -0.0224570134411646          -0.0470411278194039          -0.2596767568253714
         -0.0848445095387207           0.0287950063372696          -1.8596385430487108
         -0.0268715731226486          -0.0497077190128097          -0.2615195620083371
         -0.0810737511215891           0.0297993945203498          -1.7678795726738927
         -0.0201964485851510          -0.0428010969917448          -0.2025189030616351
         -0.0743986265840912           0.0367060165414129          -1.7088789137271931
         -0.0622052755689529           0.0452516420586766          -1.5459939496178636
         -0.0571229480259159           0.0401335966225857          -1.4172182560109079
         -0.0428322824954964           0.0428612165205665          -1.1736425547697282
         -0.0388465651129367           0.0339044916571003          -1.0274776378742883
         -0.0353482827623249           0.0024376616003194          -0.7898594187640903
         -0.0112519088713783          -0.0283027385791844          -0.1694565755317368
         -0.0254498815105688           0.0275675142082791          -0.7132576150801661
         -0.0223725199485304           0.0209924925074399          -0.6009933563366323
         -0.0183922265901550           0.0050080869997245          -0.4316056747833099
         -0.0043183288598113          -0.0101366801555851          -0.0709010752342897
         -0.0084048215703960           0.0079316876686262          -0.2165406941356925
         -0.0070052952181152           0.0060548946077053          -0.1758161636725492
         -0.0049693597586286           0.0025728267685175          -0.1177809998922154
         -0.0006526021166651          -0.0011374152262154          -0.0139714843896689
         -0.0271421106988872           0.0251400321989697          -0.7035464148429934
         -0.0344054918733899          -0.0550052577867486          -0.3354240263713267
         -0.0145985785862352          -0.0020332840818953          -0.3456477428187433
         -0.0218619597607409          -0.0821785740676147           0.0224746456529216
         -0.0231359510880431           0.0240308615284930          -0.6207368671574242
         -0.0308367110340768          -0.0339850237747227          -0.3939627001836916
         -0.0123402036897588          -0.0004167394234190          -0.2931636259031946
         -0.0200409636357885          -0.0584326247266357          -0.0663894589294610
         -0.0231179563108674          -0.0104768029901506          -0.4181129227669567
         -0.0146528552780160          -0.0294411229255014          -0.1485200063322844
         -0.0151021861937460           0.0034477803626341          -0.3674227434095038
         -0.0089678986691585          -0.0087334266325891          -0.1741049866027408
         -0.0039740365276580          -0.0169826218608035          -0.0122706046386948
         -0.0023668306521241          -0.0001079628070545          -0.0192688552347394
         -0.0087904629547002           0.0065237265285797          -0.2502515064741456
         -0.0049870885075730           0.0005434616257254          -0.1388061656519364
         -0.0016483999710427          -0.0046706893072744          -0.0347356095481941
         -0.0007498934571062          -0.0008704822056012          -0.0042243075502905
         -0.0031052445032265           0.0027285074215796          -0.0848520808337360
         -0.0018461778926125           0.0013770211309836          -0.0529845438333476
         -0.0006059243775748          -0.0000276234876143          -0.0200489791484495
         -0.0000513997314453          -0.0002221832373523          -0.0001157174492880
   0
          0.0000000000000000           0.0000000000000001          -0.0000000000000000
         -0.0000000000000001          -0.0000000000000000           0.0000000000000000
          0.0000000000000000          -0.0000000000000000          -0.0000000000000000
         -0.0000000000000001          -0.0000000000000000          -0.0000000000000000
          0.0000000000000000           0.0000000000000001           0.0000000000000000
         -0.0000000000000000           0.0000000000000000           0.0000000000000000
          0.0000000000000000           0.0000000000000000           0.0000000000000000
          0.0000000000000000           0.0000000000000000           0.0000000000000000
          0.0000000000000011           0.0000000000000005          -0.0000000000000000
         -0.0000000000000003           0.0000000000000006           0.0000000000000000
         -0.0000000000000003          -0.0000000000000000          -0.0000000000000000
         -0.0000000000000000           0.0000000000000003           0.0000000000000000
         -0.0000000000000002           0.0000000000000002           0.0000000000000000
          0.0000000000000002          -0.0000000000000006           0.0000000000000000
          0.0000000000000000          -0.0000000000000002           0.0000000000000000
          0.0000000000000002          -0.0000000000000006           0.0000000000000000
         -0.0000000000000001          -0.0000000000000001          -0.0000000000000000
         -0.0000000000000002           0.0000000000000002          -0.0000000000000000
         -0.0000000000000002          -0.0000000000000004          -0.0000000000000000
         -0.0000000000000001           0.0000000000000003           0.0000000000000000
         -0.0000000000000000          -0.0000000000000001          -0.0000000000000000
          0.0000000000000000           0.0000000000000000           0.0000000000000000
          0.0000000000000001           0.0000000000000000          -0.0000000000000000
         -0.0000000000000001          -0.0000000000000000          -0.0000000000000000
         -0.0000000000000000           0.0000000000000000           0.0000000000000000
          0.0000000000000000           0.0000000000000000          -0.0000000000000000
         -0.0000000000000000          -0.0000000000000001          -0.0000000000000000
         -0.0000000000000000           0.0000000000000000           0.0000000000000000
         -0.0000000000000000           0.0000000000000000           0.0000000000000000
          0.0000000000000000           0.0000000000000000          -0.0000000000000000
          0.0000000000000000           0.0000000000000000           0.0000000000000000
          0.0000000000000000           0.0000000000000000           0.0000000000000000
          0.0000000000000000           0.0000000000000000           0.0000000000000000
          0.0000000000000000           0.0000000000000000           0.0000000000000000
          0.0000000000000000           0.0000000000000000           0.0000000000000000
          0.0000000000000000           0.0000000000000000           0.0000000000000000
          0.0000000000000000           0.0000000000000000           0.0000000000000000
          0.0000000000000000           0.0000000000000000           0.0000000000000000
         -0.0035345949899680          -0.0463394823478011           0.2932831026254505
         -0.0580130075823135           0.0164742567600197          -1.3322535438397709
         -0.0061565469427501          -0.0369956479121650           0.1016048500207492
         -0.0606349595350950           0.0258180911956556          -1.5239317964444714
         -0.0032184476882923          -0.0301216621179373           0.2014973470840445
         -0.0507542144338269           0.0201674998717082          -1.2161969144251603
         -0.0060783334293639          -0.0296729988436299           0.0818003006647579
         -0.0536141001748988           0.0206161631460179          -1.3358939608444467
         -0.0400326583133911           0.0194291456948186          -1.0019046627114339
         -0.0428137657104565           0.0121917688360362          -1.0432306234731887
         -0.0284387271639926           0.0139735271107015          -0.7224844752380686
         -0.0302863113495367           0.0048658514504479          -0.7136872348193748
         -0.0306499521505866          -0.0107875195406962          -0.6432508447856541
         -0.0100516628645981          -0.0144856701976509          -0.1943514254356090
         -0.0168619913384540           0.0075171741481216          -0.4202862328286051
         -0.0173774756326236           0.0012345714018735          -0.3949662632706772
         -0.0161470315136399          -0.0067920578774680          -0.3296082126521193
         -0.0039284576100360          -0.0058827793815956          -0.0757639063761081
         -0.0051720705868798           0.0022026117925739          -0.1217787038989863
         -0.0049050855983393           0.0005312127418831          -0.1080731463763693
         -0.0039752848910808          -0.0012158576058118          -0.0825083048748973
         -0.0006293887296598          -0.0008529216909487          -0.0135234042470188
          0.0000000000000000           0.0000000000000000           0.0000000000000000
          0.0000000000000000           0.0000000000000000           0.0000000000000000
          0.0000000000000000           0.0000000000000000           0.0000000000000000
          0.0000000000000000           0.0000000000000000           0.0000000000000000
          0.0000000000000000           0.0000000000000000           0.0000000000000000
          0.0000000000000000           0.0000000000000000           0.0000000000000000
          0.0000000000000000           0.0000000000000000           0.0000000000000000
          0.0000000000000000           0.0000000000000000           0.0000000000000000
          0.0000000000000000           0.0000000000000000           0.0000000000000000
          0.0000000000000000           0.0000000000000000           0.0000000000000000
          0.0000000000000000           0.0000000000000000           0.0000000000000000
          0.0000000000000000           0.0000000000000000           0.0000000000000000
          0.0000000000000000           0.0000000000000000           0.0000000000000000
          0.0000000000000000           0.0000000000000000           0.0000000000000000
          0.0000000000000000           0.0000000000000000           0.0000000000000000
          0.0000000000000000           0.0000000000000000           0.0000000000000000
          0.0000000000000000           0.0000000000000000           0.0000000000000000
          0.0000000000000000           0.0000000000000000           0.0000000000000000
          0.0000000000000000           0.0000000000000000           0.0000000000000000
          0.0000000000000000           0.0000000000000000           0.0000000000000000
          0.0000000000000000           0.0000000000000000           0.0000000000000000
          0.0000000000000000           0.0000000000000000           0.0000000000000000
