1  82   2   1   2   -6.538164   0.000000
  0 
./DATA/100/00/GA/G011/M022/
0
          4.4354773477459499
          3.1131506259710213
          2.2011323226648494
          1.3831863486620255
          0.6809479817685656
          0.2294310010747160
          0.0155274503821398
          0.0000720949989128
          1.9501823802735565
          5.3369598702151304
          0.8204739117566408
          4.2072514016982145
          1.4225439347595910
          3.9277973659960312
          0.5767275480537304
          3.0819809792901709
          2.3699287395900934
          1.8451719918983525
          1.2138795897259607
          0.9360590320864361
          0.5852752574783637
          0.0953738777370393
          0.4919956135708616
          0.3754697259492854
          0.2260714379253306
          0.0262412184418711
          0.0893130235591080
          0.0674080019409180
          0.0389006740046602
          0.0024589235408999
          5.7317574733229897
          3.8878347990886155
          2.6128473890426638
          1.5158238154490431
          0.6700999163962617
          0.2054243855826289
          0.0135700416579723
          0.0000808191835363
          6.8099259406421435
         16.9941826198607764
          2.6944328972813745
         12.8786895765000100
          4.8789164497777584
         12.1380280915811571
          1.9107753933874010
          9.1698870351907935
          6.9440898595592637
          5.2215137569207108
          3.2998719708169926
          2.4687315546085924
          1.5046196804192173
          0.2154271746535084
          1.2064035215829472
          0.8983660270726046
          0.5355111191724067
          0.0632221146869890
          0.1825653590102928
          0.1354994449719377
          0.0785340334892859
          0.0065693142325023
          2.6449070369742156
          9.2571472432772417
          0.9043735029124014
          7.5166137092154308
          1.8610462649990658
          6.6474260056803942
          0.6134230694169537
          5.3998028100982793
          3.8261341974237526
          3.1057210515088718
          1.8238697680430682
          1.4757460523329831
          0.9968409755047535
          0.1511141737021594
          0.6649627676067451
          0.5343917290102982
          0.3533182327438516
          0.0457645209229023
          0.0990456240809219
          0.0784202337506015
          0.0498793572049962
          0.0048179334170176
1
          4.4354773477459482
          3.1131506259710218
          2.2011323226648494
          1.3831863486620255
          0.6809479817685655
          0.2294310010747161
          0.0155274503821398
          0.0000720949989128
          1.9501823802735569
          5.3369598702151286
          0.8204739117566405
          4.2072514016982137
          1.4225439347595907
          3.9277973659960317
          0.5767275480537298
          3.0819809792901700
          2.3699287395900925
          1.8451719918983525
          1.2138795897259607
          0.9360590320864364
          0.5852752574783632
          0.0953738777370393
          0.4919956135708615
          0.3754697259492855
          0.2260714379253305
          0.0262412184418711
          0.0893130235591080
          0.0674080019409180
          0.0389006740046602
          0.0024589235408999
          5.7317574733229897
          3.8878347990886164
          2.6128473890426647
          1.5158238154490429
          0.6700999163962615
          0.2054243855826289
          0.0135700416579723
          0.0000808191835363
          6.8099259406421453
         16.9941826198607728
          2.6944328972813727
         12.8786895764999958
          4.8789164497777655
         12.1380280915811589
          1.9107753933874014
          9.1698870351908006
          6.9440898595592619
          5.2215137569207037
          3.2998719708169917
          2.4687315546085942
          1.5046196804192156
          0.2154271746535083
          1.2064035215829481
          0.8983660270726035
          0.5355111191724061
          0.0632221146869889
          0.1825653590102928
          0.1354994449719376
          0.0785340334892859
          0.0065693142325023
          2.6449070369742138
          9.2571472432772435
          0.9043735029124003
          7.5166137092154237
          1.8610462649990667
          6.6474260056803942
          0.6134230694169536
          5.3998028100982811
          3.8261341974237544
          3.1057210515088709
          1.8238697680430700
          1.4757460523329844
          0.9968409755047541
          0.1511141737021596
          0.6649627676067452
          0.5343917290102990
          0.3533182327438513
          0.0457645209229023
          0.0990456240809220
          0.0784202337506016
          0.0498793572049962
          0.0048179334170176
   0    2  0.105768  0.164199  0.357807 
          0.0000000000000001           0.0000000000000001           0.0000000000000001
         -0.0000000000000001           0.0000000000000001          -0.0000000000000001
          0.0000000000000000           0.0000000000000000          -0.0000000000000001
          0.0000000000000000           0.0000000000000001           0.0000000000000000
          0.0000000000000000           0.0000000000000000          -0.0000000000000000
          0.0000000000000000          -0.0000000000000000           0.0000000000000000
          0.0000000000000000           0.0000000000000000           0.0000000000000000
          0.0000000000000000           0.0000000000000000          -0.0000000000000000
         -0.0000000000000000          -0.0000000000000000           0.0000000000000001
         -0.0000000000000003          -0.0000000000000006           0.0000000000000002
          0.0000000000000000           0.0000000000000000          -0.0000000000000001
         -0.0000000000000002          -0.0000000000000003           0.0000000000000005
          0.0000000000000000           0.0000000000000000          -0.0000000000000001
          0.0000000000000002           0.0000000000000005          -0.0000000000000007
          0.0000000000000000          -0.0000000000000000           0.0000000000000000
          0.0000000000000002          -0.0000000000000001           0.0000000000000004
          0.0000000000000007           0.0000000000000001           0.0000000000000003
          0.0000000000000001           0.0000000000000000          -0.0000000000000001
         -0.0000000000000002          -0.0000000000000000           0.0000000000000001
         -0.0000000000000002           0.0000000000000001          -0.0000000000000000
         -0.0000000000000001           0.0000000000000000           0.0000000000000000
         -0.0000000000000000           0.0000000000000000           0.0000000000000000
         -0.0000000000000000           0.0000000000000000           0.0000000000000000
         -0.0000000000000000           0.0000000000000000          -0.0000000000000000
         -0.0000000000000000           0.0000000000000000           0.0000000000000000
         -0.0000000000000000          -0.0000000000000000           0.0000000000000000
          0.0000000000000000           0.0000000000000000          -0.0000000000000000
         -0.0000000000000000           0.0000000000000000           0.0000000000000000
         -0.0000000000000000           0.0000000000000000           0.0000000000000000
         -0.0000000000000000           0.0000000000000000          -0.0000000000000000
          0.0306631694623431           0.0208197193421373           0.0494615352676318
          0.0228763890415862          -0.0001650873289885           0.0027826729766654
          0.0274672989294393          -0.0122168614664774          -0.0167673050656383
          0.0366448973366965          -0.0196975119445169          -0.0265492916384100
          0.0358214523488906          -0.0231904750238648          -0.0331039216420730
          0.0169314660417737          -0.0196403802188688          -0.0320092062690259
         -0.0004355369820587          -0.0044647478824883          -0.0091188477246423
         -0.0000652761579026          -0.0000530826515321          -0.0001741457764667
          0.0780425091347258          -0.0563112724514312          -0.0866052372760260
          0.1240679311663858           0.0042707946881143           0.0192462928094505
          0.0674086779622620          -0.0370263709392247          -0.0503849317406101
          0.1134340999939210           0.0235556962003223           0.0554665983448674
          0.0637903810192509          -0.0512107456134788          -0.0799998225564749
          0.1134451062827712          -0.0197889647123149          -0.0194376631524292
          0.0490352417372848          -0.0309556944065995          -0.0446087684160487
          0.0986899670008066           0.0004660864945632           0.0159533909879966
          0.1046965632768178          -0.0340887444859573          -0.0388961251684875
          0.0866735645061941          -0.0150486744940964          -0.0079623488197681
          0.0923754578538469          -0.0314153958112592          -0.0327857370011059
          0.0751204008736128          -0.0161860707060394          -0.0092514219542867
          0.0340387234457122          -0.0056000989945682          -0.0005165591351530
         -0.0257646509391621          -0.0048187442631190          -0.0162544676661451
          0.0677666080016592          -0.0197452735323714          -0.0174595554839258
          0.0554370523170698          -0.0099619868051953          -0.0027316010087312
          0.0293801434433515          -0.0028413121953897           0.0035987655842949
         -0.0098601606223569          -0.0027709035589569          -0.0076220300783648
          0.0259781019911160          -0.0061163031640415          -0.0042353226816498
          0.0216114266213772          -0.0028412376447371           0.0006583228801706
          0.0130382664805095          -0.0002643260044921           0.0032446508559312
         -0.0011452322092768          -0.0004270953567408          -0.0009903151058965
          0.1275861113956478          -0.0501042588972020          -0.0578412480169589
          0.0745243289054624          -0.0019362188661121          -0.0095176964496183
          0.0486500541333647          -0.0291417530465605          -0.0363669429846676
         -0.0044117283568203           0.0190262869845275           0.0119566085826736
          0.1138611418625619          -0.0450253990476349          -0.0512159110817654
          0.0633743454394600          -0.0259743112781593          -0.0482215746271394
          0.0432734009321523          -0.0240465930889011          -0.0293315932448530
         -0.0072133954909494          -0.0049955053194252          -0.0263372567902264
          0.0575763754646696          -0.0405080986493601          -0.0664733098556912
         -0.0000718434800050          -0.0219627769402250          -0.0472080933655477
          0.0539169601287528          -0.0375505911585075          -0.0563320581836958
          0.0119295435359154          -0.0236160422110566          -0.0420383449316119
         -0.0186156361899216          -0.0094395519628465          -0.0238117548553174
          0.0124932015261590           0.0002821901486565           0.0035626396614718
          0.0429751836013447          -0.0243853446170748          -0.0336055698886898
          0.0178933454810973          -0.0159547834838493          -0.0249855926793521
         -0.0043074014287762          -0.0072352403813526          -0.0147352042348931
          0.0018084456056444          -0.0009048533908468          -0.0008264477967496
          0.0182136659599199          -0.0078207387786213          -0.0097373096533242
          0.0104884833245329          -0.0051478056283149          -0.0069476272178913
          0.0024482948396577          -0.0022989001494747          -0.0037911142625961
         -0.0003011588609664          -0.0002370946013361          -0.0004522507807410
   1
          0.0000000000000000           0.0000000000000000           0.0000000000000000
          0.0000000000000000           0.0000000000000000           0.0000000000000000
          0.0000000000000000           0.0000000000000000           0.0000000000000000
          0.0000000000000000           0.0000000000000000           0.0000000000000000
          0.0000000000000000           0.0000000000000000           0.0000000000000000
          0.0000000000000000           0.0000000000000000           0.0000000000000000
          0.0000000000000000           0.0000000000000000           0.0000000000000000
          0.0000000000000000           0.0000000000000000           0.0000000000000000
          0.0000000000000000           0.0000000000000000           0.0000000000000000
          0.0000000000000000           0.0000000000000000           0.0000000000000000
          0.0000000000000000           0.0000000000000000           0.0000000000000000
          0.0000000000000000           0.0000000000000000           0.0000000000000000
          0.0000000000000000           0.0000000000000000           0.0000000000000000
          0.0000000000000000           0.0000000000000000           0.0000000000000000
          0.0000000000000000           0.0000000000000000           0.0000000000000000
          0.0000000000000000           0.0000000000000000           0.0000000000000000
          0.0000000000000000           0.0000000000000000           0.0000000000000000
          0.0000000000000000           0.0000000000000000           0.0000000000000000
          0.0000000000000000           0.0000000000000000           0.0000000000000000
          0.0000000000000000           0.0000000000000000           0.0000000000000000
          0.0000000000000000           0.0000000000000000           0.0000000000000000
          0.0000000000000000           0.0000000000000000           0.0000000000000000
          0.0000000000000000           0.0000000000000000           0.0000000000000000
          0.0000000000000000           0.0000000000000000           0.0000000000000000
          0.0000000000000000           0.0000000000000000           0.0000000000000000
          0.0000000000000000           0.0000000000000000           0.0000000000000000
          0.0000000000000000           0.0000000000000000           0.0000000000000000
          0.0000000000000000           0.0000000000000000           0.0000000000000000
          0.0000000000000000           0.0000000000000000           0.0000000000000000
          0.0000000000000000           0.0000000000000000           0.0000000000000000
          0.0306631694623431           0.0208197193421372           0.0494615352676317
          0.0228763890415862          -0.0001650873289887           0.0027826729766654
          0.0274672989294393          -0.0122168614664773          -0.0167673050656383
          0.0366448973366965          -0.0196975119445168          -0.0265492916384101
          0.0358214523488906          -0.0231904750238647          -0.0331039216420730
          0.0169314660417737          -0.0196403802188688          -0.0320092062690259
         -0.0004355369820587          -0.0044647478824883          -0.0091188477246423
         -0.0000652761579026          -0.0000530826515321          -0.0001741457764667
          0.0454256561248754          -0.0026733981960039          -0.0142789051027123
          0.3587952244773434          -0.1014075573306290          -0.1204389838304459
          0.0615338764243091          -0.0085813197712012          -0.0101507980099643
          0.3749034447767779          -0.1073154789058285          -0.1163108767376967
          0.0298693338740334          -0.0210536224291078          -0.0459391508475657
          0.3246016407300115          -0.1209457982224817          -0.1529358205702452
          0.0320908277036073          -0.0165924351783114          -0.0310116226211534
          0.3268231345595864          -0.1164846109716857          -0.1380082923438320
          0.2781992061048496          -0.1207199775684367          -0.1523405861373127
          0.2631901504833464          -0.1091875732010340          -0.1331230887030404
          0.2191775107207189          -0.0958066591103989          -0.1167060706795641
          0.1941999015084581          -0.0836104894818849          -0.1007098783935034
          0.1268095783637902          -0.0737805558880208          -0.1013710861286243
         -0.0150450148819100          -0.0298327809566826          -0.0605043750356076
          0.1436783354312967          -0.0587982433087001          -0.0685754138557299
          0.1204630201543915          -0.0499680924174228          -0.0585581693524932
          0.0730777359731836          -0.0409824241863127          -0.0551218122481299
         -0.0082948398049446          -0.0123302921738712          -0.0262393032170421
          0.0495961239980365          -0.0185696755862845          -0.0207432147210434
          0.0396717241070942          -0.0152809588065169          -0.0172781979952404
          0.0230642079056091          -0.0112557021559306          -0.0143396842366998
         -0.0014454382776181          -0.0020409920364745          -0.0045839607506766
          0.1275861113956477          -0.0501042588972020          -0.0578412480169589
          0.0745243289054624          -0.0019362188661098          -0.0095176964496186
          0.0486500541333650          -0.0291417530465605          -0.0363669429846670
         -0.0044117283568196           0.0190262869845311           0.0119566085826715
          0.1138611418625618          -0.0450253990476348          -0.0512159110817652
          0.0633743454394591          -0.0259743112781594          -0.0482215746271388
          0.0432734009321526          -0.0240465930889009          -0.0293315932448529
         -0.0072133954909499          -0.0049955053194278          -0.0263372567902255
          0.0575763754646692          -0.0405080986493583          -0.0664733098556920
         -0.0000718434800055          -0.0219627769402247          -0.0472080933655474
          0.0539169601287525          -0.0375505911585074          -0.0563320581836959
          0.0119295435359157          -0.0236160422110564          -0.0420383449316125
         -0.0186156361899215          -0.0094395519628466          -0.0238117548553177
          0.0124932015261590           0.0002821901486566           0.0035626396614718
          0.0429751836013447          -0.0243853446170752          -0.0336055698886901
          0.0178933454810972          -0.0159547834838492          -0.0249855926793519
         -0.0043074014287762          -0.0072352403813528          -0.0147352042348933
          0.0018084456056444          -0.0009048533908468          -0.0008264477967496
          0.0182136659599199          -0.0078207387786214          -0.0097373096533242
          0.0104884833245328          -0.0051478056283149          -0.0069476272178913
          0.0024482948396577          -0.0022989001494747          -0.0037911142625960
         -0.0003011588609664          -0.0002370946013361          -0.0004522507807410
   0
         -0.0000000000000001          -0.0000000000000001          -0.0000000000000001
          0.0000000000000001          -0.0000000000000001           0.0000000000000001
         -0.0000000000000000           0.0000000000000000           0.0000000000000001
          0.0000000000000000          -0.0000000000000001          -0.0000000000000000
          0.0000000000000000           0.0000000000000000           0.0000000000000000
         -0.0000000000000000           0.0000000000000000          -0.0000000000000000
          0.0000000000000000          -0.0000000000000000          -0.0000000000000000
          0.0000000000000000           0.0000000000000000           0.0000000000000000
         -0.0000000000000006          -0.0000000000000000          -0.0000000000000001
         -0.0000000000000004          -0.0000000000000001           0.0000000000000012
          0.0000000000000000          -0.0000000000000002          -0.0000000000000000
          0.0000000000000005           0.0000000000000002          -0.0000000000000005
         -0.0000000000000001           0.0000000000000002           0.0000000000000000
         -0.0000000000000004           0.0000000000000002           0.0000000000000006
         -0.0000000000000000           0.0000000000000002           0.0000000000000001
         -0.0000000000000001           0.0000000000000001          -0.0000000000000001
         -0.0000000000000001           0.0000000000000004          -0.0000000000000001
         -0.0000000000000002           0.0000000000000001           0.0000000000000000
         -0.0000000000000000           0.0000000000000000           0.0000000000000005
         -0.0000000000000001          -0.0000000000000001          -0.0000000000000001
         -0.0000000000000001           0.0000000000000000           0.0000000000000001
          0.0000000000000000           0.0000000000000000           0.0000000000000000
         -0.0000000000000000           0.0000000000000000           0.0000000000000000
         -0.0000000000000000           0.0000000000000001           0.0000000000000001
          0.0000000000000001          -0.0000000000000000           0.0000000000000000
         -0.0000000000000000           0.0000000000000000           0.0000000000000000
          0.0000000000000000           0.0000000000000000          -0.0000000000000000
          0.0000000000000000          -0.0000000000000000           0.0000000000000000
          0.0000000000000000           0.0000000000000000          -0.0000000000000000
         -0.0000000000000000           0.0000000000000000          -0.0000000000000000
          0.0000000000000000           0.0000000000000000           0.0000000000000000
          0.0000000000000000           0.0000000000000000           0.0000000000000000
          0.0000000000000000           0.0000000000000000           0.0000000000000000
          0.0000000000000000           0.0000000000000000           0.0000000000000000
          0.0000000000000000           0.0000000000000000           0.0000000000000000
          0.0000000000000000           0.0000000000000000           0.0000000000000000
          0.0000000000000000           0.0000000000000000           0.0000000000000000
          0.0000000000000000           0.0000000000000000           0.0000000000000000
         -0.0326168530098498           0.0536378742554288           0.0723263321733162
          0.2347272933109590          -0.1056783520187442          -0.1396852766398968
         -0.0058748015379528           0.0284450511680232           0.0402341337306440
          0.2614693447828577          -0.1308711751061494          -0.1717774750825646
         -0.0339210471452182           0.0301571231843712           0.0340606717089090
          0.2111565344472413          -0.1011568335101653          -0.1334981574178144
         -0.0169444140336769           0.0143632592282886           0.0135971457948960
          0.2281331675587798          -0.1169506974662483          -0.1539616833318282
          0.1735026428280307          -0.0866312330824783          -0.1134444609688263
          0.1765165859771523          -0.0941388987069363          -0.1251607398832724
          0.1268020528668723          -0.0643912632991394          -0.0839203336784574
          0.1190795006348461          -0.0674244187758460          -0.0914584564392167
          0.0927708549180779          -0.0681804568934526          -0.1008545269934716
          0.0107196360572521          -0.0250140366935636          -0.0442499073694624
          0.0759117274296375          -0.0390529697763291          -0.0511158583718045
          0.0650259678373218          -0.0400061056122275          -0.0558265683437620
          0.0436975925298321          -0.0381411119909229          -0.0587205778324249
          0.0015653208174122          -0.0095593886149142          -0.0186172731386774
          0.0236180220069205          -0.0124533724222430          -0.0165078920393936
          0.0180602974857170          -0.0124397211617798          -0.0179365208754111
          0.0100259414250996          -0.0109913761514384          -0.0175843350926309
         -0.0003002060683412          -0.0016138966797336          -0.0035936456447801
          0.0000000000000000           0.0000000000000000           0.0000000000000000
          0.0000000000000000           0.0000000000000000           0.0000000000000000
          0.0000000000000000           0.0000000000000000           0.0000000000000000
          0.0000000000000000           0.0000000000000000           0.0000000000000000
          0.0000000000000000           0.0000000000000000           0.0000000000000000
          0.0000000000000000           0.0000000000000000           0.0000000000000000
          0.0000000000000000           0.0000000000000000           0.0000000000000000
          0.0000000000000000           0.0000000000000000           0.0000000000000000
          0.0000000000000000           0.0000000000000000           0.0000000000000000
          0.0000000000000000           0.0000000000000000           0.0000000000000000
          0.0000000000000000           0.0000000000000000           0.0000000000000000
          0.0000000000000000           0.0000000000000000           0.0000000000000000
          0.0000000000000000           0.0000000000000000           0.0000000000000000
          0.0000000000000000           0.0000000000000000           0.0000000000000000
          0.0000000000000000           0.0000000000000000           0.0000000000000000
          0.0000000000000000           0.0000000000000000           0.0000000000000000
          0.0000000000000000           0.0000000000000000           0.0000000000000000
          0.0000000000000000           0.0000000000000000           0.0000000000000000
          0.0000000000000000           0.0000000000000000           0.0000000000000000
          0.0000000000000000           0.0000000000000000           0.0000000000000000
          0.0000000000000000           0.0000000000000000           0.0000000000000000
          0.0000000000000000           0.0000000000000000           0.0000000000000000
