1  82   2   1   1   -2.684384   0.000000
  0 
./DATA/000/111/
0
          0.0000000000000000
          0.0000000000000000
          0.0000000000000000
          0.0000000000000000
          0.0000000000000000
          0.0000000000000000
          0.0000000000000000
          0.0000000000000000
          0.0000000000000000
          0.0000000000000000
          0.0000000000000000
          0.0000000000000000
          0.0000000000000000
          0.0000000000000000
          0.0000000000000000
          0.0000000000000000
          0.0000000000000000
          0.0000000000000000
          0.0000000000000000
          0.0000000000000000
          0.0000000000000000
          0.0000000000000000
          0.0000000000000000
          0.0000000000000000
          0.0000000000000000
          0.0000000000000000
          0.0000000000000000
          0.0000000000000000
          0.0000000000000000
          0.0000000000000000
          0.6942470722369806
          0.5952400021973157
          0.5017016178299564
          0.3882179297561586
          0.2531972992873519
          0.1277828695145597
          0.0231209968882434
          0.0007569625483329
          0.0000000000000000
          0.0000000000000000
          0.0000000000000000
          0.0000000000000000
          0.0000000000000000
          0.0000000000000000
          0.0000000000000000
          0.0000000000000000
          0.0000000000000000
          0.0000000000000000
          0.0000000000000000
          0.0000000000000000
          0.0000000000000000
          0.0000000000000000
          0.0000000000000000
          0.0000000000000000
          0.0000000000000000
          0.0000000000000000
          0.0000000000000000
          0.0000000000000000
          0.0000000000000000
          0.0000000000000000
          0.0000000000000000
          0.0000000000000000
          0.0000000000000000
          0.0000000000000000
          0.0000000000000000
          0.0000000000000000
          0.0000000000000000
          0.0000000000000000
          0.0000000000000000
          0.0000000000000000
          0.0000000000000000
          0.0000000000000000
          0.0000000000000000
          0.0000000000000000
          0.0000000000000000
          0.0000000000000000
          0.0000000000000000
          0.0000000000000000
          0.0000000000000000
          0.0000000000000000
          0.0000000000000000
          0.0000000000000000
1
          0.0000000000000000
          0.0000000000000000
          0.0000000000000000
          0.0000000000000000
          0.0000000000000000
          0.0000000000000000
          0.0000000000000000
          0.0000000000000000
          0.0000000000000000
          0.0000000000000000
          0.0000000000000000
          0.0000000000000000
          0.0000000000000000
          0.0000000000000000
          0.0000000000000000
          0.0000000000000000
          0.0000000000000000
          0.0000000000000000
          0.0000000000000000
          0.0000000000000000
          0.0000000000000000
          0.0000000000000000
          0.0000000000000000
          0.0000000000000000
          0.0000000000000000
          0.0000000000000000
          0.0000000000000000
          0.0000000000000000
          0.0000000000000000
          0.0000000000000000
          0.6942470722369806
          0.5952400021973157
          0.5017016178299564
          0.3882179297561586
          0.2531972992873519
          0.1277828695145597
          0.0231209968882434
          0.0007569625483329
          0.0000000000000000
          0.0000000000000000
          0.0000000000000000
          0.0000000000000000
          0.0000000000000000
          0.0000000000000000
          0.0000000000000000
          0.0000000000000000
          0.0000000000000000
          0.0000000000000000
          0.0000000000000000
          0.0000000000000000
          0.0000000000000000
          0.0000000000000000
          0.0000000000000000
          0.0000000000000000
          0.0000000000000000
          0.0000000000000000
          0.0000000000000000
          0.0000000000000000
          0.0000000000000000
          0.0000000000000000
          0.0000000000000000
          0.0000000000000000
          0.0000000000000000
          0.0000000000000000
          0.0000000000000000
          0.0000000000000000
          0.0000000000000000
          0.0000000000000000
          0.0000000000000000
          0.0000000000000000
          0.0000000000000000
          0.0000000000000000
          0.0000000000000000
          0.0000000000000000
          0.0000000000000000
          0.0000000000000000
          0.0000000000000000
          0.0000000000000000
          0.0000000000000000
          0.0000000000000000
          0.0000000000000000
          0.0000000000000000
   0    1 -2.478008  0.000000 -0.000000 
          0.0000000000000000           0.0000000000000000           0.0000000000000000
          0.0000000000000000           0.0000000000000000           0.0000000000000000
          0.0000000000000000           0.0000000000000000           0.0000000000000000
          0.0000000000000000           0.0000000000000000           0.0000000000000000
          0.0000000000000000           0.0000000000000000           0.0000000000000000
          0.0000000000000000           0.0000000000000000           0.0000000000000000
          0.0000000000000000           0.0000000000000000           0.0000000000000000
          0.0000000000000000           0.0000000000000000           0.0000000000000000
          0.0000000000000000           0.0000000000000000           0.0000000000000000
          0.0000000000000000           0.0000000000000000           0.0000000000000000
          0.0000000000000000           0.0000000000000000           0.0000000000000000
          0.0000000000000000           0.0000000000000000           0.0000000000000000
          0.0000000000000000           0.0000000000000000           0.0000000000000000
          0.0000000000000000           0.0000000000000000           0.0000000000000000
          0.0000000000000000           0.0000000000000000           0.0000000000000000
          0.0000000000000000           0.0000000000000000           0.0000000000000000
          0.0000000000000000           0.0000000000000000           0.0000000000000000
          0.0000000000000000           0.0000000000000000           0.0000000000000000
          0.0000000000000000           0.0000000000000000           0.0000000000000000
          0.0000000000000000           0.0000000000000000           0.0000000000000000
          0.0000000000000000           0.0000000000000000           0.0000000000000000
          0.0000000000000000           0.0000000000000000           0.0000000000000000
          0.0000000000000000           0.0000000000000000           0.0000000000000000
          0.0000000000000000           0.0000000000000000           0.0000000000000000
          0.0000000000000000           0.0000000000000000           0.0000000000000000
          0.0000000000000000           0.0000000000000000           0.0000000000000000
          0.0000000000000000           0.0000000000000000           0.0000000000000000
          0.0000000000000000           0.0000000000000000           0.0000000000000000
          0.0000000000000000           0.0000000000000000           0.0000000000000000
          0.0000000000000000           0.0000000000000000           0.0000000000000000
          0.2453094490876147           0.0000000000000000           0.0000000000000000
          0.2940419123350828           0.0000000000000000           0.0000000000000000
          0.3262357938475340           0.0000000000000000           0.0000000000000000
          0.3434421416027630           0.0000000000000000           0.0000000000000000
          0.3229120617196784           0.0000000000000000           0.0000000000000000
          0.2428407118164042           0.0000000000000000           0.0000000000000000
          0.0800706605406555           0.0000000000000000           0.0000000000000000
          0.0049872553400680           0.0000000000000000           0.0000000000000000
          0.0000000000000000           0.0000000000000000           0.0000000000000000
          0.0000000000000000           0.0000000000000000           0.0000000000000000
          0.0000000000000000           0.0000000000000000           0.0000000000000000
          0.0000000000000000           0.0000000000000000           0.0000000000000000
          0.0000000000000000           0.0000000000000000           0.0000000000000000
          0.0000000000000000           0.0000000000000000           0.0000000000000000
          0.0000000000000000           0.0000000000000000           0.0000000000000000
          0.0000000000000000           0.0000000000000000           0.0000000000000000
          0.0000000000000000           0.0000000000000000           0.0000000000000000
          0.0000000000000000           0.0000000000000000           0.0000000000000000
          0.0000000000000000           0.0000000000000000           0.0000000000000000
          0.0000000000000000           0.0000000000000000           0.0000000000000000
          0.0000000000000000           0.0000000000000000           0.0000000000000000
          0.0000000000000000           0.0000000000000000           0.0000000000000000
          0.0000000000000000           0.0000000000000000           0.0000000000000000
          0.0000000000000000           0.0000000000000000           0.0000000000000000
          0.0000000000000000           0.0000000000000000           0.0000000000000000
          0.0000000000000000           0.0000000000000000           0.0000000000000000
          0.0000000000000000           0.0000000000000000           0.0000000000000000
          0.0000000000000000           0.0000000000000000           0.0000000000000000
          0.0000000000000000           0.0000000000000000           0.0000000000000000
          0.0000000000000000           0.0000000000000000           0.0000000000000000
          0.0000000000000000           0.0000000000000000           0.0000000000000000
          0.0000000000000000           0.0000000000000000           0.0000000000000000
          0.0000000000000000           0.0000000000000000           0.0000000000000000
          0.0000000000000000           0.0000000000000000           0.0000000000000000
          0.0000000000000000           0.0000000000000000           0.0000000000000000
          0.0000000000000000           0.0000000000000000           0.0000000000000000
          0.0000000000000000           0.0000000000000000           0.0000000000000000
          0.0000000000000000           0.0000000000000000           0.0000000000000000
          0.0000000000000000           0.0000000000000000           0.0000000000000000
          0.0000000000000000           0.0000000000000000           0.0000000000000000
          0.0000000000000000           0.0000000000000000           0.0000000000000000
          0.0000000000000000           0.0000000000000000           0.0000000000000000
          0.0000000000000000           0.0000000000000000           0.0000000000000000
          0.0000000000000000           0.0000000000000000           0.0000000000000000
          0.0000000000000000           0.0000000000000000           0.0000000000000000
          0.0000000000000000           0.0000000000000000           0.0000000000000000
          0.0000000000000000           0.0000000000000000           0.0000000000000000
          0.0000000000000000           0.0000000000000000           0.0000000000000000
          0.0000000000000000           0.0000000000000000           0.0000000000000000
          0.0000000000000000           0.0000000000000000           0.0000000000000000
          0.0000000000000000           0.0000000000000000           0.0000000000000000
          0.0000000000000000           0.0000000000000000           0.0000000000000000
   1
          0.0000000000000000           0.0000000000000000           0.0000000000000000
          0.0000000000000000           0.0000000000000000           0.0000000000000000
          0.0000000000000000           0.0000000000000000           0.0000000000000000
          0.0000000000000000           0.0000000000000000           0.0000000000000000
          0.0000000000000000           0.0000000000000000           0.0000000000000000
          0.0000000000000000           0.0000000000000000           0.0000000000000000
          0.0000000000000000           0.0000000000000000           0.0000000000000000
          0.0000000000000000           0.0000000000000000           0.0000000000000000
          0.0000000000000000           0.0000000000000000           0.0000000000000000
          0.0000000000000000           0.0000000000000000           0.0000000000000000
          0.0000000000000000           0.0000000000000000           0.0000000000000000
          0.0000000000000000           0.0000000000000000           0.0000000000000000
          0.0000000000000000           0.0000000000000000           0.0000000000000000
          0.0000000000000000           0.0000000000000000           0.0000000000000000
          0.0000000000000000           0.0000000000000000           0.0000000000000000
          0.0000000000000000           0.0000000000000000           0.0000000000000000
          0.0000000000000000           0.0000000000000000           0.0000000000000000
          0.0000000000000000           0.0000000000000000           0.0000000000000000
          0.0000000000000000           0.0000000000000000           0.0000000000000000
          0.0000000000000000           0.0000000000000000           0.0000000000000000
          0.0000000000000000           0.0000000000000000           0.0000000000000000
          0.0000000000000000           0.0000000000000000           0.0000000000000000
          0.0000000000000000           0.0000000000000000           0.0000000000000000
          0.0000000000000000           0.0000000000000000           0.0000000000000000
          0.0000000000000000           0.0000000000000000           0.0000000000000000
          0.0000000000000000           0.0000000000000000           0.0000000000000000
          0.0000000000000000           0.0000000000000000           0.0000000000000000
          0.0000000000000000           0.0000000000000000           0.0000000000000000
          0.0000000000000000           0.0000000000000000           0.0000000000000000
          0.0000000000000000           0.0000000000000000           0.0000000000000000
          0.2453094490876147           0.0000000000000000           0.0000000000000000
          0.2940419123350828           0.0000000000000000           0.0000000000000000
          0.3262357938475340           0.0000000000000000           0.0000000000000000
          0.3434421416027630           0.0000000000000000           0.0000000000000000
          0.3229120617196784           0.0000000000000000           0.0000000000000000
          0.2428407118164042           0.0000000000000000           0.0000000000000000
          0.0800706605406555           0.0000000000000000           0.0000000000000000
          0.0049872553400680           0.0000000000000000           0.0000000000000000
          0.0000000000000000           0.0000000000000000           0.0000000000000000
          0.0000000000000000           0.0000000000000000           0.0000000000000000
          0.0000000000000000           0.0000000000000000           0.0000000000000000
          0.0000000000000000           0.0000000000000000           0.0000000000000000
          0.0000000000000000           0.0000000000000000           0.0000000000000000
          0.0000000000000000           0.0000000000000000           0.0000000000000000
          0.0000000000000000           0.0000000000000000           0.0000000000000000
          0.0000000000000000           0.0000000000000000           0.0000000000000000
          0.0000000000000000           0.0000000000000000           0.0000000000000000
          0.0000000000000000           0.0000000000000000           0.0000000000000000
          0.0000000000000000           0.0000000000000000           0.0000000000000000
          0.0000000000000000           0.0000000000000000           0.0000000000000000
          0.0000000000000000           0.0000000000000000           0.0000000000000000
          0.0000000000000000           0.0000000000000000           0.0000000000000000
          0.0000000000000000           0.0000000000000000           0.0000000000000000
          0.0000000000000000           0.0000000000000000           0.0000000000000000
          0.0000000000000000           0.0000000000000000           0.0000000000000000
          0.0000000000000000           0.0000000000000000           0.0000000000000000
          0.0000000000000000           0.0000000000000000           0.0000000000000000
          0.0000000000000000           0.0000000000000000           0.0000000000000000
          0.0000000000000000           0.0000000000000000           0.0000000000000000
          0.0000000000000000           0.0000000000000000           0.0000000000000000
          0.0000000000000000           0.0000000000000000           0.0000000000000000
          0.0000000000000000           0.0000000000000000           0.0000000000000000
          0.0000000000000000           0.0000000000000000           0.0000000000000000
          0.0000000000000000           0.0000000000000000           0.0000000000000000
          0.0000000000000000           0.0000000000000000           0.0000000000000000
          0.0000000000000000           0.0000000000000000           0.0000000000000000
          0.0000000000000000           0.0000000000000000           0.0000000000000000
          0.0000000000000000           0.0000000000000000           0.0000000000000000
          0.0000000000000000           0.0000000000000000           0.0000000000000000
          0.0000000000000000           0.0000000000000000           0.0000000000000000
          0.0000000000000000           0.0000000000000000           0.0000000000000000
          0.0000000000000000           0.0000000000000000           0.0000000000000000
          0.0000000000000000           0.0000000000000000           0.0000000000000000
          0.0000000000000000           0.0000000000000000           0.0000000000000000
          0.0000000000000000           0.0000000000000000           0.0000000000000000
          0.0000000000000000           0.0000000000000000           0.0000000000000000
          0.0000000000000000           0.0000000000000000           0.0000000000000000
          0.0000000000000000           0.0000000000000000           0.0000000000000000
          0.0000000000000000           0.0000000000000000           0.0000000000000000
          0.0000000000000000           0.0000000000000000           0.0000000000000000
          0.0000000000000000           0.0000000000000000           0.0000000000000000
          0.0000000000000000           0.0000000000000000           0.0000000000000000
