1  82   2   1   2   -5.973003   0.000000
  0 
./DATA/100/00/GA/G011/M025/
0
          4.9854831998585647
          3.4288783878535041
          2.3773176571055572
          1.4673283963750283
          0.7247338896724665
          0.2610706305222175
          0.0239552035582225
          0.0002343063233742
          2.3282765986024456
          6.2972521954032397
          0.9967584409776086
          4.9657340377784021
          1.6772112893952598
          4.5560861973383071
          0.7061475687446174
          3.5850224766876622
          2.6765098085234240
          2.0979160814742914
          1.3241018422630060
          1.0325080791043184
          0.6855712623107476
          0.1408348401209112
          0.5102470388046189
          0.3954518415410068
          0.2577992564895017
          0.0447954384464365
          0.0826731927237020
          0.0635704579834869
          0.0404202147199591
          0.0054726950063466
          6.3607839374722905
          4.4110726440617043
          3.0420654501640456
          1.8355538495734887
          0.8661262475048643
          0.2959174764776129
          0.0268122237983619
          0.0003278236244164
          8.4450427125763099
         22.6784369058608739
          3.3317809244078056
         17.5651751176924051
          6.1242577364222370
         16.3613822325648677
          2.3943633099160677
         12.6314878060587041
          9.5305422649556704
          7.3182651774921705
          4.6549032365351897
          3.5498288158876088
          2.2550171813544804
          0.4078945030957298
          1.7793856435300350
          1.3460122784930859
          0.8340790535328094
          0.1286368557374735
          0.3000736437549124
          0.2246981423794874
          0.1342759633765628
          0.0152539023269466
          3.9981950381150115
         11.5635447711035990
          1.5908851358443727
          9.1562348688329642
          2.8426101318804915
          8.4002098526130631
          1.1026544138985999
          6.6602541346311730
          4.9438474316442802
          3.9252190731357377
          2.4421678365866248
          1.9399890592409603
          1.2896779905884415
          0.2076175722771280
          0.9437104832132075
          0.7489018814384156
          0.4914351666160757
          0.0691735095456690
          0.1604823400622916
          0.1267471824144491
          0.0812120786164924
          0.0090302028555813
1
          4.9854831998585656
          3.4288783878535041
          2.3773176571055576
          1.4673283963750281
          0.7247338896724663
          0.2610706305222174
          0.0239552035582225
          0.0002343063233742
          2.3282765986024470
          6.2972521954032414
          0.9967584409776089
          4.9657340377784021
          1.6772112893952598
          4.5560861973383080
          0.7061475687446175
          3.5850224766876617
          2.6765098085234240
          2.0979160814742914
          1.3241018422630060
          1.0325080791043186
          0.6855712623107476
          0.1408348401209113
          0.5102470388046190
          0.3954518415410068
          0.2577992564895017
          0.0447954384464365
          0.0826731927237020
          0.0635704579834869
          0.0404202147199591
          0.0054726950063466
          6.3607839374722914
          4.4110726440617043
          3.0420654501640465
          1.8355538495734876
          0.8661262475048644
          0.2959174764776129
          0.0268122237983619
          0.0003278236244164
          8.4450427125763063
         22.6784369058609272
          3.3317809244078078
         17.5651751176924193
          6.1242577364222424
         16.3613822325648641
          2.3943633099160659
         12.6314878060586935
          9.5305422649556721
          7.3182651774921741
          4.6549032365351914
          3.5498288158876070
          2.2550171813544799
          0.4078945030957304
          1.7793856435300355
          1.3460122784930864
          0.8340790535328088
          0.1286368557374733
          0.3000736437549127
          0.2246981423794875
          0.1342759633765628
          0.0152539023269466
          3.9981950381150098
         11.5635447711035901
          1.5908851358443736
          9.1562348688329571
          2.8426101318804924
          8.4002098526130613
          1.1026544138985992
          6.6602541346311703
          4.9438474316442784
          3.9252190731357381
          2.4421678365866257
          1.9399890592409592
          1.2896779905884419
          0.2076175722771281
          0.9437104832132069
          0.7489018814384161
          0.4914351666160756
          0.0691735095456690
          0.1604823400622917
          0.1267471824144492
          0.0812120786164924
          0.0090302028555813
   0    2 -0.700320 -0.238927 -0.106021 
          0.0000000000000000           0.0000000000000001           0.0000000000000000
         -0.0000000000000000           0.0000000000000001           0.0000000000000000
         -0.0000000000000001          -0.0000000000000000           0.0000000000000000
         -0.0000000000000000           0.0000000000000000           0.0000000000000000
         -0.0000000000000000           0.0000000000000000          -0.0000000000000000
          0.0000000000000000           0.0000000000000000           0.0000000000000000
          0.0000000000000000           0.0000000000000000           0.0000000000000000
          0.0000000000000000           0.0000000000000000           0.0000000000000000
         -0.0000000000000000          -0.0000000000000001           0.0000000000000001
          0.0000000000000002          -0.0000000000000006           0.0000000000000001
         -0.0000000000000000          -0.0000000000000000          -0.0000000000000000
          0.0000000000000006           0.0000000000000001          -0.0000000000000003
          0.0000000000000002          -0.0000000000000000           0.0000000000000001
         -0.0000000000000002           0.0000000000000003          -0.0000000000000004
         -0.0000000000000000           0.0000000000000000          -0.0000000000000000
          0.0000000000000003          -0.0000000000000005          -0.0000000000000002
         -0.0000000000000001          -0.0000000000000001          -0.0000000000000000
          0.0000000000000005           0.0000000000000000           0.0000000000000001
         -0.0000000000000001          -0.0000000000000000          -0.0000000000000001
         -0.0000000000000001           0.0000000000000000          -0.0000000000000001
          0.0000000000000000           0.0000000000000000           0.0000000000000000
          0.0000000000000000           0.0000000000000000           0.0000000000000000
         -0.0000000000000000           0.0000000000000000          -0.0000000000000001
          0.0000000000000000           0.0000000000000000          -0.0000000000000000
          0.0000000000000000           0.0000000000000000          -0.0000000000000000
         -0.0000000000000000          -0.0000000000000000           0.0000000000000000
         -0.0000000000000000           0.0000000000000000           0.0000000000000000
          0.0000000000000000           0.0000000000000000          -0.0000000000000000
         -0.0000000000000000           0.0000000000000000           0.0000000000000000
         -0.0000000000000000           0.0000000000000000          -0.0000000000000000
         -0.0179703149946052           0.0003306085462483          -0.0007878864951987
          0.0008350084464142           0.0045313402889392           0.0008563036534478
          0.0033499019788250           0.0062309784365195          -0.0011597608764660
          0.0038846433496496           0.0088686570802286          -0.0030449967510277
          0.0129879154417103           0.0101579366499195           0.0006709471299579
          0.0243570214172819           0.0063519673612100           0.0070811532509433
          0.0130561260937657           0.0030724322090931           0.0029231234391969
          0.0006805302289397           0.0004234433615207          -0.0000383147728298
          0.0490030332696924           0.0380567144538421           0.0010701050135892
         -0.0117493520663338           0.0209424796275398           0.0019711430135293
          0.0111404298689082           0.0331963323360848          -0.0138592879538848
         -0.0496119554671208           0.0160820975097815          -0.0129582499539442
          0.0466517771886010           0.0276320700559856           0.0053127477605660
         -0.0121577246334636           0.0223579059838365          -0.0080101880702848
          0.0158237930021476           0.0217031146457869          -0.0053677447324107
         -0.0429857088199161           0.0164289505736360          -0.0186906805632604
         -0.0217301764046170           0.0223348333884800          -0.0195346775923547
         -0.0438909630908419           0.0154538860305255          -0.0256228524253906
         -0.0294555981857989           0.0207117525306371          -0.0245038876039801
         -0.0445815423444277           0.0138066145801331          -0.0275514356865750
         -0.0266217390601637           0.0039617374645674          -0.0146982736688203
          0.0377967035140360          -0.0015108387936884           0.0179076976559607
         -0.0257602802561374           0.0162723523540015          -0.0198501930776537
         -0.0354477428339739           0.0108414998792738          -0.0214301694356438
         -0.0260626202012764           0.0041410072871861          -0.0142853647452607
          0.0157015664391918          -0.0000249762541624           0.0074478449467778
         -0.0100668809879304           0.0064041807242360          -0.0066817348441852
         -0.0139304241611174           0.0043861390698537          -0.0075281202340255
         -0.0120496651570181           0.0022166402236647          -0.0061161897923108
          0.0021154473145424           0.0002394726242224           0.0009040376298876
         -0.0124478453150378           0.0293207803072962          -0.0197527340002999
          0.0497015265183922           0.0296784137740865           0.0227939820274186
          0.0148394173351585           0.0135893918886404          -0.0009188881586594
          0.0769887891685888           0.0139470253554304           0.0416278278690592
         -0.0145410957122832           0.0268848735712233          -0.0198151712417812
          0.0490351482674218           0.0231051024685981           0.0171177309320644
          0.0097338313191836           0.0122486956667611          -0.0019366372611067
          0.0733100752988881           0.0084689245641383           0.0349962649127385
          0.0356355520600415           0.0172432105720514           0.0069453173672354
          0.0548487769370580           0.0043756557297582           0.0221675091943334
          0.0186055212794047           0.0155726437124413          -0.0022911228203842
          0.0313240665651644           0.0053276423973126           0.0085714760629738
          0.0297333341653754          -0.0051967046418399           0.0143401369709665
         -0.0090440338324411           0.0018618742023936          -0.0016773773133987
          0.0074085751398697           0.0145696087488189          -0.0059171017165405
          0.0136044848470071           0.0080347442334664          -0.0001687261426498
          0.0143957557237470          -0.0000220203197226           0.0044367483835419
         -0.0014496756992328          -0.0015915177332087           0.0010466159536982
          0.0022588768234200           0.0074239128498811          -0.0025886420570360
          0.0034311032019427           0.0056105392944525          -0.0015262418704134
          0.0036074217745604           0.0027171123777672          -0.0003087785618941
          0.0002372748346992          -0.0007151220726348           0.0004226438863441
   1
          0.0000000000000000           0.0000000000000000           0.0000000000000000
          0.0000000000000000           0.0000000000000000           0.0000000000000000
          0.0000000000000000           0.0000000000000000           0.0000000000000000
          0.0000000000000000           0.0000000000000000           0.0000000000000000
          0.0000000000000000           0.0000000000000000           0.0000000000000000
          0.0000000000000000           0.0000000000000000           0.0000000000000000
          0.0000000000000000           0.0000000000000000           0.0000000000000000
          0.0000000000000000           0.0000000000000000           0.0000000000000000
          0.0000000000000000           0.0000000000000000           0.0000000000000000
          0.0000000000000000           0.0000000000000000           0.0000000000000000
          0.0000000000000000           0.0000000000000000           0.0000000000000000
          0.0000000000000000           0.0000000000000000           0.0000000000000000
          0.0000000000000000           0.0000000000000000           0.0000000000000000
          0.0000000000000000           0.0000000000000000           0.0000000000000000
          0.0000000000000000           0.0000000000000000           0.0000000000000000
          0.0000000000000000           0.0000000000000000           0.0000000000000000
          0.0000000000000000           0.0000000000000000           0.0000000000000000
          0.0000000000000000           0.0000000000000000           0.0000000000000000
          0.0000000000000000           0.0000000000000000           0.0000000000000000
          0.0000000000000000           0.0000000000000000           0.0000000000000000
          0.0000000000000000           0.0000000000000000           0.0000000000000000
          0.0000000000000000           0.0000000000000000           0.0000000000000000
          0.0000000000000000           0.0000000000000000           0.0000000000000000
          0.0000000000000000           0.0000000000000000           0.0000000000000000
          0.0000000000000000           0.0000000000000000           0.0000000000000000
          0.0000000000000000           0.0000000000000000           0.0000000000000000
          0.0000000000000000           0.0000000000000000           0.0000000000000000
          0.0000000000000000           0.0000000000000000           0.0000000000000000
          0.0000000000000000           0.0000000000000000           0.0000000000000000
          0.0000000000000000           0.0000000000000000           0.0000000000000000
         -0.0179703149946054           0.0003306085462482          -0.0007878864951987
          0.0008350084464140           0.0045313402889393           0.0008563036534478
          0.0033499019788251           0.0062309784365197          -0.0011597608764659
          0.0038846433496495           0.0088686570802287          -0.0030449967510278
          0.0129879154417102           0.0101579366499195           0.0006709471299579
          0.0243570214172820           0.0063519673612100           0.0070811532509433
          0.0130561260937657           0.0030724322090931           0.0029231234391969
          0.0006805302289397           0.0004234433615207          -0.0000383147728298
          0.0713185543578481           0.0260624412506036           0.0328436412526332
          0.0031888080488585           0.0919359469121571          -0.0267611451983959
          0.0365822684258958           0.0303165974429829           0.0132052966445946
         -0.0315474778830872           0.0961901031045369          -0.0463994898064314
          0.0710540505921884           0.0176019402369524           0.0295274169918572
         -0.0020659454819108           0.0823780118426891          -0.0349222976112896
          0.0495138794786665           0.0190559964394052           0.0200141554859790
         -0.0236061165954321           0.0838320680451428          -0.0444355591171703
         -0.0145531744449353           0.0698848818585505          -0.0416050989346598
         -0.0201335722394047           0.0668668926123006          -0.0401811817392173
         -0.0205041806784267           0.0569938081490081          -0.0390262072565528
         -0.0167276069589232           0.0499063237803306          -0.0318067783881209
          0.0333236368460483           0.0320192250143679          -0.0012521894307274
          0.0922300436506572           0.0124889390882250           0.0312660088538304
         -0.0145003318934268           0.0402604194170628          -0.0260612725426711
         -0.0097135691071477           0.0321282636213200          -0.0191725801706868
          0.0173725703095134           0.0177804239401389          -0.0013336653107838
          0.0422943157926199           0.0061059194252636           0.0136319657691832
         -0.0028779026451981           0.0141290452154651          -0.0063394424000129
         -0.0017243207084563           0.0101505701862505          -0.0041722353982952
          0.0042712778190709           0.0049952492960478          -0.0001288649232993
          0.0084061298602575           0.0018986366593983           0.0020869457115851
         -0.0124478453150386           0.0293207803072960          -0.0197527340002990
          0.0497015265183867           0.0296784137740888           0.0227939820274205
          0.0148394173351580           0.0135893918886406          -0.0009188881586590
          0.0769887891685896           0.0139470253554286           0.0416278278690596
         -0.0145410957122839           0.0268848735712231          -0.0198151712417811
          0.0490351482674204           0.0231051024685978           0.0171177309320656
          0.0097338313191846           0.0122486956667617          -0.0019366372611065
          0.0733100752988889           0.0084689245641368           0.0349962649127385
          0.0356355520600418           0.0172432105720508           0.0069453173672350
          0.0548487769370582           0.0043756557297593           0.0221675091943341
          0.0186055212794035           0.0155726437124419          -0.0022911228203852
          0.0313240665651653           0.0053276423973126           0.0085714760629738
          0.0297333341653756          -0.0051967046418399           0.0143401369709663
         -0.0090440338324410           0.0018618742023937          -0.0016773773133987
          0.0074085751398701           0.0145696087488190          -0.0059171017165408
          0.0136044848470071           0.0080347442334664          -0.0001687261426496
          0.0143957557237471          -0.0000220203197225           0.0044367483835419
         -0.0014496756992328          -0.0015915177332087           0.0010466159536981
          0.0022588768234199           0.0074239128498810          -0.0025886420570360
          0.0034311032019428           0.0056105392944524          -0.0015262418704135
          0.0036074217745604           0.0027171123777672          -0.0003087785618940
          0.0002372748346992          -0.0007151220726348           0.0004226438863441
   0
          0.0000000000000000          -0.0000000000000001           0.0000000000000000
          0.0000000000000000          -0.0000000000000001           0.0000000000000000
          0.0000000000000001           0.0000000000000000           0.0000000000000000
          0.0000000000000000           0.0000000000000000           0.0000000000000000
          0.0000000000000000           0.0000000000000000           0.0000000000000000
          0.0000000000000000           0.0000000000000000          -0.0000000000000000
         -0.0000000000000000           0.0000000000000000           0.0000000000000000
          0.0000000000000000           0.0000000000000000          -0.0000000000000000
          0.0000000000000007          -0.0000000000000001           0.0000000000000000
         -0.0000000000000005           0.0000000000000003           0.0000000000000003
         -0.0000000000000002          -0.0000000000000001           0.0000000000000004
          0.0000000000000008          -0.0000000000000001           0.0000000000000003
          0.0000000000000002          -0.0000000000000003           0.0000000000000001
          0.0000000000000004          -0.0000000000000002           0.0000000000000002
         -0.0000000000000000           0.0000000000000001          -0.0000000000000000
         -0.0000000000000005          -0.0000000000000000          -0.0000000000000001
         -0.0000000000000001          -0.0000000000000001          -0.0000000000000002
         -0.0000000000000002          -0.0000000000000001           0.0000000000000003
          0.0000000000000002           0.0000000000000000          -0.0000000000000001
         -0.0000000000000002          -0.0000000000000000          -0.0000000000000000
         -0.0000000000000000          -0.0000000000000000           0.0000000000000000
         -0.0000000000000000          -0.0000000000000000          -0.0000000000000000
          0.0000000000000001          -0.0000000000000000           0.0000000000000000
          0.0000000000000000           0.0000000000000000          -0.0000000000000000
         -0.0000000000000001           0.0000000000000000           0.0000000000000000
         -0.0000000000000000          -0.0000000000000000          -0.0000000000000000
          0.0000000000000000          -0.0000000000000000           0.0000000000000000
         -0.0000000000000000          -0.0000000000000000          -0.0000000000000000
         -0.0000000000000000          -0.0000000000000000          -0.0000000000000000
          0.0000000000000000           0.0000000000000000           0.0000000000000000
          0.0000000000000000           0.0000000000000000           0.0000000000000000
          0.0000000000000000           0.0000000000000000           0.0000000000000000
          0.0000000000000000           0.0000000000000000           0.0000000000000000
          0.0000000000000000           0.0000000000000000           0.0000000000000000
          0.0000000000000000           0.0000000000000000           0.0000000000000000
          0.0000000000000000           0.0000000000000000           0.0000000000000000
          0.0000000000000000           0.0000000000000000           0.0000000000000000
          0.0000000000000000           0.0000000000000000           0.0000000000000000
          0.0223155210881544          -0.0119942732032379           0.0317735362390446
          0.0149381601152028           0.0709934672846173          -0.0287322882119243
          0.0254418385569860          -0.0028797348931021           0.0270645845984791
          0.0180644775840349           0.0801080055947525          -0.0334412398524907
          0.0244022734035863          -0.0100301298190332           0.0242146692312905
          0.0100917791515542           0.0600201058588532          -0.0269121095410091
          0.0336900864765190          -0.0026471182063816           0.0253819002183893
          0.0193795922244821           0.0674031174715042          -0.0257448785539095
          0.0071770019596837           0.0475500484700718          -0.0220704213423036
          0.0237573908514387           0.0514130065817750          -0.0145583293138268
          0.0089514175073712           0.0362820556183703          -0.0145223196525741
          0.0278539353855050           0.0360997092001974          -0.0042553427015464
          0.0599453759062116           0.0280574875498002           0.0134460842380931
          0.0544333401366213           0.0139997778819133           0.0133583111978698
          0.0112599483627101           0.0239880670630610          -0.0062110794650173
          0.0257341737268260           0.0212867637420464           0.0022575892649569
          0.0434351905107898           0.0136394166529528           0.0129516994344768
          0.0265927493534282           0.0061308956794260           0.0061841208224054
          0.0071889783427323           0.0077248644912291           0.0003422924441723
          0.0122061034526610           0.0057644311163968           0.0033558848357304
          0.0163209429760889           0.0027786090723832           0.0059873248690115
          0.0062906825457151           0.0016591640351759           0.0011829080816975
          0.0000000000000000           0.0000000000000000           0.0000000000000000
          0.0000000000000000           0.0000000000000000           0.0000000000000000
          0.0000000000000000           0.0000000000000000           0.0000000000000000
          0.0000000000000000           0.0000000000000000           0.0000000000000000
          0.0000000000000000           0.0000000000000000           0.0000000000000000
          0.0000000000000000           0.0000000000000000           0.0000000000000000
          0.0000000000000000           0.0000000000000000           0.0000000000000000
          0.0000000000000000           0.0000000000000000           0.0000000000000000
          0.0000000000000000           0.0000000000000000           0.0000000000000000
          0.0000000000000000           0.0000000000000000           0.0000000000000000
          0.0000000000000000           0.0000000000000000           0.0000000000000000
          0.0000000000000000           0.0000000000000000           0.0000000000000000
          0.0000000000000000           0.0000000000000000           0.0000000000000000
          0.0000000000000000           0.0000000000000000           0.0000000000000000
          0.0000000000000000           0.0000000000000000           0.0000000000000000
          0.0000000000000000           0.0000000000000000           0.0000000000000000
          0.0000000000000000           0.0000000000000000           0.0000000000000000
          0.0000000000000000           0.0000000000000000           0.0000000000000000
          0.0000000000000000           0.0000000000000000           0.0000000000000000
          0.0000000000000000           0.0000000000000000           0.0000000000000000
          0.0000000000000000           0.0000000000000000           0.0000000000000000
          0.0000000000000000           0.0000000000000000           0.0000000000000000
