1  82   2   1   2   -6.300584   0.000000
  0 
./DATA/100/00/GA/G020/M021/
0
          4.4838787864834355
          3.1293833117304377
          2.1973897736631645
          1.3707230187208679
          0.6757093069430974
          0.2355644849774763
          0.0190377246083273
          0.0001412878379782
          1.9658080257252328
          5.3459039209487074
          0.8335828584582456
          4.2136787536817204
          1.4292313854195520
          3.9100005867611562
          0.5912502019986586
          3.0720194033402612
          2.3296318725400309
          1.8205200134922406
          1.1670472422986342
          0.9058936472091524
          0.5886582654969168
          0.1092107578581170
          0.4541572357524749
          0.3498917556459083
          0.2218950624971500
          0.0333809530467114
          0.0744623058805962
          0.0568477479844599
          0.0349305604695747
          0.0038025411640020
          5.7628035920974421
          3.9352578104438467
          2.6608471763840371
          1.5560062042990082
          0.6980903486067389
          0.2209750790919553
          0.0160992742752666
          0.0001156743044363
          6.8949820520340763
         17.5423309149002478
          2.7157628465321322
         13.3631117093983089
          4.9548314454270699
         12.5383099092923782
          1.9373694648604374
          9.5208479287257362
          7.1771925154172909
          5.4228016416541047
          3.4137400466701373
          2.5642899360024418
          1.5821679912910789
          0.2492517713305949
          1.2538690781252138
          0.9361430372706446
          0.5640720891087111
          0.0740660277728113
          0.1954463069711015
          0.1450013646463035
          0.0844214135401417
          0.0077502290973882
          2.8280385486755923
          9.3906179347915693
          1.0127380236145869
          7.5753174097305607
          1.9886912561846399
          6.7578794211750788
          0.6893751678362783
          5.4585633328267127
          3.9036632420157451
          3.1559385656625807
          1.8711784636246795
          1.5114337785405301
          1.0225988915578450
          0.1637065439999688
          0.6897107340280608
          0.5549516147915100
          0.3694269031712341
          0.0520416771898867
          0.1067565507538716
          0.0849710273983163
          0.0547758369205367
          0.0059724522826400
1
          4.4838787864834346
          3.1293833117304377
          2.1973897736631636
          1.3707230187208683
          0.6757093069430974
          0.2355644849774763
          0.0190377246083273
          0.0001412878379782
          1.9658080257252324
          5.3459039209487083
          0.8335828584582458
          4.2136787536817204
          1.4292313854195524
          3.9100005867611562
          0.5912502019986586
          3.0720194033402617
          2.3296318725400309
          1.8205200134922408
          1.1670472422986342
          0.9058936472091523
          0.5886582654969169
          0.1092107578581170
          0.4541572357524749
          0.3498917556459084
          0.2218950624971501
          0.0333809530467114
          0.0744623058805962
          0.0568477479844599
          0.0349305604695747
          0.0038025411640020
          5.7628035920974412
          3.9352578104438458
          2.6608471763840371
          1.5560062042990086
          0.6980903486067385
          0.2209750790919553
          0.0160992742752667
          0.0001156743044363
          6.8949820520340817
         17.5423309149002442
          2.7157628465321326
         13.3631117093983089
          4.9548314454270628
         12.5383099092923658
          1.9373694648604376
          9.5208479287257468
          7.1771925154172873
          5.4228016416541145
          3.4137400466701346
          2.5642899360024392
          1.5821679912910789
          0.2492517713305948
          1.2538690781252131
          0.9361430372706444
          0.5640720891087113
          0.0740660277728113
          0.1954463069711012
          0.1450013646463036
          0.0844214135401417
          0.0077502290973882
          2.8280385486755937
          9.3906179347915728
          1.0127380236145869
          7.5753174097305580
          1.9886912561846415
          6.7578794211750717
          0.6893751678362778
          5.4585633328267109
          3.9036632420157455
          3.1559385656625802
          1.8711784636246784
          1.5114337785405307
          1.0225988915578457
          0.1637065439999688
          0.6897107340280609
          0.5549516147915102
          0.3694269031712343
          0.0520416771898867
          0.1067565507538716
          0.0849710273983163
          0.0547758369205367
          0.0059724522826400
   0    2  0.133190 -0.142861 -0.006589 
          0.0000000000000000           0.0000000000000000           0.0000000000000000
          0.0000000000000001          -0.0000000000000001          -0.0000000000000001
          0.0000000000000001          -0.0000000000000001           0.0000000000000000
          0.0000000000000001           0.0000000000000000          -0.0000000000000000
          0.0000000000000000           0.0000000000000001          -0.0000000000000000
         -0.0000000000000000           0.0000000000000000          -0.0000000000000000
          0.0000000000000000           0.0000000000000000           0.0000000000000000
          0.0000000000000000          -0.0000000000000000          -0.0000000000000000
         -0.0000000000000000           0.0000000000000000          -0.0000000000000001
          0.0000000000000010          -0.0000000000000004           0.0000000000000004
         -0.0000000000000000           0.0000000000000000           0.0000000000000000
         -0.0000000000000001          -0.0000000000000002          -0.0000000000000001
          0.0000000000000001           0.0000000000000000           0.0000000000000001
         -0.0000000000000002          -0.0000000000000001          -0.0000000000000002
          0.0000000000000000           0.0000000000000000          -0.0000000000000001
          0.0000000000000002           0.0000000000000002          -0.0000000000000004
          0.0000000000000001          -0.0000000000000001          -0.0000000000000002
          0.0000000000000002          -0.0000000000000001           0.0000000000000000
         -0.0000000000000000          -0.0000000000000000          -0.0000000000000000
          0.0000000000000000          -0.0000000000000000           0.0000000000000000
          0.0000000000000000           0.0000000000000001          -0.0000000000000000
         -0.0000000000000000           0.0000000000000000          -0.0000000000000000
          0.0000000000000000          -0.0000000000000000           0.0000000000000001
          0.0000000000000000          -0.0000000000000000           0.0000000000000000
          0.0000000000000000           0.0000000000000000           0.0000000000000000
         -0.0000000000000000          -0.0000000000000000           0.0000000000000000
         -0.0000000000000000           0.0000000000000000           0.0000000000000000
         -0.0000000000000000           0.0000000000000000          -0.0000000000000000
          0.0000000000000000          -0.0000000000000000          -0.0000000000000000
         -0.0000000000000000           0.0000000000000000          -0.0000000000000000
         -0.0001800850683231           0.0295838957440163          -0.0242599965077367
         -0.0118554369323414           0.0023901694530440          -0.0173579012908977
         -0.0196782577604508          -0.0088233183191239          -0.0236779400078474
         -0.0274513807603893          -0.0148524869819422          -0.0334963484589151
         -0.0316944225452147          -0.0146486421390807          -0.0344723065221110
         -0.0243712584357054          -0.0057360997906671          -0.0195422200198172
         -0.0043360617296046           0.0018223781712917          -0.0015504061837091
          0.0000015125379504           0.0001174550531356           0.0000406180836443
         -0.0721895005752662          -0.0189266810242325          -0.0712851602817614
         -0.0601126957785180          -0.0134735676677083          -0.0857474048503111
         -0.0423687221070398          -0.0191492119698588          -0.0511779867543244
         -0.0302919173102893          -0.0136960986133331          -0.0656402313228735
         -0.0630235069507548          -0.0167396715798025          -0.0601233752934877
         -0.0631762788792884          -0.0340609186740411          -0.0859690742782129
         -0.0337386618793084          -0.0126179056074621          -0.0368199279255830
         -0.0338914338078415          -0.0299391527017010          -0.0626656269103096
         -0.0598782865211878          -0.0445132437296873          -0.0856812615847105
         -0.0328864976934456          -0.0372066760589688          -0.0607815088015219
         -0.0486178145820348          -0.0411759866448283          -0.0762770584451488
         -0.0264520335810209          -0.0335107517611087          -0.0541149308256959
         -0.0049432538980057          -0.0102890706647154          -0.0195620557683826
         -0.0056380896101642           0.0126376846305548           0.0083034346816720
         -0.0316564016090917          -0.0302664055030436          -0.0535761606005061
         -0.0168603116361475          -0.0244604362529458          -0.0383580502175356
         -0.0029651738176039          -0.0102005654748083          -0.0165174460560797
         -0.0028883116357627           0.0052857454565454           0.0023652213959186
         -0.0108920113368228          -0.0130520806014268          -0.0186846634927906
         -0.0057674924092025          -0.0106978393283254          -0.0135102531514847
         -0.0009015534666453          -0.0057211897511997          -0.0064843865006924
         -0.0003888338073552           0.0008979692681921           0.0001855223830592
         -0.0800268354750919          -0.0551016086690010          -0.1109301561250773
         -0.0522753608786938           0.0227013599770589          -0.0461024090069943
         -0.0437339593542098          -0.0184435259598058          -0.0543161438265272
         -0.0159824847578101           0.0593594426862547           0.0105116032915549
         -0.0710372319224591          -0.0507653420385627          -0.0997841394757256
         -0.0551625539075839          -0.0000352482152782          -0.0463083100959749
         -0.0371473154641115          -0.0173206959532816          -0.0472044247531734
         -0.0212726374492369           0.0334093978700026           0.0062714046265774
         -0.0542928116917935          -0.0148913530050726          -0.0511577309375483
         -0.0253477697727061           0.0125775396813094          -0.0064476056479953
         -0.0470083013850969          -0.0181775807530744          -0.0519359292488192
         -0.0251247851855265           0.0018592653966885          -0.0185331699305324
         -0.0062688543378062           0.0137304232446376           0.0070279723456075
         -0.0035161078111420          -0.0111007425929649          -0.0051962125479764
         -0.0329023683493644          -0.0156340357407145          -0.0409215685584532
         -0.0193693751844246          -0.0033788572995580          -0.0208604322557732
         -0.0065385412052702           0.0062796616482946          -0.0025292222551249
         -0.0013943093157573          -0.0027274521238114          -0.0005655551400215
         -0.0120821556150906          -0.0082494806619690          -0.0159817860252934
         -0.0076610566593458          -0.0040699142940833          -0.0099746056770572
         -0.0030681476136126           0.0001076713291308          -0.0035954648007128
         -0.0002472924622733           0.0001792439410631           0.0001409842016786
   1
          0.0000000000000000           0.0000000000000000           0.0000000000000000
          0.0000000000000000           0.0000000000000000           0.0000000000000000
          0.0000000000000000           0.0000000000000000           0.0000000000000000
          0.0000000000000000           0.0000000000000000           0.0000000000000000
          0.0000000000000000           0.0000000000000000           0.0000000000000000
          0.0000000000000000           0.0000000000000000           0.0000000000000000
          0.0000000000000000           0.0000000000000000           0.0000000000000000
          0.0000000000000000           0.0000000000000000           0.0000000000000000
          0.0000000000000000           0.0000000000000000           0.0000000000000000
          0.0000000000000000           0.0000000000000000           0.0000000000000000
          0.0000000000000000           0.0000000000000000           0.0000000000000000
          0.0000000000000000           0.0000000000000000           0.0000000000000000
          0.0000000000000000           0.0000000000000000           0.0000000000000000
          0.0000000000000000           0.0000000000000000           0.0000000000000000
          0.0000000000000000           0.0000000000000000           0.0000000000000000
          0.0000000000000000           0.0000000000000000           0.0000000000000000
          0.0000000000000000           0.0000000000000000           0.0000000000000000
          0.0000000000000000           0.0000000000000000           0.0000000000000000
          0.0000000000000000           0.0000000000000000           0.0000000000000000
          0.0000000000000000           0.0000000000000000           0.0000000000000000
          0.0000000000000000           0.0000000000000000           0.0000000000000000
          0.0000000000000000           0.0000000000000000           0.0000000000000000
          0.0000000000000000           0.0000000000000000           0.0000000000000000
          0.0000000000000000           0.0000000000000000           0.0000000000000000
          0.0000000000000000           0.0000000000000000           0.0000000000000000
          0.0000000000000000           0.0000000000000000           0.0000000000000000
          0.0000000000000000           0.0000000000000000           0.0000000000000000
          0.0000000000000000           0.0000000000000000           0.0000000000000000
          0.0000000000000000           0.0000000000000000           0.0000000000000000
          0.0000000000000000           0.0000000000000000           0.0000000000000000
         -0.0001800850683230           0.0295838957440163          -0.0242599965077366
         -0.0118554369323414           0.0023901694530440          -0.0173579012908978
         -0.0196782577604506          -0.0088233183191239          -0.0236779400078476
         -0.0274513807603894          -0.0148524869819422          -0.0334963484589151
         -0.0316944225452147          -0.0146486421390807          -0.0344723065221110
         -0.0243712584357054          -0.0057360997906670          -0.0195422200198171
         -0.0043360617296046           0.0018223781712917          -0.0015504061837091
          0.0000015125379504           0.0001174550531356           0.0000406180836443
         -0.0462466702840053           0.0321778630461483          -0.0302963426725264
         -0.2183577224235716          -0.0969783604300325          -0.2837687875916182
         -0.0474813194950704           0.0093759677214673          -0.0502810498890781
         -0.2195923716346279          -0.1197802557547096          -0.3037534948081684
         -0.0446720691629511           0.0137844700609626          -0.0239678139811109
         -0.2077275024971383          -0.1153856505686462          -0.2682170851622940
         -0.0391617673506358           0.0044742589950115          -0.0284155782780058
         -0.2022172006848230          -0.1246958616345968          -0.2726648494591907
         -0.1818044061122893          -0.1155824162213966          -0.2402955076840632
         -0.1693279980902696          -0.1128396568403724          -0.2271309701955468
         -0.1413334371977525          -0.0952937703370572          -0.1928589871697125
         -0.1257839684635848          -0.0865606736692053          -0.1703759772252801
         -0.1043303753426005          -0.0530460415971849          -0.1194900330863998
         -0.0317500938183426           0.0152979642520912          -0.0070699777481110
         -0.0900358000246811          -0.0644288604363237          -0.1249840939293686
         -0.0767920578649776          -0.0550969855107494          -0.1045297919812681
         -0.0584040864216339          -0.0313012888728612          -0.0675349599379868
         -0.0124919605139955           0.0080329742960866          -0.0017399857215772
         -0.0303336319453052          -0.0252123668042295          -0.0408466923274072
         -0.0247771878306781          -0.0202895031081244          -0.0325390698678311
         -0.0169590623259463          -0.0110436722691314          -0.0196115622154056
         -0.0019620346585289           0.0017628328943681          -0.0001955785435512
         -0.0800268354750900          -0.0551016086690018          -0.1109301561250790
         -0.0522753608786911           0.0227013599770585          -0.0461024090069940
         -0.0437339593542101          -0.0184435259598061          -0.0543161438265275
         -0.0159824847578131           0.0593594426862550           0.0105116032915556
         -0.0710372319224573          -0.0507653420385620          -0.0997841394757258
         -0.0551625539075837          -0.0000352482152795          -0.0463083100959753
         -0.0371473154641112          -0.0173206959532820          -0.0472044247531734
         -0.0212726374492372           0.0334093978700020           0.0062714046265788
         -0.0542928116917947          -0.0148913530050714          -0.0511577309375482
         -0.0253477697727060           0.0125775396813091          -0.0064476056479960
         -0.0470083013850972          -0.0181775807530740          -0.0519359292488191
         -0.0251247851855276           0.0018592653966891          -0.0185331699305323
         -0.0062688543378059           0.0137304232446379           0.0070279723456076
         -0.0035161078111421          -0.0111007425929649          -0.0051962125479764
         -0.0329023683493646          -0.0156340357407145          -0.0409215685584533
         -0.0193693751844244          -0.0033788572995579          -0.0208604322557732
         -0.0065385412052702           0.0062796616482947          -0.0025292222551249
         -0.0013943093157573          -0.0027274521238113          -0.0005655551400215
         -0.0120821556150907          -0.0082494806619690          -0.0159817860252934
         -0.0076610566593458          -0.0040699142940832          -0.0099746056770572
         -0.0030681476136125           0.0001076713291308          -0.0035954648007128
         -0.0002472924622733           0.0001792439410631           0.0001409842016786
   0
          0.0000000000000000          -0.0000000000000000          -0.0000000000000000
         -0.0000000000000001           0.0000000000000001           0.0000000000000001
         -0.0000000000000001           0.0000000000000001          -0.0000000000000000
         -0.0000000000000001          -0.0000000000000000           0.0000000000000000
         -0.0000000000000000          -0.0000000000000001           0.0000000000000000
          0.0000000000000000          -0.0000000000000000           0.0000000000000000
          0.0000000000000000          -0.0000000000000000          -0.0000000000000000
         -0.0000000000000000           0.0000000000000000           0.0000000000000000
          0.0000000000000001          -0.0000000000000002           0.0000000000000004
         -0.0000000000000005          -0.0000000000000017           0.0000000000000005
          0.0000000000000003          -0.0000000000000002          -0.0000000000000000
          0.0000000000000004           0.0000000000000003           0.0000000000000003
         -0.0000000000000001           0.0000000000000000           0.0000000000000002
         -0.0000000000000007          -0.0000000000000005           0.0000000000000002
          0.0000000000000001          -0.0000000000000000          -0.0000000000000003
         -0.0000000000000009           0.0000000000000001           0.0000000000000002
         -0.0000000000000005          -0.0000000000000001           0.0000000000000001
          0.0000000000000002           0.0000000000000004          -0.0000000000000007
         -0.0000000000000006           0.0000000000000001           0.0000000000000002
         -0.0000000000000002           0.0000000000000003           0.0000000000000000
          0.0000000000000002           0.0000000000000001          -0.0000000000000001
          0.0000000000000000          -0.0000000000000000           0.0000000000000000
         -0.0000000000000000          -0.0000000000000000           0.0000000000000002
          0.0000000000000002          -0.0000000000000001          -0.0000000000000000
          0.0000000000000001           0.0000000000000000          -0.0000000000000000
          0.0000000000000000          -0.0000000000000000          -0.0000000000000000
         -0.0000000000000000           0.0000000000000000          -0.0000000000000000
         -0.0000000000000000          -0.0000000000000000           0.0000000000000000
          0.0000000000000000          -0.0000000000000000          -0.0000000000000000
          0.0000000000000000           0.0000000000000000          -0.0000000000000000
          0.0000000000000000           0.0000000000000000           0.0000000000000000
          0.0000000000000000           0.0000000000000000           0.0000000000000000
          0.0000000000000000           0.0000000000000000           0.0000000000000000
          0.0000000000000000           0.0000000000000000           0.0000000000000000
          0.0000000000000000           0.0000000000000000           0.0000000000000000
          0.0000000000000000           0.0000000000000000           0.0000000000000000
          0.0000000000000000           0.0000000000000000           0.0000000000000000
          0.0000000000000000           0.0000000000000000           0.0000000000000000
          0.0259428302912626           0.0511045440703817           0.0409888176092343
         -0.1582450266450450          -0.0835047927623245          -0.1980213827413062
         -0.0051125973880299           0.0285251796913266           0.0008969368652461
         -0.1893004543243359          -0.1060841571413759          -0.2381132634852947
          0.0183514377878052           0.0305241416407638           0.0361555613123781
         -0.1445512236178470          -0.0813247318946057          -0.1822480108840791
         -0.0054231054713274           0.0170921646024740           0.0084043496475768
         -0.1683257668769827          -0.0947567089328946          -0.2099992225488794
         -0.1219261195911000          -0.0710691724917095          -0.1546142460993538
         -0.1364415003968233          -0.0756329807814026          -0.1663494613940267
         -0.0927156226157192          -0.0541177836922286          -0.1165819287245637
         -0.0993319348825632          -0.0530499219080971          -0.1162610463995843
         -0.0993871214445957          -0.0427569709324695          -0.0999279773180167
         -0.0261120042081784           0.0026602796215365          -0.0153734124297830
         -0.0583793984155896          -0.0341624549332806          -0.0714079333288620
         -0.0599317462288296          -0.0306365492578036          -0.0661717417637325
         -0.0554389126040300          -0.0211007233980532          -0.0510175138819073
         -0.0096036488782328           0.0027472288395412          -0.0041052071174958
         -0.0194416206084824          -0.0121602862028027          -0.0221620288346168
         -0.0190096954214755          -0.0095916637797990          -0.0190288167163463
         -0.0160575088593010          -0.0053224825179317          -0.0131271757147132
         -0.0015732008511738           0.0008648636261761          -0.0003811009266104
          0.0000000000000000           0.0000000000000000           0.0000000000000000
          0.0000000000000000           0.0000000000000000           0.0000000000000000
          0.0000000000000000           0.0000000000000000           0.0000000000000000
          0.0000000000000000           0.0000000000000000           0.0000000000000000
          0.0000000000000000           0.0000000000000000           0.0000000000000000
          0.0000000000000000           0.0000000000000000           0.0000000000000000
          0.0000000000000000           0.0000000000000000           0.0000000000000000
          0.0000000000000000           0.0000000000000000           0.0000000000000000
          0.0000000000000000           0.0000000000000000           0.0000000000000000
          0.0000000000000000           0.0000000000000000           0.0000000000000000
          0.0000000000000000           0.0000000000000000           0.0000000000000000
          0.0000000000000000           0.0000000000000000           0.0000000000000000
          0.0000000000000000           0.0000000000000000           0.0000000000000000
          0.0000000000000000           0.0000000000000000           0.0000000000000000
          0.0000000000000000           0.0000000000000000           0.0000000000000000
          0.0000000000000000           0.0000000000000000           0.0000000000000000
          0.0000000000000000           0.0000000000000000           0.0000000000000000
          0.0000000000000000           0.0000000000000000           0.0000000000000000
          0.0000000000000000           0.0000000000000000           0.0000000000000000
          0.0000000000000000           0.0000000000000000           0.0000000000000000
          0.0000000000000000           0.0000000000000000           0.0000000000000000
          0.0000000000000000           0.0000000000000000           0.0000000000000000
