1  82   2   1   2   -6.488289   0.000000
  0 
./DATA/100/00/GA/G011/M023/
0
          4.6469794064251344
          3.2124076055181718
          2.2413902666043697
          1.3900228991577714
          0.6778088510929479
          0.2286377730699520
          0.0160721803299969
          0.0000864465429634
          2.0167319377815218
          5.5119357440331003
          0.8449699780068787
          4.3401737842584653
          1.4559729232858036
          4.0115462090777854
          0.5905287071643138
          3.1461019929562948
          2.3831420304135889
          1.8560892316682012
          1.2010004074057949
          0.9271419475610186
          0.5841089996352542
          0.0986149055582860
          0.4784759383793264
          0.3657505640049758
          0.2223674400523318
          0.0275112114513036
          0.0845115755586180
          0.0638999799360503
          0.0372735591053482
          0.0026786668232944
          6.0080368381732647
          4.1213953796771783
          2.8101510201552200
          1.6682200258579285
          0.7653144631981071
          0.2474259877400231
          0.0184847656962081
          0.0001415186793601
          7.3953945179602476
         19.3377467919006811
          2.9176568074239393
         14.8600090813643693
          5.3239284882507310
         13.8787851430889546
          2.0757539406233918
         10.6306105954616239
          8.0162040232676013
          6.1091021567203869
          3.8684234050608928
          2.9309737396896054
          1.8266528194251803
          0.2873799184237307
          1.4493676515262273
          1.0917151632388429
          0.6642491702734069
          0.0862473970231207
          0.2310976828220779
          0.1731235232640587
          0.1021158424686218
          0.0094111429633141
          3.2537731777922745
         10.1127974771381997
          1.2204962894786966
          8.0795205888246144
          2.3019044156157489
          7.2994524000540979
          0.8360320888757831
          5.8335800733141321
          4.2460022389865655
          3.3906136286681550
          2.0594698679573864
          1.6395999821377008
          1.0842206237719356
          0.1611643688367243
          0.7720653788075302
          0.6108398367863029
          0.3951072040059843
          0.0496413306519127
          0.1219376218157904
          0.0952006682135083
          0.0592708488031695
          0.0054928289887183
1
          4.6469794064251344
          3.2124076055181723
          2.2413902666043701
          1.3900228991577717
          0.6778088510929479
          0.2286377730699520
          0.0160721803299969
          0.0000864465429634
          2.0167319377815218
          5.5119357440331003
          0.8449699780068789
          4.3401737842584662
          1.4559729232858032
          4.0115462090777854
          0.5905287071643138
          3.1461019929562952
          2.3831420304135884
          1.8560892316682012
          1.2010004074057961
          0.9271419475610188
          0.5841089996352544
          0.0986149055582860
          0.4784759383793264
          0.3657505640049760
          0.2223674400523318
          0.0275112114513036
          0.0845115755586180
          0.0638999799360502
          0.0372735591053482
          0.0026786668232944
          6.0080368381732665
          4.1213953796771783
          2.8101510201552196
          1.6682200258579289
          0.7653144631981071
          0.2474259877400231
          0.0184847656962081
          0.0001415186793601
          7.3953945179602503
         19.3377467919007167
          2.9176568074239380
         14.8600090813643746
          5.3239284882507283
         13.8787851430889564
          2.0757539406233954
         10.6306105954616186
          8.0162040232675889
          6.1091021567203878
          3.8684234050608910
          2.9309737396896041
          1.8266528194251805
          0.2873799184237306
          1.4493676515262273
          1.0917151632388442
          0.6642491702734065
          0.0862473970231206
          0.2310976828220779
          0.1731235232640586
          0.1021158424686218
          0.0094111429633141
          3.2537731777922771
         10.1127974771381961
          1.2204962894786968
          8.0795205888246127
          2.3019044156157484
          7.2994524000540970
          0.8360320888757835
          5.8335800733141356
          4.2460022389865655
          3.3906136286681559
          2.0594698679573864
          1.6395999821377012
          1.0842206237719347
          0.1611643688367243
          0.7720653788075308
          0.6108398367863034
          0.3951072040059844
          0.0496413306519126
          0.1219376218157903
          0.0952006682135083
          0.0592708488031694
          0.0054928289887183
   0    2 -0.090836  0.551258 -0.270684 
         -0.0000000000000000           0.0000000000000000          -0.0000000000000000
          0.0000000000000000          -0.0000000000000001           0.0000000000000001
         -0.0000000000000001          -0.0000000000000000          -0.0000000000000000
          0.0000000000000000          -0.0000000000000001          -0.0000000000000001
         -0.0000000000000000           0.0000000000000001           0.0000000000000000
         -0.0000000000000000           0.0000000000000000          -0.0000000000000000
         -0.0000000000000000          -0.0000000000000000          -0.0000000000000000
          0.0000000000000000           0.0000000000000000           0.0000000000000000
         -0.0000000000000000          -0.0000000000000001          -0.0000000000000000
          0.0000000000000003          -0.0000000000000008          -0.0000000000000001
         -0.0000000000000000           0.0000000000000001           0.0000000000000000
         -0.0000000000000003           0.0000000000000000           0.0000000000000000
         -0.0000000000000000          -0.0000000000000002          -0.0000000000000001
          0.0000000000000002           0.0000000000000005          -0.0000000000000000
         -0.0000000000000000           0.0000000000000001          -0.0000000000000000
          0.0000000000000000           0.0000000000000001           0.0000000000000001
          0.0000000000000001          -0.0000000000000000           0.0000000000000000
         -0.0000000000000002           0.0000000000000002          -0.0000000000000001
          0.0000000000000001           0.0000000000000000           0.0000000000000002
         -0.0000000000000000          -0.0000000000000001           0.0000000000000000
         -0.0000000000000000          -0.0000000000000000          -0.0000000000000000
         -0.0000000000000000           0.0000000000000000          -0.0000000000000000
          0.0000000000000000          -0.0000000000000000          -0.0000000000000002
          0.0000000000000000          -0.0000000000000001           0.0000000000000000
          0.0000000000000000           0.0000000000000000           0.0000000000000000
         -0.0000000000000000           0.0000000000000000          -0.0000000000000000
         -0.0000000000000000           0.0000000000000000          -0.0000000000000000
          0.0000000000000000           0.0000000000000000          -0.0000000000000000
         -0.0000000000000000           0.0000000000000000           0.0000000000000000
         -0.0000000000000000          -0.0000000000000000           0.0000000000000000
         -0.0213698979866372           0.0574147120838534          -0.0237451723173724
          0.0056031405083101           0.0053372980657939          -0.0096459931481834
          0.0165900398657685          -0.0168088007923977          -0.0162617261493685
          0.0245670141487918          -0.0292494466447415          -0.0275836754496882
          0.0305470524170084          -0.0406423638254681          -0.0262223421234569
          0.0245236220663215          -0.0432445089283777          -0.0077085613695543
          0.0037549067539925          -0.0136165883800752           0.0038537993626263
         -0.0000160912991544          -0.0002964415488431           0.0002073872699127
          0.0668344851024650          -0.1005824550531661          -0.0424098476498926
          0.0412837034776895           0.0375711140011781          -0.0491882009979544
          0.0480483522091243          -0.0607846783995645          -0.0568036952163431
          0.0224975705843468           0.0773688906547745          -0.0635820485644048
          0.0594461472692047          -0.0939524629477891          -0.0329298495030803
          0.0539588912527574          -0.0095946993565362          -0.0612572897188295
          0.0395493952880483          -0.0550090527340189          -0.0382864278440022
          0.0340621392716021           0.0293487108572351          -0.0666138680597552
          0.0560251603447454          -0.0359335138432063          -0.0804074203625108
          0.0366423449741812          -0.0015486446133451          -0.0766558965930244
          0.0474452083213840          -0.0333396177801732          -0.0872126535403779
          0.0308491586007973          -0.0064433717213499          -0.0792958025589317
          0.0110071018936453           0.0025764574354310          -0.0378158225480906
         -0.0039111233265180          -0.0216293633560193           0.0412467959457652
          0.0341151495622482          -0.0196084155348178          -0.0703104132318851
          0.0222789760867849          -0.0018583231572464          -0.0632066459395844
          0.0083577089384821           0.0058818140954895          -0.0367860072601555
         -0.0011826966880610          -0.0101850126825684           0.0153801169714527
          0.0153466589923437          -0.0063651484494924          -0.0283065908493305
          0.0105151147293831           0.0002335264146119          -0.0253413225955609
          0.0045559338608830           0.0041453975596611          -0.0166139141417955
         -0.0002710366020649          -0.0013114578369754           0.0016699586565762
          0.0762804708652262          -0.0665670069997420          -0.1071737091024963
          0.0318377177149264           0.0035556659477531           0.0155756604546499
          0.0368886398681628          -0.0489636683009566          -0.0358180710508011
         -0.0075541132821374           0.0211590046465385           0.0869312985063462
          0.0687252278530849          -0.0603137318545582          -0.1011907298889589
          0.0446798106688772          -0.0432334304497650           0.0070035906670483
          0.0322300870862792          -0.0406273146452187          -0.0347813220062185
          0.0081846699020709          -0.0235470132404257           0.0734129985497895
          0.0466250974424623          -0.0672227345495529          -0.0135872911437145
          0.0155907359307879          -0.0483142932705761           0.0429283517861510
          0.0385494980579835          -0.0591919363658365          -0.0310137681661916
          0.0145994076109626          -0.0438043466593543           0.0112056133122614
         -0.0022044843323735          -0.0254492474699351           0.0350314883588923
          0.0110958280682121           0.0030040990268823          -0.0133080821964673
          0.0273539624432149          -0.0369684580748448          -0.0331166026327053
          0.0115562376458596          -0.0265103031441808          -0.0075472732604807
         -0.0013562012349483          -0.0152816697483877           0.0120127479372956
          0.0036392535488817          -0.0015882557356386          -0.0021841807567374
          0.0127519499249153          -0.0123397758734307          -0.0162673791375866
          0.0067553201903454          -0.0082212296690658          -0.0082020590867220
          0.0009356716367356          -0.0039825081117630          -0.0005027071613857
          0.0001250472333631          -0.0006256885668839           0.0003097698993403
   1
          0.0000000000000000           0.0000000000000000           0.0000000000000000
          0.0000000000000000           0.0000000000000000           0.0000000000000000
          0.0000000000000000           0.0000000000000000           0.0000000000000000
          0.0000000000000000           0.0000000000000000           0.0000000000000000
          0.0000000000000000           0.0000000000000000           0.0000000000000000
          0.0000000000000000           0.0000000000000000           0.0000000000000000
          0.0000000000000000           0.0000000000000000           0.0000000000000000
          0.0000000000000000           0.0000000000000000           0.0000000000000000
          0.0000000000000000           0.0000000000000000           0.0000000000000000
          0.0000000000000000           0.0000000000000000           0.0000000000000000
          0.0000000000000000           0.0000000000000000           0.0000000000000000
          0.0000000000000000           0.0000000000000000           0.0000000000000000
          0.0000000000000000           0.0000000000000000           0.0000000000000000
          0.0000000000000000           0.0000000000000000           0.0000000000000000
          0.0000000000000000           0.0000000000000000           0.0000000000000000
          0.0000000000000000           0.0000000000000000           0.0000000000000000
          0.0000000000000000           0.0000000000000000           0.0000000000000000
          0.0000000000000000           0.0000000000000000           0.0000000000000000
          0.0000000000000000           0.0000000000000000           0.0000000000000000
          0.0000000000000000           0.0000000000000000           0.0000000000000000
          0.0000000000000000           0.0000000000000000           0.0000000000000000
          0.0000000000000000           0.0000000000000000           0.0000000000000000
          0.0000000000000000           0.0000000000000000           0.0000000000000000
          0.0000000000000000           0.0000000000000000           0.0000000000000000
          0.0000000000000000           0.0000000000000000           0.0000000000000000
          0.0000000000000000           0.0000000000000000           0.0000000000000000
          0.0000000000000000           0.0000000000000000           0.0000000000000000
          0.0000000000000000           0.0000000000000000           0.0000000000000000
          0.0000000000000000           0.0000000000000000           0.0000000000000000
          0.0000000000000000           0.0000000000000000           0.0000000000000000
         -0.0213698979866373           0.0574147120838532          -0.0237451723173723
          0.0056031405083100           0.0053372980657938          -0.0096459931481835
          0.0165900398657685          -0.0168088007923976          -0.0162617261493685
          0.0245670141487918          -0.0292494466447414          -0.0275836754496882
          0.0305470524170084          -0.0406423638254680          -0.0262223421234569
          0.0245236220663215          -0.0432445089283777          -0.0077085613695543
          0.0037549067539925          -0.0136165883800752           0.0038537993626263
         -0.0000160912991544          -0.0002964415488431           0.0002073872699127
          0.0289371031259071          -0.0147479705094283           0.0325123530428830
          0.1872992740343962          -0.1112747115945489          -0.2157084503385741
          0.0375370307105262          -0.0180649521789884          -0.0225897549249019
          0.1958992016190154          -0.1145916932641093          -0.2708105583063590
          0.0369357526366501          -0.0515630596940000           0.0331398601826135
          0.1898743244072738          -0.1555312649146499          -0.2215141386264346
          0.0378251726455645          -0.0426475975837418           0.0036035884811108
          0.1907637444161869          -0.1466158028043924          -0.2510504103279380
          0.1713261082275402          -0.1638203769896102          -0.2210048044908808
          0.1654090735876239          -0.1492027112249189          -0.2206371143593211
          0.1355218454212334          -0.1316869052205418          -0.1937903701579539
          0.1257413164995619          -0.1185489887935712          -0.1753054630545622
          0.1064067617098787          -0.1303579615499574          -0.1032006048461218
          0.0237175892609057          -0.0893407582373027           0.0467641628092431
          0.0915588386053906          -0.0830535567388837          -0.1352368008097529
          0.0810912377669895          -0.0737804642249447          -0.1145113408338849
          0.0616827482258520          -0.0741549564339924          -0.0643537629639600
          0.0075609101888633          -0.0394339350032085           0.0217363444663547
          0.0371069634465970          -0.0293855159059353          -0.0493039191914349
          0.0308814309273634          -0.0251423218186706          -0.0398066005386050
          0.0204979955602580          -0.0213957449068661          -0.0223881378386630
          0.0007257324739831          -0.0070773794100549           0.0037821196435464
          0.0762804708652262          -0.0665670069997423          -0.1071737091024958
          0.0318377177149264           0.0035556659477514           0.0155756604546495
          0.0368886398681625          -0.0489636683009572          -0.0358180710508010
         -0.0075541132821363           0.0211590046465398           0.0869312985063458
          0.0687252278530847          -0.0603137318545584          -0.1011907298889590
          0.0446798106688768          -0.0432334304497652           0.0070035906670480
          0.0322300870862797          -0.0406273146452185          -0.0347813220062192
          0.0081846699020711          -0.0235470132404272           0.0734129985497890
          0.0466250974424626          -0.0672227345495489          -0.0135872911437143
          0.0155907359307882          -0.0483142932705763           0.0429283517861499
          0.0385494980579837          -0.0591919363658359          -0.0310137681661918
          0.0145994076109625          -0.0438043466593547           0.0112056133122611
         -0.0022044843323737          -0.0254492474699351           0.0350314883588922
          0.0110958280682121           0.0030040990268821          -0.0133080821964673
          0.0273539624432150          -0.0369684580748448          -0.0331166026327050
          0.0115562376458596          -0.0265103031441811          -0.0075472732604806
         -0.0013562012349481          -0.0152816697483876           0.0120127479372956
          0.0036392535488817          -0.0015882557356386          -0.0021841807567374
          0.0127519499249152          -0.0123397758734307          -0.0162673791375865
          0.0067553201903454          -0.0082212296690658          -0.0082020590867220
          0.0009356716367356          -0.0039825081117630          -0.0005027071613857
          0.0001250472333631          -0.0006256885668839           0.0003097698993403
   0
          0.0000000000000000          -0.0000000000000000           0.0000000000000000
         -0.0000000000000000           0.0000000000000001          -0.0000000000000001
          0.0000000000000001           0.0000000000000000           0.0000000000000000
          0.0000000000000000           0.0000000000000001           0.0000000000000001
          0.0000000000000000          -0.0000000000000001           0.0000000000000000
          0.0000000000000000          -0.0000000000000000           0.0000000000000000
          0.0000000000000000           0.0000000000000000           0.0000000000000000
          0.0000000000000000          -0.0000000000000000          -0.0000000000000000
         -0.0000000000000001          -0.0000000000000010          -0.0000000000000006
         -0.0000000000000005          -0.0000000000000008           0.0000000000000010
         -0.0000000000000002           0.0000000000000004           0.0000000000000004
          0.0000000000000006          -0.0000000000000001           0.0000000000000006
          0.0000000000000001           0.0000000000000004          -0.0000000000000002
         -0.0000000000000006           0.0000000000000002           0.0000000000000004
         -0.0000000000000005           0.0000000000000007           0.0000000000000002
         -0.0000000000000003          -0.0000000000000004           0.0000000000000006
         -0.0000000000000001           0.0000000000000018           0.0000000000000004
          0.0000000000000002          -0.0000000000000000           0.0000000000000001
         -0.0000000000000001           0.0000000000000003          -0.0000000000000001
          0.0000000000000000           0.0000000000000008           0.0000000000000002
          0.0000000000000000          -0.0000000000000001           0.0000000000000000
          0.0000000000000001           0.0000000000000000           0.0000000000000000
         -0.0000000000000001           0.0000000000000006          -0.0000000000000000
          0.0000000000000000           0.0000000000000001          -0.0000000000000001
          0.0000000000000000          -0.0000000000000000          -0.0000000000000001
         -0.0000000000000000          -0.0000000000000000          -0.0000000000000000
         -0.0000000000000000          -0.0000000000000001           0.0000000000000000
         -0.0000000000000000           0.0000000000000001           0.0000000000000000
          0.0000000000000000           0.0000000000000000           0.0000000000000000
         -0.0000000000000000          -0.0000000000000000          -0.0000000000000000
          0.0000000000000000           0.0000000000000000           0.0000000000000000
          0.0000000000000000           0.0000000000000000           0.0000000000000000
          0.0000000000000000           0.0000000000000000           0.0000000000000000
          0.0000000000000000           0.0000000000000000           0.0000000000000000
          0.0000000000000000           0.0000000000000000           0.0000000000000000
          0.0000000000000000           0.0000000000000000           0.0000000000000000
          0.0000000000000000           0.0000000000000000           0.0000000000000000
          0.0000000000000000           0.0000000000000000           0.0000000000000000
         -0.0378973819765576           0.0858344845437353           0.0749222006927763
          0.1460155705567097          -0.1488458255957245          -0.1665202493406190
         -0.0105113214985978           0.0427197262205754           0.0342139402914394
          0.1734016310346687          -0.1919605839188853          -0.2072285097419566
         -0.0225103946325546           0.0423894032537885           0.0660697096856936
          0.1359154331545157          -0.1459365655581131          -0.1602568489076047
         -0.0017242226424836           0.0123614551502762           0.0418900163251145
          0.1567016051445868          -0.1759645136616257          -0.1844365422681842
          0.1153009478827952          -0.1278868631464037          -0.1405973841283717
          0.1287667286134425          -0.1476540666115744          -0.1439812177662967
          0.0880766370998493          -0.0983472874403687          -0.1065777166175754
          0.0948921578987643          -0.1121056170722210          -0.0960096604956313
          0.0953996598162333          -0.1329344189853891          -0.0653847822980306
          0.0276287125874238          -0.0677113948812834           0.0055173668634779
          0.0574436890431418          -0.0634451412040661          -0.0649263875778677
          0.0588122616802045          -0.0719221410676982          -0.0513046948942999
          0.0533250392873699          -0.0800367705294819          -0.0275677557038043
          0.0087436068769242          -0.0292489223206401           0.0063562274949021
          0.0217603044542534          -0.0230203674564427          -0.0209973283421044
          0.0203663161979803          -0.0253758482332825          -0.0144652779430440
          0.0159420616993750          -0.0255411424665272          -0.0057742236968674
          0.0009967690760481          -0.0057659215730795           0.0021121609869702
          0.0000000000000000           0.0000000000000000           0.0000000000000000
          0.0000000000000000           0.0000000000000000           0.0000000000000000
          0.0000000000000000           0.0000000000000000           0.0000000000000000
          0.0000000000000000           0.0000000000000000           0.0000000000000000
          0.0000000000000000           0.0000000000000000           0.0000000000000000
          0.0000000000000000           0.0000000000000000           0.0000000000000000
          0.0000000000000000           0.0000000000000000           0.0000000000000000
          0.0000000000000000           0.0000000000000000           0.0000000000000000
          0.0000000000000000           0.0000000000000000           0.0000000000000000
          0.0000000000000000           0.0000000000000000           0.0000000000000000
          0.0000000000000000           0.0000000000000000           0.0000000000000000
          0.0000000000000000           0.0000000000000000           0.0000000000000000
          0.0000000000000000           0.0000000000000000           0.0000000000000000
          0.0000000000000000           0.0000000000000000           0.0000000000000000
          0.0000000000000000           0.0000000000000000           0.0000000000000000
          0.0000000000000000           0.0000000000000000           0.0000000000000000
          0.0000000000000000           0.0000000000000000           0.0000000000000000
          0.0000000000000000           0.0000000000000000           0.0000000000000000
          0.0000000000000000           0.0000000000000000           0.0000000000000000
          0.0000000000000000           0.0000000000000000           0.0000000000000000
          0.0000000000000000           0.0000000000000000           0.0000000000000000
          0.0000000000000000           0.0000000000000000           0.0000000000000000
