1  82   2   1   2   -6.355391   0.000000
  0 
./DATA/100/00/GA/G014/M026/
0
          5.2115652714900698
          3.4668451933394642
          2.2988084314709401
          1.3217488945909259
          0.5855170315859587
          0.1831092514390533
          0.0125147460702199
          0.0000673791098632
          2.2065933061627740
          6.1022793197167147
          0.8380664192176215
          4.7337524327715705
          1.5115410838131296
          4.1878618053055199
          0.5700586739126989
          3.2463793954050901
          2.2440076478290383
          1.7371631287368730
          0.9795966476106166
          0.7568218344088299
          0.4917031809817314
          0.0821318682129153
          0.3203710608389961
          0.2468506559799375
          0.1588265792265981
          0.0236933512944384
          0.0392342488280018
          0.0301061003240049
          0.0190719394898287
          0.0023931340010940
          6.3563162245927609
          4.5250615465417505
          3.2276231381962734
          2.0516386808935771
          1.0428848488338700
          0.3823983938513260
          0.0345522952321461
          0.0003145388358087
          7.9297715104735298
         25.0055867977322244
          2.9919786061024616
         20.0677938933611024
          5.7531938735476631
         18.2549308041820595
          2.1248693515186750
         14.6266062821530785
         10.8408385269711776
          8.6573784575348860
          5.4261888763121116
          4.3104494511630556
          2.8794681434247105
          0.5417211589496768
          2.1377700560346899
          1.6850746209704432
          1.0961280135983833
          0.1704717425693082
          0.3782691766443366
          0.2942959605639497
          0.1833796603737560
          0.0196279692547464
          5.2786093199489574
         11.1890698341539085
          2.3726426211503524
          8.2831031353552991
          3.8433539236090102
          8.1607084152558649
          1.7042371901714803
          6.0215916818183333
          4.8451005705300219
          3.5565981609786719
          2.4302047234333712
          1.7732804864186329
          1.0424579594294647
          0.1484704391680121
          0.9634821909872184
          0.6990224449720299
          0.3992453307099108
          0.0449777439418955
          0.1733257095494083
          0.1252546205301773
          0.0688723841512896
          0.0047892772106419
1
          5.2115652714900698
          3.4668451933394642
          2.2988084314709405
          1.3217488945909259
          0.5855170315859588
          0.1831092514390532
          0.0125147460702199
          0.0000673791098632
          2.2065933061627736
          6.1022793197167164
          0.8380664192176215
          4.7337524327715732
          1.5115410838131291
          4.1878618053055208
          0.5700586739126990
          3.2463793954050906
          2.2440076478290387
          1.7371631287368732
          0.9795966476106167
          0.7568218344088298
          0.4917031809817314
          0.0821318682129153
          0.3203710608389959
          0.2468506559799375
          0.1588265792265981
          0.0236933512944384
          0.0392342488280018
          0.0301061003240049
          0.0190719394898287
          0.0023931340010940
          6.3563162245927591
          4.5250615465417496
          3.2276231381962743
          2.0516386808935776
          1.0428848488338700
          0.3823983938513260
          0.0345522952321461
          0.0003145388358087
          7.9297715104735342
         25.0055867977322031
          2.9919786061024607
         20.0677938933611415
          5.7531938735476613
         18.2549308041820701
          2.1248693515186745
         14.6266062821530731
         10.8408385269711598
          8.6573784575348860
          5.4261888763121195
          4.3104494511630662
          2.8794681434247096
          0.5417211589496768
          2.1377700560346917
          1.6850746209704457
          1.0961280135983820
          0.1704717425693081
          0.3782691766443365
          0.2942959605639499
          0.1833796603737559
          0.0196279692547464
          5.2786093199489574
         11.1890698341538961
          2.3726426211503537
          8.2831031353552973
          3.8433539236090080
          8.1607084152558578
          1.7042371901714812
          6.0215916818183342
          4.8451005705300201
          3.5565981609786768
          2.4302047234333704
          1.7732804864186342
          1.0424579594294647
          0.1484704391680120
          0.9634821909872178
          0.6990224449720296
          0.3992453307099111
          0.0449777439418955
          0.1733257095494083
          0.1252546205301772
          0.0688723841512897
          0.0047892772106419
   0    2 -0.085440  0.004472  0.184620 
          0.0000000000000002          -0.0000000000000001          -0.0000000000000001
          0.0000000000000001           0.0000000000000000          -0.0000000000000001
         -0.0000000000000001          -0.0000000000000000          -0.0000000000000001
          0.0000000000000000           0.0000000000000000          -0.0000000000000001
          0.0000000000000000           0.0000000000000000           0.0000000000000000
          0.0000000000000000          -0.0000000000000000           0.0000000000000000
          0.0000000000000000          -0.0000000000000000          -0.0000000000000000
         -0.0000000000000000           0.0000000000000000           0.0000000000000000
         -0.0000000000000002          -0.0000000000000001           0.0000000000000001
          0.0000000000000005          -0.0000000000000000          -0.0000000000000010
         -0.0000000000000000          -0.0000000000000001          -0.0000000000000001
          0.0000000000000007           0.0000000000000005           0.0000000000000002
         -0.0000000000000000          -0.0000000000000000           0.0000000000000002
         -0.0000000000000000          -0.0000000000000002           0.0000000000000001
          0.0000000000000000           0.0000000000000000           0.0000000000000000
         -0.0000000000000002          -0.0000000000000000          -0.0000000000000002
          0.0000000000000003           0.0000000000000001           0.0000000000000001
         -0.0000000000000000          -0.0000000000000001           0.0000000000000000
         -0.0000000000000003          -0.0000000000000000          -0.0000000000000001
          0.0000000000000001           0.0000000000000000           0.0000000000000001
         -0.0000000000000000          -0.0000000000000000           0.0000000000000000
         -0.0000000000000000          -0.0000000000000000           0.0000000000000000
          0.0000000000000000           0.0000000000000000          -0.0000000000000000
         -0.0000000000000000          -0.0000000000000000           0.0000000000000000
          0.0000000000000000          -0.0000000000000000           0.0000000000000000
         -0.0000000000000000           0.0000000000000000           0.0000000000000000
          0.0000000000000000          -0.0000000000000000          -0.0000000000000000
          0.0000000000000000           0.0000000000000000          -0.0000000000000000
         -0.0000000000000000           0.0000000000000000          -0.0000000000000000
          0.0000000000000000           0.0000000000000000           0.0000000000000000
         -0.0014058722950802           0.0043353994967869           0.0003859443992875
         -0.0013031072657946           0.0023373753617463          -0.0005446004597118
          0.0009460445675470          -0.0007226036052238          -0.0011276767435120
          0.0041887996203644          -0.0043953411375629          -0.0031694203545998
          0.0067552621497546          -0.0063950533868979          -0.0074962182686727
          0.0064838738963773          -0.0042890493771820          -0.0099867055228844
          0.0020970344005943          -0.0004133369695143          -0.0039761826030716
          0.0000591523283419           0.0000032021673558          -0.0001312463543927
          0.0085764092548273          -0.0074699477002234          -0.0117350034722775
         -0.0134237639975355           0.0175549852997406           0.0024838080353300
          0.0091314250388427          -0.0103825758130441          -0.0057691595973183
         -0.0128687482135200           0.0146423571869180           0.0084496519102906
          0.0076412055317467          -0.0065184009245390          -0.0114056122424552
         -0.0057885263510809           0.0073228942879831           0.0031554719533547
          0.0066641325676491          -0.0073419038587887          -0.0059848008599450
         -0.0067655993151758           0.0064993913537346           0.0085762833358650
          0.0031279827895591          -0.0040540908536633           0.0030801292944313
          0.0007303998823684          -0.0028779247330240           0.0079065202318759
          0.0084146173267964          -0.0108716698280927           0.0016412778810812
          0.0055181939672750          -0.0087581839663350           0.0058255402919148
          0.0002435838165732          -0.0026468815200196           0.0056522452731598
         -0.0043826411818910           0.0061620108205398          -0.0057816914683772
          0.0086405389480401          -0.0114294776407424          -0.0002831765249831
          0.0062085741084869          -0.0094617549014683           0.0028931188928525
          0.0024631436507558          -0.0050154588071204           0.0037031367461148
         -0.0015298673143257           0.0022920089322875          -0.0024615248557139
          0.0041689525094312          -0.0055113034839236          -0.0011284537209632
          0.0030757720695325          -0.0046259897817807           0.0002512133711690
          0.0015848215046892          -0.0029064235901886           0.0010527197626472
         -0.0001592881422950           0.0002385129141737          -0.0003367546373792
          0.0129418628615107          -0.0141189114235212          -0.0084399618356061
         -0.0177892176042232           0.0242039490230383          -0.0008112336013434
          0.0088306127714004          -0.0092787587399310          -0.0136344583766017
         -0.0219004676943335           0.0290441017066284          -0.0060057301423405
          0.0140092743102179          -0.0157021288828135          -0.0083425323050972
         -0.0121565951295504           0.0165066222462591           0.0000923920159957
          0.0088541895788284          -0.0094336415390892          -0.0123423449901683
         -0.0173116798609383           0.0227751095899830          -0.0039074206690760
         -0.0043814244194990           0.0066776298378133           0.0004299347445948
         -0.0101891412546034           0.0138876977970976          -0.0016642906923594
          0.0017013925886282          -0.0011461319437766          -0.0004635370736819
         -0.0036653554631665           0.0055673518414428          -0.0006699710529439
         -0.0048337787209650           0.0079521258513387          -0.0020995570683988
          0.0012412912220883          -0.0023114517922831          -0.0004809220974968
          0.0041979819803602          -0.0048927286015166          -0.0017141379883855
          0.0002997521762342          -0.0000795655587989          -0.0007671069378656
         -0.0016676759095695           0.0030331832952576          -0.0007644339269867
          0.0003666688075199          -0.0004108280921511          -0.0004458446144464
          0.0027344486216380          -0.0034300659045095          -0.0016732414134249
          0.0011779169558160          -0.0016668115288122          -0.0008438917274765
          0.0000200705351244          -0.0000775815265805          -0.0002838760457771
          0.0000368065243850           0.0000678446653745          -0.0001054726397477
   1
          0.0000000000000000           0.0000000000000000           0.0000000000000000
          0.0000000000000000           0.0000000000000000           0.0000000000000000
          0.0000000000000000           0.0000000000000000           0.0000000000000000
          0.0000000000000000           0.0000000000000000           0.0000000000000000
          0.0000000000000000           0.0000000000000000           0.0000000000000000
          0.0000000000000000           0.0000000000000000           0.0000000000000000
          0.0000000000000000           0.0000000000000000           0.0000000000000000
          0.0000000000000000           0.0000000000000000           0.0000000000000000
          0.0000000000000000           0.0000000000000000           0.0000000000000000
          0.0000000000000000           0.0000000000000000           0.0000000000000000
          0.0000000000000000           0.0000000000000000           0.0000000000000000
          0.0000000000000000           0.0000000000000000           0.0000000000000000
          0.0000000000000000           0.0000000000000000           0.0000000000000000
          0.0000000000000000           0.0000000000000000           0.0000000000000000
          0.0000000000000000           0.0000000000000000           0.0000000000000000
          0.0000000000000000           0.0000000000000000           0.0000000000000000
          0.0000000000000000           0.0000000000000000           0.0000000000000000
          0.0000000000000000           0.0000000000000000           0.0000000000000000
          0.0000000000000000           0.0000000000000000           0.0000000000000000
          0.0000000000000000           0.0000000000000000           0.0000000000000000
          0.0000000000000000           0.0000000000000000           0.0000000000000000
          0.0000000000000000           0.0000000000000000           0.0000000000000000
          0.0000000000000000           0.0000000000000000           0.0000000000000000
          0.0000000000000000           0.0000000000000000           0.0000000000000000
          0.0000000000000000           0.0000000000000000           0.0000000000000000
          0.0000000000000000           0.0000000000000000           0.0000000000000000
          0.0000000000000000           0.0000000000000000           0.0000000000000000
          0.0000000000000000           0.0000000000000000           0.0000000000000000
          0.0000000000000000           0.0000000000000000           0.0000000000000000
          0.0000000000000000           0.0000000000000000           0.0000000000000000
         -0.0014058722950804           0.0043353994967869           0.0003859443992876
         -0.0013031072657947           0.0023373753617464          -0.0005446004597118
          0.0009460445675470          -0.0007226036052238          -0.0011276767435121
          0.0041887996203643          -0.0043953411375629          -0.0031694203545998
          0.0067552621497547          -0.0063950533868979          -0.0074962182686727
          0.0064838738963774          -0.0042890493771820          -0.0099867055228844
          0.0020970344005943          -0.0004133369695143          -0.0039761826030716
          0.0000591523283419           0.0000032021673558          -0.0001312463543927
         -0.0099168128912777           0.0174691192293969          -0.0129856314400889
          0.0002221034058559           0.0027009559696363          -0.0055167594338171
          0.0058340417512785          -0.0028000680336060          -0.0176391351304242
          0.0159729580484064          -0.0175682312933661          -0.0101702631241486
         -0.0076462204640124           0.0136306766403638          -0.0102152402587195
          0.0113515788253491          -0.0120216899134719          -0.0062850403194851
          0.0030311631977676           0.0001164488427900          -0.0155700935927534
          0.0220289624871287          -0.0255359177110470          -0.0116398936535182
          0.0225470011527106          -0.0260933927126263          -0.0085014633924400
          0.0271344122782299          -0.0316439203362485          -0.0134320329182497
          0.0265724964309057          -0.0311564472275856          -0.0110573644838114
          0.0267667408219842          -0.0309348992450114          -0.0141349846622022
          0.0240513973690276          -0.0235883128093664          -0.0244061017183255
          0.0058234888980498           0.0011359958372469          -0.0268941169950112
          0.0220823162598263          -0.0259250122846638          -0.0113142454560644
          0.0203526446747717          -0.0231940053215247          -0.0121486175468159
          0.0164723953801431          -0.0159103949565769          -0.0156254314365285
          0.0029596013645102           0.0006975151576175          -0.0123278370502800
          0.0097012400722126          -0.0109148816280412          -0.0062675670446093
          0.0083944613513896          -0.0090518307354702          -0.0057816716151118
          0.0062029871613991          -0.0057587819860953          -0.0054263261311431
          0.0008017686247032           0.0000514472993903          -0.0024692440321555
          0.0129418628615121          -0.0141189114235220          -0.0084399618356063
         -0.0177892176042226           0.0242039490230384          -0.0008112336013452
          0.0088306127714008          -0.0092787587399313          -0.0136344583766009
         -0.0219004676943328           0.0290441017066283          -0.0060057301423425
          0.0140092743102154          -0.0157021288828140          -0.0083425323050967
         -0.0121565951295492           0.0165066222462590           0.0000923920159956
          0.0088541895788278          -0.0094336415390893          -0.0123423449901682
         -0.0173116798609376           0.0227751095899826          -0.0039074206690754
         -0.0043814244195003           0.0066776298378129           0.0004299347445940
         -0.0101891412546034           0.0138876977970986          -0.0016642906923598
          0.0017013925886275          -0.0011461319437769          -0.0004635370736816
         -0.0036653554631663           0.0055673518414427          -0.0006699710529436
         -0.0048337787209655           0.0079521258513388          -0.0020995570683996
          0.0012412912220884          -0.0023114517922832          -0.0004809220974968
          0.0041979819803601          -0.0048927286015167          -0.0017141379883850
          0.0002997521762339          -0.0000795655587987          -0.0007671069378653
         -0.0016676759095696           0.0030331832952576          -0.0007644339269864
          0.0003666688075199          -0.0004108280921511          -0.0004458446144464
          0.0027344486216382          -0.0034300659045097          -0.0016732414134249
          0.0011779169558160          -0.0016668115288121          -0.0008438917274766
          0.0000200705351245          -0.0000775815265806          -0.0002838760457771
          0.0000368065243850           0.0000678446653745          -0.0001054726397477
   0
         -0.0000000000000002           0.0000000000000001           0.0000000000000001
         -0.0000000000000001           0.0000000000000000           0.0000000000000001
          0.0000000000000001           0.0000000000000000           0.0000000000000001
         -0.0000000000000000           0.0000000000000000           0.0000000000000001
          0.0000000000000000          -0.0000000000000000          -0.0000000000000000
         -0.0000000000000000           0.0000000000000000          -0.0000000000000000
         -0.0000000000000000           0.0000000000000000           0.0000000000000000
          0.0000000000000000          -0.0000000000000000          -0.0000000000000000
          0.0000000000000008          -0.0000000000000005          -0.0000000000000005
          0.0000000000000016           0.0000000000000005          -0.0000000000000017
          0.0000000000000002           0.0000000000000002           0.0000000000000000
         -0.0000000000000012          -0.0000000000000001          -0.0000000000000004
          0.0000000000000002          -0.0000000000000000           0.0000000000000003
         -0.0000000000000008          -0.0000000000000008           0.0000000000000005
         -0.0000000000000003          -0.0000000000000001          -0.0000000000000001
          0.0000000000000007           0.0000000000000005          -0.0000000000000009
          0.0000000000000006          -0.0000000000000002           0.0000000000000006
          0.0000000000000004           0.0000000000000000           0.0000000000000001
         -0.0000000000000002           0.0000000000000000           0.0000000000000000
         -0.0000000000000001          -0.0000000000000001           0.0000000000000000
         -0.0000000000000001          -0.0000000000000000           0.0000000000000002
         -0.0000000000000000          -0.0000000000000000           0.0000000000000000
          0.0000000000000002           0.0000000000000000          -0.0000000000000000
         -0.0000000000000002           0.0000000000000000          -0.0000000000000001
          0.0000000000000001          -0.0000000000000000           0.0000000000000000
         -0.0000000000000000          -0.0000000000000000           0.0000000000000000
          0.0000000000000000           0.0000000000000000           0.0000000000000000
          0.0000000000000000           0.0000000000000000           0.0000000000000000
         -0.0000000000000000           0.0000000000000000          -0.0000000000000000
         -0.0000000000000000           0.0000000000000000           0.0000000000000000
          0.0000000000000000           0.0000000000000000           0.0000000000000000
          0.0000000000000000           0.0000000000000000           0.0000000000000000
          0.0000000000000000           0.0000000000000000           0.0000000000000000
          0.0000000000000000           0.0000000000000000           0.0000000000000000
          0.0000000000000000           0.0000000000000000           0.0000000000000000
          0.0000000000000000           0.0000000000000000           0.0000000000000000
          0.0000000000000000           0.0000000000000000           0.0000000000000000
          0.0000000000000000           0.0000000000000000           0.0000000000000000
         -0.0184932221461043           0.0249390669296205          -0.0012506279678119
          0.0136458674033916          -0.0148540293301059          -0.0080005674691417
         -0.0032973832875651           0.0075825077794380          -0.0118699755331063
          0.0288417062619284          -0.0322105884802888          -0.0186199150344363
         -0.0152874259957606           0.0201490775649013           0.0011903719837370
          0.0171401051764223          -0.0193445842014534          -0.0094405122728398
         -0.0036329693698811           0.0074583527015788          -0.0095852927328092
          0.0287945618023050          -0.0320353090647801          -0.0202161769893846
          0.0194190183631517          -0.0220393018589610          -0.0115815926868720
          0.0264040123958622          -0.0287659956032258          -0.0213385531501272
          0.0181578791041076          -0.0202847773994929          -0.0126986423648933
          0.0212485468547092          -0.0221767152786778          -0.0199605249541169
          0.0238078135524544          -0.0209414312893463          -0.0300583469914858
          0.0102061300799408          -0.0050260149832929          -0.0211124255266339
          0.0134417773117850          -0.0144955346439218          -0.0110310689310816
          0.0141440705662855          -0.0137322504200560          -0.0150417364396688
          0.0140092517293878          -0.0108949361494563          -0.0193285681826435
          0.0044894686788358          -0.0015944937746701          -0.0098663121945662
          0.0055322875627812          -0.0054035781441175          -0.0051391133236462
          0.0053186892818571          -0.0044258409536896          -0.0060328849862808
          0.0046181656567099          -0.0028523583959067          -0.0064790458937904
          0.0009610567669982          -0.0001870656147835          -0.0021324893947764
          0.0000000000000000           0.0000000000000000           0.0000000000000000
          0.0000000000000000           0.0000000000000000           0.0000000000000000
          0.0000000000000000           0.0000000000000000           0.0000000000000000
          0.0000000000000000           0.0000000000000000           0.0000000000000000
          0.0000000000000000           0.0000000000000000           0.0000000000000000
          0.0000000000000000           0.0000000000000000           0.0000000000000000
          0.0000000000000000           0.0000000000000000           0.0000000000000000
          0.0000000000000000           0.0000000000000000           0.0000000000000000
          0.0000000000000000           0.0000000000000000           0.0000000000000000
          0.0000000000000000           0.0000000000000000           0.0000000000000000
          0.0000000000000000           0.0000000000000000           0.0000000000000000
          0.0000000000000000           0.0000000000000000           0.0000000000000000
          0.0000000000000000           0.0000000000000000           0.0000000000000000
          0.0000000000000000           0.0000000000000000           0.0000000000000000
          0.0000000000000000           0.0000000000000000           0.0000000000000000
          0.0000000000000000           0.0000000000000000           0.0000000000000000
          0.0000000000000000           0.0000000000000000           0.0000000000000000
          0.0000000000000000           0.0000000000000000           0.0000000000000000
          0.0000000000000000           0.0000000000000000           0.0000000000000000
          0.0000000000000000           0.0000000000000000           0.0000000000000000
          0.0000000000000000           0.0000000000000000           0.0000000000000000
          0.0000000000000000           0.0000000000000000           0.0000000000000000
