1  82   2   1   2   -6.507125   0.000000
  0 
./DATA/100/00/GA/G010/M028/
0
          5.0139744260080512
          3.2851829795671819
          2.1299923426243486
          1.1782335736357437
          0.4890596392902006
          0.1393522640426837
          0.0078459488923105
          0.0000310551911298
          1.9316120269272803
          5.3614245460618299
          0.7159043830905171
          4.1457169022250682
          1.2908823413437680
          3.5825274978259292
          0.4789804036465026
          2.7706255601286647
          1.8189230484689463
          1.4069232791759652
          0.7259869735058582
          0.5615688249269832
          0.3697315807211066
          0.0600172668287182
          0.2046871373666742
          0.1583108769607026
          0.1042269789828815
          0.0163809809944391
          0.0179847626601538
          0.0139050421619596
          0.0091464514991898
          0.0013708461438259
          5.9880067842292055
          4.2991466484030383
          3.1001581053899869
          1.9971715479846464
          1.0235632875533314
          0.3706285727606702
          0.0313061345723543
          0.0002580572591836
          6.6708718580846833
         22.7268254640814504
          2.3886063628796519
         18.4445599688764332
          4.8212449681784708
         16.6109565303541551
          1.6718473858541847
         13.4615589480298681
          9.8738339625595941
          7.9758540220823670
          4.9356971835668837
          3.9653217368504388
          2.6658996655435940
          0.4729771608410744
          1.9301818405627029
          1.5381309041154880
          1.0073889629150914
          0.1464558958455149
          0.3307250647809451
          0.2599372631077197
          0.1635155739542868
          0.0165409608708524
          5.0920591525252501
          9.6067895085578279
          2.3403325033886140
          6.8550628594211940
          3.7216342004793517
          6.9944665487869626
          1.6903085441450152
          4.9631408924526301
          4.1445580260410706
          2.9178549441111925
          2.0748380341915427
          1.4500697675105783
          0.7887223522680493
          0.0998577767018987
          0.8191211038035846
          0.5699568345059970
          0.3004036753014748
          0.0278844544548483
          0.1441602404210761
          0.1005895737162339
          0.0514931680339214
          0.0025972465573387
1
          5.0139744260080512
          3.2851829795671823
          2.1299923426243477
          1.1782335736357439
          0.4890596392902006
          0.1393522640426837
          0.0078459488923105
          0.0000310551911298
          1.9316120269272794
          5.3614245460618299
          0.7159043830905172
          4.1457169022250682
          1.2908823413437678
          3.5825274978259283
          0.4789804036465027
          2.7706255601286642
          1.8189230484689469
          1.4069232791759652
          0.7259869735058586
          0.5615688249269831
          0.3697315807211066
          0.0600172668287182
          0.2046871373666742
          0.1583108769607027
          0.1042269789828814
          0.0163809809944391
          0.0179847626601538
          0.0139050421619596
          0.0091464514991898
          0.0013708461438259
          5.9880067842292055
          4.2991466484030418
          3.1001581053899874
          1.9971715479846464
          1.0235632875533314
          0.3706285727606701
          0.0313061345723543
          0.0002580572591836
          6.6708718580846753
         22.7268254640814682
          2.3886063628796523
         18.4445599688764261
          4.8212449681784726
         16.6109565303541551
          1.6718473858541854
         13.4615589480298645
          9.8738339625595959
          7.9758540220823688
          4.9356971835668864
          3.9653217368504401
          2.6658996655435963
          0.4729771608410742
          1.9301818405627040
          1.5381309041154891
          1.0073889629150909
          0.1464558958455151
          0.3307250647809454
          0.2599372631077196
          0.1635155739542867
          0.0165409608708524
          5.0920591525252439
          9.6067895085578261
          2.3403325033886153
          6.8550628594211958
          3.7216342004793503
          6.9944665487869706
          1.6903085441450130
          4.9631408924526310
          4.1445580260410679
          2.9178549441111921
          2.0748380341915427
          1.4500697675105765
          0.7887223522680489
          0.0998577767018987
          0.8191211038035846
          0.5699568345059975
          0.3004036753014750
          0.0278844544548483
          0.1441602404210760
          0.1005895737162339
          0.0514931680339214
          0.0025972465573387
   0    2 -0.216936  0.648839  0.068281 
         -0.0000000000000000           0.0000000000000001          -0.0000000000000002
          0.0000000000000000           0.0000000000000000          -0.0000000000000001
         -0.0000000000000000           0.0000000000000000          -0.0000000000000000
          0.0000000000000000           0.0000000000000000          -0.0000000000000001
         -0.0000000000000000          -0.0000000000000000          -0.0000000000000000
          0.0000000000000000           0.0000000000000000           0.0000000000000000
          0.0000000000000000           0.0000000000000000           0.0000000000000000
          0.0000000000000000           0.0000000000000000          -0.0000000000000000
         -0.0000000000000000          -0.0000000000000001          -0.0000000000000002
         -0.0000000000000001           0.0000000000000003           0.0000000000000005
          0.0000000000000000           0.0000000000000000          -0.0000000000000000
          0.0000000000000001          -0.0000000000000002           0.0000000000000000
         -0.0000000000000000          -0.0000000000000000           0.0000000000000000
         -0.0000000000000001           0.0000000000000003          -0.0000000000000001
         -0.0000000000000000           0.0000000000000000           0.0000000000000000
         -0.0000000000000000           0.0000000000000002           0.0000000000000003
          0.0000000000000000          -0.0000000000000001           0.0000000000000004
          0.0000000000000000           0.0000000000000000           0.0000000000000004
         -0.0000000000000000          -0.0000000000000001          -0.0000000000000001
         -0.0000000000000000           0.0000000000000000           0.0000000000000001
         -0.0000000000000000          -0.0000000000000000          -0.0000000000000002
         -0.0000000000000000          -0.0000000000000000          -0.0000000000000000
          0.0000000000000000          -0.0000000000000000           0.0000000000000000
          0.0000000000000000          -0.0000000000000000           0.0000000000000000
         -0.0000000000000000           0.0000000000000000           0.0000000000000000
          0.0000000000000000          -0.0000000000000000          -0.0000000000000000
         -0.0000000000000000           0.0000000000000000          -0.0000000000000000
          0.0000000000000000           0.0000000000000000          -0.0000000000000000
          0.0000000000000000           0.0000000000000000          -0.0000000000000000
         -0.0000000000000000          -0.0000000000000000           0.0000000000000000
          0.0071681024495312           0.0179504733157095          -0.0040536602402254
          0.0003502391750519           0.0019608357657362          -0.0007448307020140
          0.0020173974764650          -0.0002873300590347           0.0002702914047262
          0.0089208007868999          -0.0028416091915473          -0.0015972809441608
          0.0172401403638940          -0.0166704953987452          -0.0062580124795247
          0.0180446871962869          -0.0307013247721758          -0.0080213883692436
          0.0055002014473185          -0.0139191505385796          -0.0021054321909615
          0.0001371201588049          -0.0004551621459018          -0.0000006931006974
          0.0176148216800730          -0.0144268615739285          -0.0063340017684345
         -0.0156870834868245           0.0092446006989523           0.0052200306586719
          0.0181716634193584           0.0088094302791417          -0.0043084864085664
         -0.0151302417475390           0.0324808925520208           0.0072455460185390
          0.0169647094357862          -0.0195125594814188          -0.0070413238111315
         -0.0109710745157620           0.0121018892133307           0.0092586595570658
          0.0149935328768998           0.0005362489628790          -0.0052745418069644
         -0.0129422510746474           0.0321506976576253           0.0110254415612332
         -0.0001372234691356           0.0215480383901559           0.0100876387557321
         -0.0046780723039246           0.0371937232376822           0.0119071560573546
          0.0103553349672715           0.0269839020645256           0.0064967569348295
          0.0047596427953422           0.0385457765099803           0.0084557157692714
         -0.0028749690256640           0.0267559036974460           0.0073133751447690
         -0.0050926989905126          -0.0293589106825788          -0.0033958609730210
          0.0142366654760018           0.0213851547378589           0.0014466772907334
          0.0094304776498838           0.0291940515154588           0.0031612801086367
          0.0029779862846888           0.0236492533836588           0.0036496367259486
         -0.0021444101888068          -0.0121374643075671          -0.0006897117323045
          0.0082502740396917           0.0066278667678702          -0.0014287457255461
          0.0060806475582920           0.0098488762688796          -0.0006511207161085
          0.0031451863967881           0.0094163779234873           0.0000752976895840
         -0.0002618730281275          -0.0015619757310075           0.0000584595119715
          0.0271975951387005          -0.0061056470545074          -0.0025516250324802
         -0.0252698569454544           0.0009233861795306           0.0014376539227187
          0.0269072223549609          -0.0315753678764300          -0.0116568857911479
         -0.0255602297291927          -0.0245463346423911          -0.0076676068359498
          0.0288489476618654          -0.0034876618466058          -0.0032313083917420
         -0.0228553127418422          -0.0039230084214839           0.0054486441376796
          0.0258650437032067          -0.0272600558422884          -0.0107173535696722
         -0.0258392167005020          -0.0276954024171665          -0.0020374010402504
         -0.0138389322749307           0.0004931325929240           0.0071150534605174
         -0.0200661907335180          -0.0187279467668429           0.0024766717990818
         -0.0025851545650195           0.0074211752090151           0.0050317530242680
         -0.0104556349418030          -0.0047152871216792           0.0033558085113345
         -0.0091809378023356          -0.0201434197768944          -0.0000747288684743
          0.0035450754134064           0.0010140538558971          -0.0014008704621468
          0.0049662530719301           0.0082758593300005           0.0013650618424921
         -0.0019734312904482           0.0034481269887016           0.0016776854534922
         -0.0043707314141543          -0.0055490346525919           0.0007920189007135
          0.0010947196157048          -0.0020659257784220          -0.0005085243571186
          0.0049782894024169           0.0023836428593482          -0.0010053223115725
          0.0018364829390747           0.0023872160729032          -0.0003152904098676
         -0.0003409537231880           0.0006954307458323           0.0000941043918302
          0.0000852618785777          -0.0006505562917377          -0.0000175125193085
   1
          0.0000000000000000           0.0000000000000000           0.0000000000000000
          0.0000000000000000           0.0000000000000000           0.0000000000000000
          0.0000000000000000           0.0000000000000000           0.0000000000000000
          0.0000000000000000           0.0000000000000000           0.0000000000000000
          0.0000000000000000           0.0000000000000000           0.0000000000000000
          0.0000000000000000           0.0000000000000000           0.0000000000000000
          0.0000000000000000           0.0000000000000000           0.0000000000000000
          0.0000000000000000           0.0000000000000000           0.0000000000000000
          0.0000000000000000           0.0000000000000000           0.0000000000000000
          0.0000000000000000           0.0000000000000000           0.0000000000000000
          0.0000000000000000           0.0000000000000000           0.0000000000000000
          0.0000000000000000           0.0000000000000000           0.0000000000000000
          0.0000000000000000           0.0000000000000000           0.0000000000000000
          0.0000000000000000           0.0000000000000000           0.0000000000000000
          0.0000000000000000           0.0000000000000000           0.0000000000000000
          0.0000000000000000           0.0000000000000000           0.0000000000000000
          0.0000000000000000           0.0000000000000000           0.0000000000000000
          0.0000000000000000           0.0000000000000000           0.0000000000000000
          0.0000000000000000           0.0000000000000000           0.0000000000000000
          0.0000000000000000           0.0000000000000000           0.0000000000000000
          0.0000000000000000           0.0000000000000000           0.0000000000000000
          0.0000000000000000           0.0000000000000000           0.0000000000000000
          0.0000000000000000           0.0000000000000000           0.0000000000000000
          0.0000000000000000           0.0000000000000000           0.0000000000000000
          0.0000000000000000           0.0000000000000000           0.0000000000000000
          0.0000000000000000           0.0000000000000000           0.0000000000000000
          0.0000000000000000           0.0000000000000000           0.0000000000000000
          0.0000000000000000           0.0000000000000000           0.0000000000000000
          0.0000000000000000           0.0000000000000000           0.0000000000000000
          0.0000000000000000           0.0000000000000000           0.0000000000000000
          0.0071681024495313           0.0179504733157094          -0.0040536602402254
          0.0003502391750520           0.0019608357657362          -0.0007448307020140
          0.0020173974764649          -0.0002873300590348           0.0002702914047263
          0.0089208007868999          -0.0028416091915474          -0.0015972809441609
          0.0172401403638941          -0.0166704953987453          -0.0062580124795248
          0.0180446871962870          -0.0307013247721759          -0.0080213883692436
          0.0055002014473184          -0.0139191505385796          -0.0021054321909615
          0.0001371201588049          -0.0004551621459018          -0.0000006931006974
         -0.0010681374751054          -0.0368098103865891          -0.0124666761442912
          0.0049236138615994           0.0264452886366325           0.0102387339247709
          0.0315999784749720          -0.0297801994335073          -0.0206327414448000
          0.0375917298116784           0.0334748995897171           0.0020726686242595
         -0.0054912292686289          -0.0397008879809765          -0.0066403744275672
          0.0174784991086765           0.0248795474447993           0.0110750459194436
          0.0200890799363168          -0.0415459266017216          -0.0159437469563860
          0.0430588083136214           0.0230345088240540           0.0017716733906239
          0.0353469473539703           0.0260613056004796           0.0069505156155985
          0.0501537098099137           0.0145053314905633          -0.0013936491368065
          0.0460182017607359           0.0214177011702833          -0.0004310432345055
          0.0508832464149982           0.0067021637547026          -0.0056426997769059
          0.0545947365949461          -0.0463686512626455          -0.0163009969638675
          0.0259773906388530          -0.0887405876259850          -0.0197360907010387
          0.0419008140118389           0.0093060501847716          -0.0059364255085643
          0.0406177207617721          -0.0011504176400394          -0.0076486216523085
          0.0364979342164059          -0.0285136522120119          -0.0107410978806674
          0.0113106025787836          -0.0402867762381727          -0.0080180317425448
          0.0197528255286381          -0.0019628185366316          -0.0050536010569327
          0.0174117903261802          -0.0044521491112102          -0.0046678257378348
          0.0133765499834876          -0.0095703944244099          -0.0040363426144813
          0.0023480052815471          -0.0078029580803710          -0.0013115585054930
          0.0271975951387004          -0.0061056470545073          -0.0025516250324819
         -0.0252698569454533           0.0009233861795335           0.0014376539227159
          0.0269072223549606          -0.0315753678764298          -0.0116568857911478
         -0.0255602297291935          -0.0245463346423919          -0.0076676068359482
          0.0288489476618649          -0.0034876618466059          -0.0032313083917405
         -0.0228553127418423          -0.0039230084214817           0.0054486441376780
          0.0258650437032066          -0.0272600558422881          -0.0107173535696730
         -0.0258392167005021          -0.0276954024171675          -0.0020374010402499
         -0.0138389322749306           0.0004931325929246           0.0071150534605164
         -0.0200661907335178          -0.0187279467668434           0.0024766717990805
         -0.0025851545650200           0.0074211752090154           0.0050317530242684
         -0.0104556349418027          -0.0047152871216795           0.0033558085113336
         -0.0091809378023355          -0.0201434197768944          -0.0000747288684738
          0.0035450754134065           0.0010140538558971          -0.0014008704621468
          0.0049662530719299           0.0082758593300007           0.0013650618424928
         -0.0019734312904482           0.0034481269887016           0.0016776854534922
         -0.0043707314141543          -0.0055490346525919           0.0007920189007136
          0.0010947196157048          -0.0020659257784220          -0.0005085243571186
          0.0049782894024170           0.0023836428593481          -0.0010053223115724
          0.0018364829390747           0.0023872160729031          -0.0003152904098676
         -0.0003409537231880           0.0006954307458323           0.0000941043918302
          0.0000852618785777          -0.0006505562917377          -0.0000175125193085
   0
          0.0000000000000000          -0.0000000000000001           0.0000000000000002
         -0.0000000000000000           0.0000000000000000           0.0000000000000001
          0.0000000000000000           0.0000000000000000           0.0000000000000000
         -0.0000000000000000           0.0000000000000000           0.0000000000000001
          0.0000000000000000           0.0000000000000000           0.0000000000000000
         -0.0000000000000000          -0.0000000000000000           0.0000000000000000
          0.0000000000000000          -0.0000000000000000          -0.0000000000000000
          0.0000000000000000           0.0000000000000000           0.0000000000000000
          0.0000000000000001           0.0000000000000003           0.0000000000000005
          0.0000000000000003           0.0000000000000001           0.0000000000000028
          0.0000000000000000          -0.0000000000000001          -0.0000000000000003
         -0.0000000000000002          -0.0000000000000001           0.0000000000000023
          0.0000000000000000          -0.0000000000000001          -0.0000000000000001
          0.0000000000000000          -0.0000000000000004           0.0000000000000003
          0.0000000000000000          -0.0000000000000001           0.0000000000000000
         -0.0000000000000000           0.0000000000000001           0.0000000000000004
          0.0000000000000000          -0.0000000000000001           0.0000000000000007
         -0.0000000000000000          -0.0000000000000001          -0.0000000000000001
          0.0000000000000000           0.0000000000000000           0.0000000000000001
          0.0000000000000000          -0.0000000000000000           0.0000000000000001
         -0.0000000000000000           0.0000000000000000          -0.0000000000000001
         -0.0000000000000000           0.0000000000000000          -0.0000000000000000
          0.0000000000000000          -0.0000000000000000          -0.0000000000000001
         -0.0000000000000000          -0.0000000000000000           0.0000000000000003
          0.0000000000000000          -0.0000000000000000           0.0000000000000000
          0.0000000000000000           0.0000000000000000           0.0000000000000000
         -0.0000000000000000           0.0000000000000000          -0.0000000000000000
          0.0000000000000000          -0.0000000000000000          -0.0000000000000000
         -0.0000000000000000           0.0000000000000000           0.0000000000000000
         -0.0000000000000000           0.0000000000000000          -0.0000000000000000
          0.0000000000000000           0.0000000000000000           0.0000000000000000
          0.0000000000000000           0.0000000000000000           0.0000000000000000
          0.0000000000000000           0.0000000000000000           0.0000000000000000
          0.0000000000000000           0.0000000000000000           0.0000000000000000
          0.0000000000000000           0.0000000000000000           0.0000000000000000
          0.0000000000000000           0.0000000000000000           0.0000000000000000
          0.0000000000000000           0.0000000000000000           0.0000000000000000
          0.0000000000000000           0.0000000000000000           0.0000000000000000
         -0.0186829591551789          -0.0223829488126599          -0.0061326743758575
          0.0206106973484257           0.0172006879376856           0.0050187032660960
          0.0134283150556135          -0.0385896297126484          -0.0163242550362332
          0.0527219715592184           0.0009940070376946          -0.0051728773942846
         -0.0224559387044145          -0.0201883284995584           0.0004009493835634
          0.0284495736244383           0.0127776582314696           0.0018163863623752
          0.0050955470594169          -0.0420821755646005          -0.0106692051494208
          0.0560010593882699          -0.0091161888335713          -0.0092537681706109
          0.0354841708231067           0.0045132672103211          -0.0031371231401312
          0.0548317821138379          -0.0226883917471199          -0.0133008051941637
          0.0356628667934641          -0.0055662008942422          -0.0069278001693366
          0.0461236036196559          -0.0318436127552785          -0.0140984155461769
          0.0574697056206104          -0.0731245549600908          -0.0236143721086365
          0.0310700896293656          -0.0593816769434064          -0.0163402297280177
          0.0276641485358371          -0.0120791045530873          -0.0073831027992974
          0.0311872431118886          -0.0303444691554978          -0.0108099017609443
          0.0335199479317170          -0.0521629055956704          -0.0143907346066162
          0.0134550127675904          -0.0281493119306055          -0.0073283200102404
          0.0115025514889464          -0.0085906853045020          -0.0036248553313867
          0.0113311427678881          -0.0143010253800898          -0.0040167050217262
          0.0102313635866996          -0.0189867723478971          -0.0041116403040652
          0.0026098783096746          -0.0062409823493635          -0.0013700180174645
          0.0000000000000000           0.0000000000000000           0.0000000000000000
          0.0000000000000000           0.0000000000000000           0.0000000000000000
          0.0000000000000000           0.0000000000000000           0.0000000000000000
          0.0000000000000000           0.0000000000000000           0.0000000000000000
          0.0000000000000000           0.0000000000000000           0.0000000000000000
          0.0000000000000000           0.0000000000000000           0.0000000000000000
          0.0000000000000000           0.0000000000000000           0.0000000000000000
          0.0000000000000000           0.0000000000000000           0.0000000000000000
          0.0000000000000000           0.0000000000000000           0.0000000000000000
          0.0000000000000000           0.0000000000000000           0.0000000000000000
          0.0000000000000000           0.0000000000000000           0.0000000000000000
          0.0000000000000000           0.0000000000000000           0.0000000000000000
          0.0000000000000000           0.0000000000000000           0.0000000000000000
          0.0000000000000000           0.0000000000000000           0.0000000000000000
          0.0000000000000000           0.0000000000000000           0.0000000000000000
          0.0000000000000000           0.0000000000000000           0.0000000000000000
          0.0000000000000000           0.0000000000000000           0.0000000000000000
          0.0000000000000000           0.0000000000000000           0.0000000000000000
          0.0000000000000000           0.0000000000000000           0.0000000000000000
          0.0000000000000000           0.0000000000000000           0.0000000000000000
          0.0000000000000000           0.0000000000000000           0.0000000000000000
          0.0000000000000000           0.0000000000000000           0.0000000000000000
