1  82   2   1   2   -6.277934   0.000000
  0 
./DATA/100/00/GA/G006/M023/
0
          4.7173745521773878
          3.2097348589318084
          2.1914669698396874
          1.3155325568259699
          0.6141077031670239
          0.1978318357385941
          0.0130409552632962
          0.0000663914051081
          1.8964970182869842
          5.2348197911080696
          0.7488596552612313
          4.0871824280823175
          1.3412562732456785
          3.7251845895505391
          0.5163345561299540
          2.9002628724348116
          2.1315950047750607
          1.6512192738169875
          1.0236869134251330
          0.7877141263502481
          0.4937123081307808
          0.0780254511720126
          0.3838615663555987
          0.2931051605354071
          0.1784453139883103
          0.0214361196068177
          0.0609899844751797
          0.0461542414107679
          0.0271340901768970
          0.0020667957834868
          6.0812992879764662
          4.2412694178029051
          2.9454283906091505
          1.7978643257387492
          0.8652712590135017
          0.3029734163721576
          0.0279105848240288
          0.0003626511898084
          7.4003802251398909
         20.8140458787145022
          2.8735321039961215
         16.2871977575707199
          5.3458858216904597
         15.0219461605383113
          2.0521061094008002
         11.7281664482486523
          8.7453002785046028
          6.8016379410998677
          4.2581297442726322
          3.2954471462130304
          2.1380411366486674
          0.3977008158421645
          1.6150380233941450
          1.2427184851060218
          0.7883381307016348
          0.1244362204885016
          0.2667541562978138
          0.2038455402868014
          0.1250471060496783
          0.0142644061292242
          3.8760841999551130
         10.2311288519720804
          1.5892976473240923
          7.9443422993410602
          2.7728557024039513
          7.4110602887104351
          1.1139068336653821
          5.7521114199718690
          4.3359524492249211
          3.3596455419056377
          2.1204823720581047
          1.6367883200665598
          1.0369230813313257
          0.1452689740350727
          0.8059843937090669
          0.6178410900253892
          0.3815606007202043
          0.0449073337720989
          0.1325219117075306
          0.1001239380439568
          0.0590533715801863
          0.0049279841683144
1
          4.7173745521773887
          3.2097348589318080
          2.1914669698396874
          1.3155325568259699
          0.6141077031670239
          0.1978318357385941
          0.0130409552632962
          0.0000663914051081
          1.8964970182869847
          5.2348197911080687
          0.7488596552612317
          4.0871824280823184
          1.3412562732456790
          3.7251845895505400
          0.5163345561299544
          2.9002628724348116
          2.1315950047750611
          1.6512192738169882
          1.0236869134251330
          0.7877141263502482
          0.4937123081307809
          0.0780254511720126
          0.3838615663555986
          0.2931051605354071
          0.1784453139883102
          0.0214361196068177
          0.0609899844751797
          0.0461542414107679
          0.0271340901768970
          0.0020667957834868
          6.0812992879764662
          4.2412694178029042
          2.9454283906091510
          1.7978643257387492
          0.8652712590135019
          0.3029734163721577
          0.0279105848240288
          0.0003626511898084
          7.4003802251398936
         20.8140458787144880
          2.8735321039961197
         16.2871977575707163
          5.3458858216904606
         15.0219461605383238
          2.0521061094008024
         11.7281664482486629
          8.7453002785045939
          6.8016379410998749
          4.2581297442726322
          3.2954471462130321
          2.1380411366486656
          0.3977008158421645
          1.6150380233941461
          1.2427184851060222
          0.7883381307016354
          0.1244362204885018
          0.2667541562978138
          0.2038455402868013
          0.1250471060496783
          0.0142644061292242
          3.8760841999551126
         10.2311288519720822
          1.5892976473240936
          7.9443422993410593
          2.7728557024039500
          7.4110602887104395
          1.1139068336653817
          5.7521114199718708
          4.3359524492249228
          3.3596455419056390
          2.1204823720581030
          1.6367883200665594
          1.0369230813313255
          0.1452689740350727
          0.8059843937090670
          0.6178410900253887
          0.3815606007202045
          0.0449073337720989
          0.1325219117075304
          0.1001239380439568
          0.0590533715801862
          0.0049279841683144
   0    2 -1.466869 -0.842641  0.089509 
         -0.0000000000000000          -0.0000000000000001          -0.0000000000000000
          0.0000000000000000          -0.0000000000000000          -0.0000000000000001
          0.0000000000000000           0.0000000000000000           0.0000000000000000
          0.0000000000000000           0.0000000000000000           0.0000000000000000
         -0.0000000000000000           0.0000000000000000           0.0000000000000000
          0.0000000000000000           0.0000000000000000           0.0000000000000000
          0.0000000000000000           0.0000000000000000           0.0000000000000000
         -0.0000000000000000           0.0000000000000000          -0.0000000000000000
         -0.0000000000000001           0.0000000000000001           0.0000000000000001
          0.0000000000000000           0.0000000000000003           0.0000000000000013
          0.0000000000000000          -0.0000000000000001          -0.0000000000000000
         -0.0000000000000000           0.0000000000000001          -0.0000000000000007
          0.0000000000000000           0.0000000000000004           0.0000000000000000
          0.0000000000000001           0.0000000000000001           0.0000000000000009
         -0.0000000000000000           0.0000000000000000          -0.0000000000000000
          0.0000000000000000          -0.0000000000000000          -0.0000000000000002
         -0.0000000000000000           0.0000000000000001          -0.0000000000000000
          0.0000000000000000          -0.0000000000000000          -0.0000000000000000
          0.0000000000000001          -0.0000000000000001          -0.0000000000000001
          0.0000000000000000           0.0000000000000000          -0.0000000000000001
         -0.0000000000000000           0.0000000000000000          -0.0000000000000000
          0.0000000000000000           0.0000000000000000           0.0000000000000000
          0.0000000000000000          -0.0000000000000000          -0.0000000000000000
          0.0000000000000000           0.0000000000000000           0.0000000000000000
         -0.0000000000000000           0.0000000000000000          -0.0000000000000000
         -0.0000000000000000           0.0000000000000000           0.0000000000000000
         -0.0000000000000000           0.0000000000000000           0.0000000000000000
          0.0000000000000000          -0.0000000000000000          -0.0000000000000000
          0.0000000000000000           0.0000000000000000           0.0000000000000000
         -0.0000000000000000           0.0000000000000000          -0.0000000000000000
         -0.0499522113015197          -0.0220043510423946          -0.0029090050663805
         -0.0105730741408518          -0.0106003171731225          -0.0047081759968999
          0.0129547706208498          -0.0019293839446832          -0.0068988982894659
          0.0307638763913100           0.0028863320251038          -0.0108699529400773
          0.0463780955744187           0.0080208885559720          -0.0137771498872610
          0.0551143326596230           0.0180943411398468          -0.0102630828697503
          0.0275193461151861           0.0141608620387757          -0.0027429085161547
          0.0015037524492544           0.0009372987212085          -0.0002180874646388
          0.0959270055442308           0.0206414958455575          -0.0260887330384896
         -0.0890626129567652          -0.0838817960332454          -0.0242941940876382
          0.0905841342900686           0.0052504182884713          -0.0353022529101257
         -0.0944054842109270          -0.0992728735903332          -0.0335077139592742
          0.0922831133452927           0.0231779768478326          -0.0227210956559147
         -0.0290100047262570          -0.0515699217556177          -0.0241169619850246
          0.0814544446065877           0.0076589312422217          -0.0297040582995433
         -0.0398386734649616          -0.0670889673612281          -0.0310999246286545
          0.0214003515657153          -0.0244800532624670          -0.0255139171005202
          0.0070863008716421          -0.0383041501913897          -0.0297958394040901
          0.0400090887236407          -0.0145059379057715          -0.0270408791497978
          0.0263546885246147          -0.0249844217831165          -0.0292054155961671
          0.0236096135040013          -0.0168313091360734          -0.0218663265929876
         -0.0158982479034902           0.0264492668534660           0.0307774376816196
          0.0347244641792375          -0.0135458910041755          -0.0250286761419765
          0.0247263047696158          -0.0200675717824644          -0.0257958785548047
          0.0196873457678663          -0.0155563203479195          -0.0199218580444509
         -0.0034119703254936           0.0125913098472285           0.0130598373816945
          0.0152565725702168          -0.0090382312614481          -0.0138174897448829
          0.0110384666767107          -0.0113309562184441          -0.0137483412473311
          0.0076917818530581          -0.0098171133471839          -0.0108837280718575
          0.0004997591438248           0.0019001071363366           0.0017608836839061
          0.0691286089237562          -0.0126002354273699          -0.0355696099284788
         -0.0622642163362928          -0.0506400647603185          -0.0148133171976475
          0.0394455665072925           0.0090225401116623          -0.0043369390382403
         -0.0919472587527555          -0.0290172892212865           0.0164193536925911
          0.0667541937279511          -0.0107883954590772          -0.0336668521653818
         -0.0034810851089157          -0.0176035494487083          -0.0131712054755576
          0.0343834714906678           0.0052756649982639          -0.0057227026809438
         -0.0358518073461986          -0.0015394889913666           0.0147729440088814
          0.0420700123607884           0.0094101693339020          -0.0117815846250704
          0.0112345198330465           0.0203369451121185           0.0111603634232687
          0.0527088586702349           0.0160529345747593          -0.0113957070109636
          0.0281397274812486           0.0235729039860999           0.0057204155827932
          0.0064291949355775           0.0190405819874598           0.0129420831155293
         -0.0047264391132141          -0.0146369018754137          -0.0082405372614233
          0.0393173394691209           0.0090832085913765          -0.0109042958981216
          0.0233638737045764           0.0139129818636593           0.0000327617829925
          0.0091032366365816           0.0137443599488390           0.0069522803649238
          0.0004847997757308          -0.0029913535494682          -0.0021442331259761
          0.0148242038540670           0.0001151550272397          -0.0069874191427782
          0.0088058248756979           0.0019472851328007          -0.0028990699115438
          0.0033724650259936           0.0030426064496861           0.0006966435391648
          0.0005869557533510           0.0002379816521828           0.0000011267236569
   1
          0.0000000000000000           0.0000000000000000           0.0000000000000000
          0.0000000000000000           0.0000000000000000           0.0000000000000000
          0.0000000000000000           0.0000000000000000           0.0000000000000000
          0.0000000000000000           0.0000000000000000           0.0000000000000000
          0.0000000000000000           0.0000000000000000           0.0000000000000000
          0.0000000000000000           0.0000000000000000           0.0000000000000000
          0.0000000000000000           0.0000000000000000           0.0000000000000000
          0.0000000000000000           0.0000000000000000           0.0000000000000000
          0.0000000000000000           0.0000000000000000           0.0000000000000000
          0.0000000000000000           0.0000000000000000           0.0000000000000000
          0.0000000000000000           0.0000000000000000           0.0000000000000000
          0.0000000000000000           0.0000000000000000           0.0000000000000000
          0.0000000000000000           0.0000000000000000           0.0000000000000000
          0.0000000000000000           0.0000000000000000           0.0000000000000000
          0.0000000000000000           0.0000000000000000           0.0000000000000000
          0.0000000000000000           0.0000000000000000           0.0000000000000000
          0.0000000000000000           0.0000000000000000           0.0000000000000000
          0.0000000000000000           0.0000000000000000           0.0000000000000000
          0.0000000000000000           0.0000000000000000           0.0000000000000000
          0.0000000000000000           0.0000000000000000           0.0000000000000000
          0.0000000000000000           0.0000000000000000           0.0000000000000000
          0.0000000000000000           0.0000000000000000           0.0000000000000000
          0.0000000000000000           0.0000000000000000           0.0000000000000000
          0.0000000000000000           0.0000000000000000           0.0000000000000000
          0.0000000000000000           0.0000000000000000           0.0000000000000000
          0.0000000000000000           0.0000000000000000           0.0000000000000000
          0.0000000000000000           0.0000000000000000           0.0000000000000000
          0.0000000000000000           0.0000000000000000           0.0000000000000000
          0.0000000000000000           0.0000000000000000           0.0000000000000000
          0.0000000000000000           0.0000000000000000           0.0000000000000000
         -0.0499522113015198          -0.0220043510423946          -0.0029090050663802
         -0.0105730741408518          -0.0106003171731224          -0.0047081759969000
          0.0129547706208500          -0.0019293839446831          -0.0068988982894658
          0.0307638763913101           0.0028863320251038          -0.0108699529400773
          0.0463780955744188           0.0080208885559719          -0.0137771498872610
          0.0551143326596230           0.0180943411398468          -0.0102630828697503
          0.0275193461151861           0.0141608620387757          -0.0027429085161547
          0.0015037524492544           0.0009372987212085          -0.0002180874646388
         -0.0277028536079057          -0.0270328440669143          -0.0116990125387653
          0.0414316387828381          -0.0994477563084651          -0.0890668417134908
          0.0046869268030871          -0.0230413075720839          -0.0234801101117079
          0.0738214191938327          -0.0954562198136342          -0.1008479392864344
          0.0149082580146161          -0.0005645514520749          -0.0078057545045869
          0.1116379592234559          -0.0562193383634969          -0.0858703607772931
          0.0250869417187307          -0.0042492700790719          -0.0152834408681755
          0.1218166429275701          -0.0599040569904950          -0.0933480471408800
          0.1541016338969930          -0.0215664998765473          -0.0791548888476717
          0.1464843520320261          -0.0284914430377756          -0.0808308893507747
          0.1442558108072128          -0.0099163417203744          -0.0678152174862710
          0.1306964804946086          -0.0141588394990771          -0.0647504042606950
          0.1355340207082588           0.0101022239331795          -0.0475960264732613
          0.1062223515426910           0.0705613354568439           0.0112158696488114
          0.1005923609595542          -0.0101860298052280          -0.0506480011613153
          0.0890729730164430          -0.0103083433827231          -0.0453697540642196
          0.0855390638929100           0.0057896655097777          -0.0307867718053218
          0.0516343703634673           0.0348018674337054           0.0049116686501072
          0.0388333522436090          -0.0078377184039543          -0.0230664285783723
          0.0335653202065073          -0.0063639310769206          -0.0193238702152624
          0.0289192983202643          -0.0004081778220718          -0.0123176486659952
          0.0116316241507583           0.0074168605982479           0.0003947410830140
          0.0691286089237563          -0.0126002354273695          -0.0355696099284783
         -0.0622642163362910          -0.0506400647603205          -0.0148133171976507
          0.0394455665072920           0.0090225401116621          -0.0043369390382404
         -0.0919472587527561          -0.0290172892212871           0.0164193536925879
          0.0667541937279507          -0.0107883954590775          -0.0336668521653810
         -0.0034810851089139          -0.0176035494487074          -0.0131712054755567
          0.0343834714906680           0.0052756649982637          -0.0057227026809437
         -0.0358518073461988          -0.0015394889913648           0.0147729440088803
          0.0420700123607888           0.0094101693339001          -0.0117815846250681
          0.0112345198330457           0.0203369451121185           0.0111603634232684
          0.0527088586702345           0.0160529345747587          -0.0113957070109645
          0.0281397274812489           0.0235729039861003           0.0057204155827929
          0.0064291949355776           0.0190405819874605           0.0129420831155289
         -0.0047264391132141          -0.0146369018754137          -0.0082405372614233
          0.0393173394691207           0.0090832085913765          -0.0109042958981214
          0.0233638737045763           0.0139129818636588           0.0000327617829925
          0.0091032366365816           0.0137443599488388           0.0069522803649242
          0.0004847997757308          -0.0029913535494682          -0.0021442331259761
          0.0148242038540670           0.0001151550272396          -0.0069874191427782
          0.0088058248756979           0.0019472851328008          -0.0028990699115438
          0.0033724650259937           0.0030426064496862           0.0006966435391649
          0.0005869557533510           0.0002379816521828           0.0000011267236569
   0
          0.0000000000000000           0.0000000000000001           0.0000000000000000
         -0.0000000000000000           0.0000000000000000           0.0000000000000001
         -0.0000000000000000           0.0000000000000000           0.0000000000000000
          0.0000000000000000           0.0000000000000000          -0.0000000000000000
          0.0000000000000000           0.0000000000000000          -0.0000000000000000
          0.0000000000000000           0.0000000000000000          -0.0000000000000000
          0.0000000000000000           0.0000000000000000           0.0000000000000000
          0.0000000000000000          -0.0000000000000000           0.0000000000000000
         -0.0000000000000001           0.0000000000000000           0.0000000000000005
          0.0000000000000001          -0.0000000000000001          -0.0000000000000003
          0.0000000000000000          -0.0000000000000000          -0.0000000000000002
          0.0000000000000000           0.0000000000000000          -0.0000000000000004
          0.0000000000000000          -0.0000000000000000          -0.0000000000000001
          0.0000000000000001          -0.0000000000000002           0.0000000000000008
          0.0000000000000000          -0.0000000000000000          -0.0000000000000002
          0.0000000000000001           0.0000000000000000          -0.0000000000000004
          0.0000000000000000          -0.0000000000000002           0.0000000000000001
         -0.0000000000000001          -0.0000000000000001           0.0000000000000001
         -0.0000000000000000          -0.0000000000000001          -0.0000000000000002
          0.0000000000000000           0.0000000000000000          -0.0000000000000001
         -0.0000000000000000           0.0000000000000001          -0.0000000000000000
          0.0000000000000000          -0.0000000000000000           0.0000000000000000
         -0.0000000000000000           0.0000000000000000           0.0000000000000000
         -0.0000000000000000          -0.0000000000000000           0.0000000000000001
          0.0000000000000000          -0.0000000000000000           0.0000000000000000
          0.0000000000000000           0.0000000000000000          -0.0000000000000000
         -0.0000000000000000          -0.0000000000000000          -0.0000000000000000
         -0.0000000000000000          -0.0000000000000000          -0.0000000000000000
          0.0000000000000000          -0.0000000000000000           0.0000000000000000
         -0.0000000000000000           0.0000000000000000          -0.0000000000000000
          0.0000000000000000           0.0000000000000000           0.0000000000000000
          0.0000000000000000           0.0000000000000000           0.0000000000000000
          0.0000000000000000           0.0000000000000000           0.0000000000000000
          0.0000000000000000           0.0000000000000000           0.0000000000000000
          0.0000000000000000           0.0000000000000000           0.0000000000000000
          0.0000000000000000           0.0000000000000000           0.0000000000000000
          0.0000000000000000           0.0000000000000000           0.0000000000000000
          0.0000000000000000           0.0000000000000000           0.0000000000000000
         -0.1236298591521366          -0.0476743399124721           0.0143897204997245
          0.1304942517396032          -0.0155659602752182          -0.0647726476258538
         -0.0858972074869810          -0.0282917258605544           0.0118221427984183
          0.1682269034047603           0.0038166537766979          -0.0673402253271585
         -0.0773748553306759          -0.0237425282999073           0.0149153411513289
          0.1406479639497128          -0.0046494166078801          -0.0617533987922692
         -0.0563675028878566          -0.0119082013212932           0.0144206174313684
          0.1616553163925328           0.0071849103707337          -0.0622481225122287
          0.1327012823312782           0.0029135533859220          -0.0536409717471507
          0.1393980511603835           0.0098127071536134          -0.0510350499466830
          0.1042467220835720           0.0045895961853967          -0.0407743383364730
          0.1043417919699943           0.0108255822840399          -0.0355449886645284
          0.1119244072042574           0.0269335330692528          -0.0257296998802742
          0.1221205994461812           0.0441120686033779          -0.0195615680328082
          0.0658678967803167           0.0033598611989476          -0.0256193250193382
          0.0643466682468274           0.0097592283997415          -0.0195738755094151
          0.0658517181250440           0.0213459858576971          -0.0108649137608710
          0.0550463406889609           0.0222105575864769          -0.0081481687315872
          0.0235767796733922           0.0012005128574938          -0.0092489388334894
          0.0225268535297968           0.0049670251415235          -0.0055755289679313
          0.0212275164672062           0.0094089355251121          -0.0014339205941377
          0.0111318650069335           0.0055167534619113          -0.0013661426008921
          0.0000000000000000           0.0000000000000000           0.0000000000000000
          0.0000000000000000           0.0000000000000000           0.0000000000000000
          0.0000000000000000           0.0000000000000000           0.0000000000000000
          0.0000000000000000           0.0000000000000000           0.0000000000000000
          0.0000000000000000           0.0000000000000000           0.0000000000000000
          0.0000000000000000           0.0000000000000000           0.0000000000000000
          0.0000000000000000           0.0000000000000000           0.0000000000000000
          0.0000000000000000           0.0000000000000000           0.0000000000000000
          0.0000000000000000           0.0000000000000000           0.0000000000000000
          0.0000000000000000           0.0000000000000000           0.0000000000000000
          0.0000000000000000           0.0000000000000000           0.0000000000000000
          0.0000000000000000           0.0000000000000000           0.0000000000000000
          0.0000000000000000           0.0000000000000000           0.0000000000000000
          0.0000000000000000           0.0000000000000000           0.0000000000000000
          0.0000000000000000           0.0000000000000000           0.0000000000000000
          0.0000000000000000           0.0000000000000000           0.0000000000000000
          0.0000000000000000           0.0000000000000000           0.0000000000000000
          0.0000000000000000           0.0000000000000000           0.0000000000000000
          0.0000000000000000           0.0000000000000000           0.0000000000000000
          0.0000000000000000           0.0000000000000000           0.0000000000000000
          0.0000000000000000           0.0000000000000000           0.0000000000000000
          0.0000000000000000           0.0000000000000000           0.0000000000000000
