1  82   2   1   2   -5.821745   0.000000
  0 
./DATA/100/00/GA/G000/M021/
0
          3.6788306260246042
          2.2935772860564638
          1.3959394054763150
          0.6940941099815169
          0.2367953397653800
          0.0486228947356757
          0.0012594396659907
          0.0000012101616241
          0.7759909351248594
          2.2051191752670323
          0.2577144354506303
          1.6868426755928045
          0.4820505650555449
          1.3699344220870044
          0.1601105694729504
          1.0479944265044103
          0.6079310130816868
          0.4650671198701956
          0.1979012632340645
          0.1513805926508337
          0.0950070919302664
          0.0115619833824093
          0.0408151407721030
          0.0312129263992360
          0.0195611227718465
          0.0023337549713118
          0.0018448606827118
          0.0014099722693412
          0.0008808277176696
          0.0001011941023679
          4.5441595882071653
          3.2818438256763174
          2.3822932998553497
          1.5501123466855131
          0.8095164309007644
          0.3049593407200036
          0.0297051565409243
          0.0003639053778534
          3.0432185772654532
         12.0706042228985471
          0.9777952761469944
         10.0051809217800916
          2.1415073848328148
          8.6785685761124221
          0.6608952901622114
          7.1979564814418193
          5.0135244706137643
          4.1593538195560926
          2.4093036867288147
          1.9972585817528856
          1.4158776787874496
          0.2885787277584141
          0.8927885749671175
          0.7383220809821091
          0.5162792017843866
          0.0911641015383373
          0.1385193002513815
          0.1139036748997347
          0.0779686188253042
          0.0108610300733578
          3.0338709493302618
          4.5230404507517390
          1.4962629000864298
          2.9854324015079050
          2.1972667170195499
          3.2127712634530687
          1.0800556251541831
          2.0955601715877008
          1.8258876349790312
          1.1693054111299810
          0.8650167667398496
          0.5427248180746989
          0.2445531344812143
          0.0215437928871861
          0.3181843310793186
          0.1958664601747157
          0.0827351224082795
          0.0049392475176667
          0.0497449788362965
          0.0302049903233605
          0.0119054179672469
          0.0002991756791827
1
          3.6788306260246046
          2.2935772860564634
          1.3959394054763150
          0.6940941099815170
          0.2367953397653800
          0.0486228947356757
          0.0012594396659907
          0.0000012101616241
          0.7759909351248593
          2.2051191752670323
          0.2577144354506304
          1.6868426755928045
          0.4820505650555449
          1.3699344220870044
          0.1601105694729504
          1.0479944265044101
          0.6079310130816866
          0.4650671198701956
          0.1979012632340646
          0.1513805926508337
          0.0950070919302664
          0.0115619833824093
          0.0408151407721030
          0.0312129263992360
          0.0195611227718465
          0.0023337549713118
          0.0018448606827118
          0.0014099722693412
          0.0008808277176696
          0.0001011941023679
          4.5441595882071661
          3.2818438256763183
          2.3822932998553492
          1.5501123466855133
          0.8095164309007643
          0.3049593407200036
          0.0297051565409243
          0.0003639053778534
          3.0432185772654523
         12.0706042228985471
          0.9777952761469949
         10.0051809217800862
          2.1415073848328130
          8.6785685761124132
          0.6608952901622108
          7.1979564814418158
          5.0135244706137643
          4.1593538195560900
          2.4093036867288129
          1.9972585817528865
          1.4158776787874507
          0.2885787277584144
          0.8927885749671173
          0.7383220809821089
          0.5162792017843871
          0.0911641015383374
          0.1385193002513817
          0.1139036748997346
          0.0779686188253041
          0.0108610300733578
          3.0338709493302618
          4.5230404507517372
          1.4962629000864300
          2.9854324015079068
          2.1972667170195495
          3.2127712634530656
          1.0800556251541826
          2.0955601715877004
          1.8258876349790309
          1.1693054111299801
          0.8650167667398495
          0.5427248180746989
          0.2445531344812144
          0.0215437928871861
          0.3181843310793184
          0.1958664601747157
          0.0827351224082795
          0.0049392475176667
          0.0497449788362965
          0.0302049903233604
          0.0119054179672469
          0.0002991756791827
   0    2  1.498797 -0.737229 -0.143924 
          0.0000000000000000          -0.0000000000000000           0.0000000000000000
         -0.0000000000000000           0.0000000000000001           0.0000000000000000
          0.0000000000000000           0.0000000000000000           0.0000000000000000
          0.0000000000000000           0.0000000000000000           0.0000000000000000
          0.0000000000000000           0.0000000000000000           0.0000000000000000
          0.0000000000000000           0.0000000000000000           0.0000000000000000
         -0.0000000000000000           0.0000000000000000           0.0000000000000000
          0.0000000000000000           0.0000000000000000           0.0000000000000000
          0.0000000000000000           0.0000000000000001           0.0000000000000000
         -0.0000000000000001           0.0000000000000001           0.0000000000000001
         -0.0000000000000000           0.0000000000000000           0.0000000000000000
         -0.0000000000000001           0.0000000000000002          -0.0000000000000000
          0.0000000000000000          -0.0000000000000001           0.0000000000000000
          0.0000000000000000           0.0000000000000001           0.0000000000000000
         -0.0000000000000000           0.0000000000000000          -0.0000000000000000
         -0.0000000000000000          -0.0000000000000000          -0.0000000000000000
         -0.0000000000000000           0.0000000000000001           0.0000000000000000
         -0.0000000000000000          -0.0000000000000001           0.0000000000000000
         -0.0000000000000000          -0.0000000000000000           0.0000000000000000
          0.0000000000000000          -0.0000000000000000           0.0000000000000000
          0.0000000000000000           0.0000000000000000          -0.0000000000000000
          0.0000000000000000          -0.0000000000000000          -0.0000000000000000
          0.0000000000000000          -0.0000000000000000          -0.0000000000000000
         -0.0000000000000000          -0.0000000000000000           0.0000000000000000
          0.0000000000000000          -0.0000000000000000          -0.0000000000000000
          0.0000000000000000           0.0000000000000000          -0.0000000000000000
         -0.0000000000000000          -0.0000000000000000          -0.0000000000000000
         -0.0000000000000000           0.0000000000000000           0.0000000000000000
         -0.0000000000000000          -0.0000000000000000           0.0000000000000000
         -0.0000000000000000          -0.0000000000000000           0.0000000000000000
          0.0158783506423088           0.0380728288909993          -0.0333978970553644
          0.0251127366764975           0.0132605675466441          -0.0193771317852768
         -0.0079195176235158          -0.0027330502394882           0.0025209928705736
         -0.0663970776301152          -0.0098677351735302           0.0272335682128941
         -0.1206300153520948          -0.0010164825046090           0.0404402056035275
         -0.1196566441112512           0.0156020152672859           0.0301103467829043
         -0.0390487729637656           0.0127105154254348           0.0060384443667861
         -0.0014013005839882           0.0007963939815803           0.0002001004988151
         -0.0552562607775019           0.0041602941544595           0.0231649780559140
          0.1624866293887293           0.0405570567225171          -0.1061560429493727
         -0.0356692321552212          -0.0022844010371785           0.0199954371130725
          0.1820736580110097           0.0341123615308792          -0.1093255838922137
         -0.0581788834951026           0.0041928980307695           0.0245783855390559
          0.1016986519974628           0.0054444813459655          -0.0574895472766898
         -0.0300106499790168           0.0008643830870198           0.0165567960408244
          0.1298668855135489           0.0021159664022161          -0.0655111367749210
          0.0192634354377368          -0.0243018176893607          -0.0050930305205235
          0.0528319006447024          -0.0254076570532529          -0.0163544688085204
         -0.0401560879335847          -0.0329637168712854           0.0233743218152388
         -0.0094776784516266          -0.0333804668143074           0.0128747868596317
          0.0301675208053546          -0.0262656514234104           0.0038189119849078
          0.0139098685923804           0.0061522443274042           0.0050870045959749
         -0.0556369885413174          -0.0241767545492666           0.0246619239631569
         -0.0347346509574933          -0.0245913256194782           0.0179038307581587
         -0.0066696959150807          -0.0208526240599749           0.0104722093441219
          0.0073296628921347           0.0002820248921732           0.0035276356388135
         -0.0274074788138301          -0.0067091434550750           0.0082199767178872
         -0.0203860283390476          -0.0070815414394229           0.0063639087969176
         -0.0105601805589314          -0.0064983899492609           0.0040621966981687
          0.0009978776623211          -0.0007199246647841           0.0009363669287585
         -0.1374295374849464          -0.0359636726402604           0.0638406242475597
          0.2446599060961746           0.0806810235172374          -0.1468316891410179
         -0.1711739675981057          -0.0215037086018427           0.0866740826705714
          0.2109154759830154           0.0951409875556554          -0.1239982307180068
         -0.1465074228800934          -0.0356853706318308           0.0670777222662480
          0.1900271913824538           0.0453227500085657          -0.0999888840038818
         -0.1554475219979699          -0.0182005489044255           0.0760682468355943
          0.1810870922645773           0.0628075717359707          -0.0909983594345355
          0.1063319759807656           0.0104916067128352          -0.0443505051847322
          0.1228914312263726           0.0280731157931670          -0.0487676531195338
          0.0321395221471313          -0.0082115711461532          -0.0059365629573814
          0.0607429704339815           0.0053972297918073          -0.0161310123285302
          0.0464047956062671           0.0158372837411912          -0.0149704112215214
         -0.0098210915728958           0.0018639057186358           0.0001382311725480
         -0.0090132636490075          -0.0111738300642391           0.0087364474448854
          0.0163864888937957          -0.0036350748207299           0.0001885895379848
          0.0200671798965713           0.0035284117518906          -0.0037010098518057
         -0.0024596604026722           0.0009111190962671           0.0000165208414456
         -0.0126082906194353          -0.0039410310499193           0.0048887452682866
         -0.0024244794432419          -0.0023606259690174           0.0022766160401808
          0.0026580202575504          -0.0004600250534228           0.0003098509539971
         -0.0001455977928618           0.0001185483457003           0.0000006320713927
   1
          0.0000000000000000           0.0000000000000000           0.0000000000000000
          0.0000000000000000           0.0000000000000000           0.0000000000000000
          0.0000000000000000           0.0000000000000000           0.0000000000000000
          0.0000000000000000           0.0000000000000000           0.0000000000000000
          0.0000000000000000           0.0000000000000000           0.0000000000000000
          0.0000000000000000           0.0000000000000000           0.0000000000000000
          0.0000000000000000           0.0000000000000000           0.0000000000000000
          0.0000000000000000           0.0000000000000000           0.0000000000000000
          0.0000000000000000           0.0000000000000000           0.0000000000000000
          0.0000000000000000           0.0000000000000000           0.0000000000000000
          0.0000000000000000           0.0000000000000000           0.0000000000000000
          0.0000000000000000           0.0000000000000000           0.0000000000000000
          0.0000000000000000           0.0000000000000000           0.0000000000000000
          0.0000000000000000           0.0000000000000000           0.0000000000000000
          0.0000000000000000           0.0000000000000000           0.0000000000000000
          0.0000000000000000           0.0000000000000000           0.0000000000000000
          0.0000000000000000           0.0000000000000000           0.0000000000000000
          0.0000000000000000           0.0000000000000000           0.0000000000000000
          0.0000000000000000           0.0000000000000000           0.0000000000000000
          0.0000000000000000           0.0000000000000000           0.0000000000000000
          0.0000000000000000           0.0000000000000000           0.0000000000000000
          0.0000000000000000           0.0000000000000000           0.0000000000000000
          0.0000000000000000           0.0000000000000000           0.0000000000000000
          0.0000000000000000           0.0000000000000000           0.0000000000000000
          0.0000000000000000           0.0000000000000000           0.0000000000000000
          0.0000000000000000           0.0000000000000000           0.0000000000000000
          0.0000000000000000           0.0000000000000000           0.0000000000000000
          0.0000000000000000           0.0000000000000000           0.0000000000000000
          0.0000000000000000           0.0000000000000000           0.0000000000000000
          0.0000000000000000           0.0000000000000000           0.0000000000000000
          0.0158783506423088           0.0380728288909995          -0.0333978970553643
          0.0251127366764975           0.0132605675466443          -0.0193771317852769
         -0.0079195176235158          -0.0027330502394882           0.0025209928705737
         -0.0663970776301152          -0.0098677351735303           0.0272335682128940
         -0.1206300153520947          -0.0010164825046089           0.0404402056035275
         -0.1196566441112512           0.0156020152672859           0.0301103467829043
         -0.0390487729637656           0.0127105154254348           0.0060384443667861
         -0.0014013005839882           0.0007963939815803           0.0002001004988151
          0.1069346845601960           0.0862704386058947          -0.0904625380889941
          0.1075260526622594           0.0031642631480591          -0.0755195916979220
         -0.0752568635963428           0.0547761375561695          -0.0036939229073977
         -0.0746654954942785          -0.0283300379016636           0.0112490234836752
          0.0954407797948988           0.0571734135056746          -0.0645813924307362
         -0.0084012427901777          -0.0378986547522057          -0.0012409310445312
         -0.0381575259089881           0.0429135945138484          -0.0060811669233565
         -0.1419995484940649          -0.0521584737440313           0.0572592944628497
         -0.1346485032382115          -0.0652692532797214           0.0671590811169008
         -0.2058146377788097          -0.0640130504664405           0.0933156980769514
         -0.1931939652855116          -0.0625148300632394           0.0884796806246444
         -0.2153717301632372          -0.0545968670694079           0.0928832399695513
         -0.2290047928374592          -0.0287267782926317           0.0929209430058917
         -0.1333173531966450           0.0334150845335633           0.0453455020431336
         -0.1658801879836976          -0.0391649213754578           0.0654615907609079
         -0.1626299083627485          -0.0320699621287875           0.0614594645550377
         -0.1474131589662045          -0.0162889449672674           0.0528210872888271
         -0.0564854443643585           0.0147199095570655           0.0193048863691311
         -0.0662007958362139          -0.0091235958271598           0.0187759060636156
         -0.0599351959549462          -0.0069630604876868           0.0163645352431527
         -0.0481796474475840          -0.0031415465454446           0.0124792876953026
         -0.0114354704637775           0.0028433693534484           0.0032794966111894
         -0.1374295374849455          -0.0359636726402614           0.0638406242475606
          0.2446599060961749           0.0806810235172388          -0.1468316891410172
         -0.1711739675981060          -0.0215037086018427           0.0866740826705716
          0.2109154759830158           0.0951409875556548          -0.1239982307180071
         -0.1465074228800927          -0.0356853706318310           0.0670777222662483
          0.1900271913824538           0.0453227500085664          -0.0999888840038820
         -0.1554475219979700          -0.0182005489044258           0.0760682468355949
          0.1810870922645774           0.0628075717359709          -0.0909983594345350
          0.1063319759807655           0.0104916067128352          -0.0443505051847323
          0.1228914312263726           0.0280731157931666          -0.0487676531195338
          0.0321395221471313          -0.0082115711461531          -0.0059365629573813
          0.0607429704339816           0.0053972297918073          -0.0161310123285303
          0.0464047956062671           0.0158372837411912          -0.0149704112215213
         -0.0098210915728958           0.0018639057186358           0.0001382311725480
         -0.0090132636490074          -0.0111738300642392           0.0087364474448855
          0.0163864888937957          -0.0036350748207300           0.0001885895379849
          0.0200671798965713           0.0035284117518906          -0.0037010098518056
         -0.0024596604026722           0.0009111190962671           0.0000165208414456
         -0.0126082906194353          -0.0039410310499194           0.0048887452682866
         -0.0024244794432419          -0.0023606259690175           0.0022766160401808
          0.0026580202575504          -0.0004600250534228           0.0003098509539971
         -0.0001455977928618           0.0001185483457003           0.0000006320713927
   0
         -0.0000000000000000           0.0000000000000000           0.0000000000000000
          0.0000000000000000          -0.0000000000000001          -0.0000000000000000
         -0.0000000000000000          -0.0000000000000000          -0.0000000000000000
         -0.0000000000000000           0.0000000000000000          -0.0000000000000000
         -0.0000000000000000          -0.0000000000000000           0.0000000000000000
         -0.0000000000000000           0.0000000000000000           0.0000000000000000
          0.0000000000000000           0.0000000000000000           0.0000000000000000
         -0.0000000000000000           0.0000000000000000           0.0000000000000000
         -0.0000000000000000          -0.0000000000000000          -0.0000000000000000
         -0.0000000000000002          -0.0000000000000001          -0.0000000000000001
          0.0000000000000000           0.0000000000000000          -0.0000000000000000
          0.0000000000000000           0.0000000000000000           0.0000000000000000
         -0.0000000000000001          -0.0000000000000000          -0.0000000000000000
         -0.0000000000000000           0.0000000000000002          -0.0000000000000000
          0.0000000000000000           0.0000000000000000          -0.0000000000000000
          0.0000000000000000           0.0000000000000001           0.0000000000000000
          0.0000000000000000           0.0000000000000000           0.0000000000000000
          0.0000000000000001           0.0000000000000000           0.0000000000000000
         -0.0000000000000000           0.0000000000000000           0.0000000000000000
          0.0000000000000000          -0.0000000000000000           0.0000000000000000
         -0.0000000000000000           0.0000000000000000           0.0000000000000000
          0.0000000000000000           0.0000000000000000           0.0000000000000000
         -0.0000000000000000          -0.0000000000000000           0.0000000000000000
         -0.0000000000000000          -0.0000000000000000          -0.0000000000000000
         -0.0000000000000000          -0.0000000000000000           0.0000000000000000
          0.0000000000000000          -0.0000000000000000           0.0000000000000000
          0.0000000000000000          -0.0000000000000000          -0.0000000000000000
         -0.0000000000000000           0.0000000000000000          -0.0000000000000000
          0.0000000000000000           0.0000000000000000           0.0000000000000000
          0.0000000000000000           0.0000000000000000           0.0000000000000000
          0.0000000000000000           0.0000000000000000           0.0000000000000000
          0.0000000000000000           0.0000000000000000           0.0000000000000000
          0.0000000000000000           0.0000000000000000           0.0000000000000000
          0.0000000000000000           0.0000000000000000           0.0000000000000000
          0.0000000000000000           0.0000000000000000           0.0000000000000000
          0.0000000000000000           0.0000000000000000           0.0000000000000000
          0.0000000000000000           0.0000000000000000           0.0000000000000000
          0.0000000000000000           0.0000000000000000           0.0000000000000000
          0.1621909453376977           0.0821101444514349          -0.1136275161449082
         -0.0549605767264688          -0.0373927935744583           0.0306364512514496
         -0.0395876314411214           0.0570605385933480          -0.0236893600204699
         -0.2567391535052890          -0.0624423994325451           0.1205746073758874
          0.1536196632900016           0.0529805154749050          -0.0891597779697921
         -0.1100998947876412          -0.0433431360981714           0.0562486162321595
         -0.0081468759299713           0.0420492114268284          -0.0226379629641809
         -0.2718664340076140          -0.0542744401462478           0.1227704312377700
         -0.1539119386759482          -0.0409674355903605           0.0722521116374233
         -0.2586465384235111          -0.0386053934131873           0.1096701668854721
         -0.1530378773519268          -0.0295511131919541           0.0651053588094059
         -0.2058940517116103          -0.0212164002551004           0.0800084531099193
         -0.2591723136428141          -0.0024611268692212           0.0891020310209839
         -0.1472272217890254           0.0272628402061590           0.0402584974471586
         -0.1102431994423804          -0.0149881668261911           0.0407996667977510
         -0.1278952574052552          -0.0074786365093092           0.0435556337968791
         -0.1407434630511239           0.0045636790927073           0.0423488779447053
         -0.0638151072564932           0.0144378846648924           0.0157772507303176
         -0.0387933170223837          -0.0024144523720847           0.0105559293457285
         -0.0395491676158987           0.0001184809517361           0.0100006264462351
         -0.0376194668886525           0.0033568434038163           0.0084170909971339
         -0.0124333481260986           0.0035632940182325           0.0023431296824309
          0.0000000000000000           0.0000000000000000           0.0000000000000000
          0.0000000000000000           0.0000000000000000           0.0000000000000000
          0.0000000000000000           0.0000000000000000           0.0000000000000000
          0.0000000000000000           0.0000000000000000           0.0000000000000000
          0.0000000000000000           0.0000000000000000           0.0000000000000000
          0.0000000000000000           0.0000000000000000           0.0000000000000000
          0.0000000000000000           0.0000000000000000           0.0000000000000000
          0.0000000000000000           0.0000000000000000           0.0000000000000000
          0.0000000000000000           0.0000000000000000           0.0000000000000000
          0.0000000000000000           0.0000000000000000           0.0000000000000000
          0.0000000000000000           0.0000000000000000           0.0000000000000000
          0.0000000000000000           0.0000000000000000           0.0000000000000000
          0.0000000000000000           0.0000000000000000           0.0000000000000000
          0.0000000000000000           0.0000000000000000           0.0000000000000000
          0.0000000000000000           0.0000000000000000           0.0000000000000000
          0.0000000000000000           0.0000000000000000           0.0000000000000000
          0.0000000000000000           0.0000000000000000           0.0000000000000000
          0.0000000000000000           0.0000000000000000           0.0000000000000000
          0.0000000000000000           0.0000000000000000           0.0000000000000000
          0.0000000000000000           0.0000000000000000           0.0000000000000000
          0.0000000000000000           0.0000000000000000           0.0000000000000000
          0.0000000000000000           0.0000000000000000           0.0000000000000000
