1  82   2   1   2   -6.617388   0.000000
  0 
./DATA/100/00/GA/G013/M029/
0
          4.3805388794606888
          2.8379411457769770
          1.8182698744571268
          0.9888276906630238
          0.3993759640304123
          0.1092016110473839
          0.0057108674684438
          0.0000214339175126
          1.3355514745382162
          3.6986321404791815
          0.4996651023556023
          2.8627457682965680
          0.8775516255476693
          2.4296812683191198
          0.3286900029529855
          1.8808196457244368
          1.1947649051419005
          0.9249484939239417
          0.4534667904491657
          0.3510331177320216
          0.2319868814320457
          0.0392360218804549
          0.1178364022467844
          0.0911919339632779
          0.0602379818468241
          0.0099409677923234
          0.0086008394492543
          0.0066519631691997
          0.0043870391398009
          0.0006952172933969
          5.3679014730115346
          3.8636475792684468
          2.7777678222736091
          1.7638678838819060
          0.8682784280074015
          0.2896791144971725
          0.0193288999306570
          0.0000920655669433
          5.0405146227056754
         17.5882904505015922
          1.6853231552769197
         14.2330989830728569
          3.6332068498703811
         12.7670792196865754
          1.1753008304010257
         10.3091732002172165
          7.4809995931100550
          6.0152766965187112
          3.6490470292057040
          2.9155651872319615
          1.9246884787475784
          0.2898098533955750
          1.3687150380594779
          1.0840289035575572
          0.6973527518840841
          0.0854927553576859
          0.2127302211309287
          0.1661038531386670
          0.1027835096655468
          0.0088055442665537
          3.9434095201658028
          7.3709930164378408
          1.7660564078138770
          5.1936399040859147
          2.8524807247874979
          5.3476623099909766
          1.2586098103784171
          3.7537913955819002
          3.1402960650328686
          2.1943872323806497
          1.5434628774517334
          1.0755733807506529
          0.5761513657631849
          0.0635286191421612
          0.5880269105321563
          0.4102036262002165
          0.2153747146412960
          0.0173923589308789
          0.0944538926294937
          0.0665353820165753
          0.0345487226171515
          0.0016318282981677
1
          4.3805388794606879
          2.8379411457769770
          1.8182698744571271
          0.9888276906630238
          0.3993759640304121
          0.1092016110473839
          0.0057108674684438
          0.0000214339175126
          1.3355514745382160
          3.6986321404791820
          0.4996651023556023
          2.8627457682965685
          0.8775516255476690
          2.4296812683191198
          0.3286900029529856
          1.8808196457244371
          1.1947649051419005
          0.9249484939239414
          0.4534667904491659
          0.3510331177320214
          0.2319868814320458
          0.0392360218804549
          0.1178364022467844
          0.0911919339632778
          0.0602379818468241
          0.0099409677923234
          0.0086008394492543
          0.0066519631691997
          0.0043870391398009
          0.0006952172933969
          5.3679014730115338
          3.8636475792684468
          2.7777678222736104
          1.7638678838819060
          0.8682784280074012
          0.2896791144971725
          0.0193288999306570
          0.0000920655669433
          5.0405146227056754
         17.5882904505016135
          1.6853231552769203
         14.2330989830728409
          3.6332068498703793
         12.7670792196865879
          1.1753008304010253
         10.3091732002172289
          7.4809995931100612
          6.0152766965187130
          3.6490470292057053
          2.9155651872319632
          1.9246884787475766
          0.2898098533955747
          1.3687150380594784
          1.0840289035575568
          0.6973527518840845
          0.0854927553576860
          0.2127302211309288
          0.1661038531386670
          0.1027835096655469
          0.0088055442665537
          3.9434095201658019
          7.3709930164378346
          1.7660564078138776
          5.1936399040859174
          2.8524807247874984
          5.3476623099909757
          1.2586098103784167
          3.7537913955818980
          3.1402960650328682
          2.1943872323806475
          1.5434628774517321
          1.0755733807506533
          0.5761513657631849
          0.0635286191421612
          0.5880269105321562
          0.4102036262002164
          0.2153747146412961
          0.0173923589308789
          0.0944538926294936
          0.0665353820165753
          0.0345487226171515
          0.0016318282981677
   0    2 -0.203700  0.118404 -0.175522 
          0.0000000000000000           0.0000000000000001          -0.0000000000000001
          0.0000000000000000           0.0000000000000000           0.0000000000000001
          0.0000000000000000           0.0000000000000001           0.0000000000000000
          0.0000000000000000           0.0000000000000000           0.0000000000000000
          0.0000000000000000           0.0000000000000000           0.0000000000000000
          0.0000000000000000          -0.0000000000000000           0.0000000000000000
          0.0000000000000000           0.0000000000000000           0.0000000000000000
          0.0000000000000000           0.0000000000000000          -0.0000000000000000
          0.0000000000000000           0.0000000000000000          -0.0000000000000002
         -0.0000000000000000           0.0000000000000000          -0.0000000000000011
         -0.0000000000000000           0.0000000000000000          -0.0000000000000002
         -0.0000000000000000          -0.0000000000000000          -0.0000000000000001
         -0.0000000000000000           0.0000000000000000          -0.0000000000000001
          0.0000000000000000          -0.0000000000000001           0.0000000000000000
          0.0000000000000000          -0.0000000000000000           0.0000000000000001
          0.0000000000000000          -0.0000000000000000           0.0000000000000001
          0.0000000000000000           0.0000000000000000          -0.0000000000000001
          0.0000000000000000           0.0000000000000000          -0.0000000000000001
         -0.0000000000000000           0.0000000000000000           0.0000000000000000
         -0.0000000000000000          -0.0000000000000000          -0.0000000000000000
          0.0000000000000000          -0.0000000000000000           0.0000000000000001
         -0.0000000000000000          -0.0000000000000000          -0.0000000000000000
          0.0000000000000000           0.0000000000000000           0.0000000000000001
         -0.0000000000000000           0.0000000000000000           0.0000000000000000
          0.0000000000000000           0.0000000000000000          -0.0000000000000000
         -0.0000000000000000           0.0000000000000000          -0.0000000000000000
         -0.0000000000000000           0.0000000000000000          -0.0000000000000000
          0.0000000000000000           0.0000000000000000          -0.0000000000000000
          0.0000000000000000          -0.0000000000000000          -0.0000000000000000
          0.0000000000000000          -0.0000000000000000           0.0000000000000000
          0.0121467664965277           0.0032610020533716           0.0033149780952974
          0.0007091144812276          -0.0020690020572957           0.0019144508753033
          0.0037488242543205          -0.0009312065081266           0.0004846694706979
          0.0151024727052462          -0.0002264618922188           0.0023875430801645
          0.0276505519097937          -0.0049182457236136           0.0092174620196351
          0.0265729813498467          -0.0093256966135595           0.0131511976564900
          0.0064099126818398          -0.0030564579017758           0.0045361063411444
          0.0000954306773368          -0.0000458149016020           0.0000947830800531
          0.0279281485498974          -0.0056886439194422           0.0087775863524210
         -0.0195752040159236          -0.0144901370736731           0.0024817456120298
          0.0249244351423586           0.0065727651555079           0.0021184813579547
         -0.0225789174234624          -0.0022287279987237          -0.0041773593824367
          0.0253723172608600          -0.0073509146536922           0.0099258481388520
         -0.0135325060936422          -0.0056844172273071          -0.0049071199349837
          0.0194095042090565           0.0019491538284167           0.0042939163127564
         -0.0194953191454456           0.0036156512548022          -0.0105390517610787
          0.0005170901821854           0.0058345971951946          -0.0103543467349580
         -0.0081543695716574           0.0117676371046957          -0.0149684930669886
          0.0137658892190205           0.0121584516921886          -0.0097921417215415
          0.0045272761943049           0.0156353728948914          -0.0135361238923252
         -0.0068226212342028           0.0083360536086967          -0.0115450125381261
         -0.0025725470436488          -0.0107574443903946           0.0063179789699324
          0.0180533341839223           0.0107548451292467          -0.0050869407949021
          0.0107156139845473           0.0126288634708932          -0.0077739597183705
          0.0015857724832088           0.0086084733965368          -0.0076206408866349
         -0.0011156489364199          -0.0041439602035093           0.0017668334421630
          0.0097994348656341           0.0037813557957321          -0.0002052321316100
          0.0067639050002204           0.0043573965785064          -0.0012939848564422
          0.0029002292848252           0.0034396683772505          -0.0018282848258676
         -0.0001569443081922          -0.0004842039889619           0.0000497744991857
          0.0386960272974783          -0.0001635655253376           0.0021200238061122
         -0.0303430827635064          -0.0200152154677778           0.0091393081583403
          0.0403741987026054          -0.0086992426890124           0.0115341532488644
         -0.0286649113583789          -0.0285508926314522           0.0185534376010930
          0.0400526846044322           0.0017970874352606           0.0017506329493620
         -0.0282128734372134          -0.0148324193162604           0.0032680952545073
          0.0371128013515935          -0.0070960114085144           0.0100290020973089
         -0.0311527566900527          -0.0237255181600354           0.0115464644024549
         -0.0168119622811134          -0.0053299030901061          -0.0022421536845096
         -0.0249952117693079          -0.0132836531156516           0.0034938991577681
         -0.0020061517300420           0.0022992779865392          -0.0037941227897943
         -0.0126814063047583          -0.0032116476497885          -0.0011402291062072
         -0.0131101400018930          -0.0100799119118272           0.0034149607143508
          0.0054089900211027          -0.0002578531671140           0.0014751405186757
          0.0076487624489253           0.0044867012964414          -0.0020089580892433
         -0.0015739264094262           0.0018388230596615          -0.0017308476345349
         -0.0060851164750150          -0.0024105703400066           0.0000486096938630
          0.0014985063946402          -0.0010155073644150           0.0008797200423123
          0.0067289399958624           0.0019414622494103           0.0003870321022327
          0.0028482791119022           0.0014676108660095          -0.0001471398721949
         -0.0002773558561468           0.0004189898538341          -0.0002690266091448
          0.0000486199026366          -0.0002441060796204           0.0001256084480112
   1
          0.0000000000000000           0.0000000000000000           0.0000000000000000
          0.0000000000000000           0.0000000000000000           0.0000000000000000
          0.0000000000000000           0.0000000000000000           0.0000000000000000
          0.0000000000000000           0.0000000000000000           0.0000000000000000
          0.0000000000000000           0.0000000000000000           0.0000000000000000
          0.0000000000000000           0.0000000000000000           0.0000000000000000
          0.0000000000000000           0.0000000000000000           0.0000000000000000
          0.0000000000000000           0.0000000000000000           0.0000000000000000
          0.0000000000000000           0.0000000000000000           0.0000000000000000
          0.0000000000000000           0.0000000000000000           0.0000000000000000
          0.0000000000000000           0.0000000000000000           0.0000000000000000
          0.0000000000000000           0.0000000000000000           0.0000000000000000
          0.0000000000000000           0.0000000000000000           0.0000000000000000
          0.0000000000000000           0.0000000000000000           0.0000000000000000
          0.0000000000000000           0.0000000000000000           0.0000000000000000
          0.0000000000000000           0.0000000000000000           0.0000000000000000
          0.0000000000000000           0.0000000000000000           0.0000000000000000
          0.0000000000000000           0.0000000000000000           0.0000000000000000
          0.0000000000000000           0.0000000000000000           0.0000000000000000
          0.0000000000000000           0.0000000000000000           0.0000000000000000
          0.0000000000000000           0.0000000000000000           0.0000000000000000
          0.0000000000000000           0.0000000000000000           0.0000000000000000
          0.0000000000000000           0.0000000000000000           0.0000000000000000
          0.0000000000000000           0.0000000000000000           0.0000000000000000
          0.0000000000000000           0.0000000000000000           0.0000000000000000
          0.0000000000000000           0.0000000000000000           0.0000000000000000
          0.0000000000000000           0.0000000000000000           0.0000000000000000
          0.0000000000000000           0.0000000000000000           0.0000000000000000
          0.0000000000000000           0.0000000000000000           0.0000000000000000
          0.0000000000000000           0.0000000000000000           0.0000000000000000
          0.0121467664965276           0.0032610020533714           0.0033149780952972
          0.0007091144812276          -0.0020690020572956           0.0019144508753034
          0.0037488242543205          -0.0009312065081266           0.0004846694706981
          0.0151024727052463          -0.0002264618922188           0.0023875430801646
          0.0276505519097937          -0.0049182457236137           0.0092174620196352
          0.0265729813498467          -0.0093256966135595           0.0131511976564900
          0.0064099126818398          -0.0030564579017758           0.0045361063411445
          0.0000954306773368          -0.0000458149016020           0.0000947830800531
          0.0017419598150593          -0.0286922112981269           0.0243563223912512
          0.0149639292528865          -0.0116653506881044          -0.0018376584623478
          0.0450704863373868          -0.0158034650412288           0.0263118709839045
          0.0582924557752135           0.0012233955687960           0.0001178901303051
         -0.0058100885875546          -0.0250191122283874           0.0172648690387773
          0.0294897109219904          -0.0010515515336091          -0.0072274126310400
          0.0277156298003203          -0.0195323152636544           0.0227194851530750
          0.0630154293098651           0.0044352454311232          -0.0017727965167425
          0.0506603206949735           0.0102879151086232          -0.0085375699556844
          0.0694099799034460           0.0081051219354144          -0.0013182227430622
          0.0623209323777222           0.0139678383106826          -0.0040243163236297
          0.0676309820030246           0.0084087739438931           0.0017438514947262
          0.0699997614442676          -0.0123163290665041           0.0171086143301758
          0.0336386482278278          -0.0237616134319023           0.0274113074971168
          0.0545733173882497           0.0099318741986221           0.0018290212162235
          0.0519513252489998           0.0053356984127062           0.0045033571106718
          0.0446887516368737          -0.0058038041813405           0.0105376955823783
          0.0131248456888661          -0.0100374699318383           0.0110518770093492
          0.0241205557888650           0.0027563469687039           0.0035046791115365
          0.0208255212677822           0.0013586918049537           0.0035616545476727
          0.0151966879877838          -0.0011296442939894           0.0037975141886347
          0.0022172446902387          -0.0016766258470309           0.0018257217473494
          0.0386960272974789          -0.0001635655253375           0.0021200238061120
         -0.0303430827635052          -0.0200152154677778           0.0091393081583417
          0.0403741987026053          -0.0086992426890126           0.0115341532488650
         -0.0286649113583795          -0.0285508926314524           0.0185534376010920
          0.0400526846044323           0.0017970874352606           0.0017506329493605
         -0.0282128734372135          -0.0148324193162582           0.0032680952545077
          0.0371128013515930          -0.0070960114085145           0.0100290020973094
         -0.0311527566900530          -0.0237255181600348           0.0115464644024546
         -0.0168119622811129          -0.0053299030901051          -0.0022421536845099
         -0.0249952117693080          -0.0132836531156515           0.0034938991577674
         -0.0020061517300422           0.0022992779865394          -0.0037941227897945
         -0.0126814063047584          -0.0032116476497886          -0.0011402291062067
         -0.0131101400018929          -0.0100799119118272           0.0034149607143507
          0.0054089900211027          -0.0002578531671139           0.0014751405186757
          0.0076487624489254           0.0044867012964412          -0.0020089580892433
         -0.0015739264094261           0.0018388230596617          -0.0017308476345346
         -0.0060851164750150          -0.0024105703400066           0.0000486096938628
          0.0014985063946402          -0.0010155073644150           0.0008797200423123
          0.0067289399958623           0.0019414622494102           0.0003870321022327
          0.0028482791119022           0.0014676108660095          -0.0001471398721949
         -0.0002773558561468           0.0004189898538340          -0.0002690266091448
          0.0000486199026366          -0.0002441060796204           0.0001256084480112
   0
          0.0000000000000000          -0.0000000000000001           0.0000000000000001
         -0.0000000000000000           0.0000000000000000          -0.0000000000000001
         -0.0000000000000000          -0.0000000000000001           0.0000000000000000
         -0.0000000000000000           0.0000000000000000          -0.0000000000000000
         -0.0000000000000000           0.0000000000000000          -0.0000000000000000
         -0.0000000000000000           0.0000000000000000           0.0000000000000000
         -0.0000000000000000          -0.0000000000000000           0.0000000000000000
         -0.0000000000000000          -0.0000000000000000           0.0000000000000000
          0.0000000000000000           0.0000000000000005           0.0000000000000005
         -0.0000000000000000           0.0000000000000000          -0.0000000000000012
         -0.0000000000000000           0.0000000000000001          -0.0000000000000003
         -0.0000000000000001           0.0000000000000001          -0.0000000000000000
          0.0000000000000001          -0.0000000000000003           0.0000000000000006
         -0.0000000000000000          -0.0000000000000000           0.0000000000000012
         -0.0000000000000000           0.0000000000000000           0.0000000000000000
          0.0000000000000000          -0.0000000000000002           0.0000000000000007
         -0.0000000000000000          -0.0000000000000001           0.0000000000000002
          0.0000000000000000          -0.0000000000000000          -0.0000000000000002
         -0.0000000000000000          -0.0000000000000000           0.0000000000000001
          0.0000000000000000           0.0000000000000000          -0.0000000000000001
          0.0000000000000000          -0.0000000000000000           0.0000000000000001
          0.0000000000000000          -0.0000000000000000          -0.0000000000000000
          0.0000000000000000           0.0000000000000000          -0.0000000000000000
         -0.0000000000000000          -0.0000000000000000          -0.0000000000000001
         -0.0000000000000000           0.0000000000000000          -0.0000000000000000
          0.0000000000000000           0.0000000000000000           0.0000000000000000
         -0.0000000000000000          -0.0000000000000000          -0.0000000000000000
         -0.0000000000000000           0.0000000000000000          -0.0000000000000000
         -0.0000000000000000           0.0000000000000000          -0.0000000000000000
          0.0000000000000000           0.0000000000000000           0.0000000000000000
          0.0000000000000000           0.0000000000000000           0.0000000000000000
          0.0000000000000000           0.0000000000000000           0.0000000000000000
          0.0000000000000000           0.0000000000000000           0.0000000000000000
          0.0000000000000000           0.0000000000000000           0.0000000000000000
          0.0000000000000000           0.0000000000000000           0.0000000000000000
          0.0000000000000000           0.0000000000000000           0.0000000000000000
          0.0000000000000000           0.0000000000000000           0.0000000000000000
          0.0000000000000000           0.0000000000000000           0.0000000000000000
         -0.0261861887348374          -0.0230035673786855           0.0155787360388309
          0.0345391332688102           0.0028247863855706          -0.0043194040743795
          0.0201460511950280          -0.0223762301967366           0.0241933896259486
          0.0808713731986757           0.0034521235675199           0.0042952495127422
         -0.0311824058484144          -0.0176681975746953           0.0073390208999247
          0.0430222170156331           0.0046328656936980          -0.0023202926960558
          0.0083061255912639          -0.0214814690920714           0.0184255688403186
          0.0825107484553114           0.0008195941763225           0.0087662552443412
          0.0501432305127882           0.0044533179134277           0.0018167767792708
          0.0775643494751028          -0.0036625151692818           0.0136502703239241
          0.0485550431587016           0.0018093866184935           0.0057678253979122
          0.0631037058087197          -0.0072265989509981           0.0152799753870512
          0.0768223826784703          -0.0206523826752012           0.0286536268683017
          0.0362111952714767          -0.0130041690415077           0.0210933285271843
          0.0365199832043273          -0.0008229709306249           0.0069159620111255
          0.0412357112644524          -0.0072931650581871           0.0122773168290427
          0.0431029791536651          -0.0144122775778774           0.0181583364690133
          0.0142404946252861          -0.0058935097283290           0.0092850435671862
          0.0143211209232310          -0.0010250088270283           0.0037099112431466
          0.0140616162675618          -0.0029987047735528           0.0048556394041149
          0.0122964587029586          -0.0045693126712400           0.0056257990145022
          0.0023741889984309          -0.0011924218580690           0.0017759472481637
          0.0000000000000000           0.0000000000000000           0.0000000000000000
          0.0000000000000000           0.0000000000000000           0.0000000000000000
          0.0000000000000000           0.0000000000000000           0.0000000000000000
          0.0000000000000000           0.0000000000000000           0.0000000000000000
          0.0000000000000000           0.0000000000000000           0.0000000000000000
          0.0000000000000000           0.0000000000000000           0.0000000000000000
          0.0000000000000000           0.0000000000000000           0.0000000000000000
          0.0000000000000000           0.0000000000000000           0.0000000000000000
          0.0000000000000000           0.0000000000000000           0.0000000000000000
          0.0000000000000000           0.0000000000000000           0.0000000000000000
          0.0000000000000000           0.0000000000000000           0.0000000000000000
          0.0000000000000000           0.0000000000000000           0.0000000000000000
          0.0000000000000000           0.0000000000000000           0.0000000000000000
          0.0000000000000000           0.0000000000000000           0.0000000000000000
          0.0000000000000000           0.0000000000000000           0.0000000000000000
          0.0000000000000000           0.0000000000000000           0.0000000000000000
          0.0000000000000000           0.0000000000000000           0.0000000000000000
          0.0000000000000000           0.0000000000000000           0.0000000000000000
          0.0000000000000000           0.0000000000000000           0.0000000000000000
          0.0000000000000000           0.0000000000000000           0.0000000000000000
          0.0000000000000000           0.0000000000000000           0.0000000000000000
          0.0000000000000000           0.0000000000000000           0.0000000000000000
