1  82   2   1   2   -6.470851   0.000000
  0 
./DATA/100/00/GA/G013/M023/
0
          4.5854371599679808
          3.1863863694916663
          2.2321187017008244
          1.3898055740348922
          0.6809131627121959
          0.2313525976201444
          0.0167306714561866
          0.0001016749656057
          2.0051542338068882
          5.4757610793500611
          0.8443000199081840
          4.3149068654513618
          1.4528014624384762
          3.9991233670203150
          0.5923225153281139
          3.1386444199099501
          2.3856394987378375
          1.8593576293163576
          1.2060879960887474
          0.9316842968340378
          0.5880115103087448
          0.1020944888982900
          0.4814426251173287
          0.3682024642098642
          0.2241946851517473
          0.0287246743760335
          0.0851998019958217
          0.0644290128420355
          0.0376005998466318
          0.0028016232236877
          5.9349495503255154
          4.0629039026172169
          2.7623529610641753
          1.6325133967244563
          0.7439115932771869
          0.2381282962253826
          0.0171251540029865
          0.0001138076550173
          7.2500911806244943
         18.7504229155234050
          2.8646835985027685
         14.3650153334017041
          5.2159844772807009
         13.4532699354760741
          2.0376215369781678
         10.2749069951735343
          7.7641817100456612
          5.9013375233950436
          3.7420877991993478
          2.8286204819363454
          1.7541714418445919
          0.2659382274144650
          1.4005546034905290
          1.0529420447918363
          0.6376231025224014
          0.0790697146702454
          0.2239823634702900
          0.1676261465094196
          0.0984420259402666
          0.0084565190772906
          3.1000058308801188
          9.9002512171938317
          1.1357240617190800
          7.9359694480327985
          2.1935954653845937
          7.1410317409937862
          0.7782645572713247
          5.7257008328805208
          4.1474921134926053
          3.3224657476679007
          2.0069565318657974
          1.6024526893328335
          1.0650719515999694
          0.1629538330109662
          0.7502734111048092
          0.5949736423292129
          0.3865541290188431
          0.0503173587649531
          0.1183969030318748
          0.0924958345524238
          0.0576949912959872
          0.0055628185096065
1
          4.5854371599679817
          3.1863863694916668
          2.2321187017008239
          1.3898055740348925
          0.6809131627121959
          0.2313525976201443
          0.0167306714561867
          0.0001016749656057
          2.0051542338068882
          5.4757610793500655
          0.8443000199081842
          4.3149068654513627
          1.4528014624384769
          3.9991233670203146
          0.5923225153281136
          3.1386444199099497
          2.3856394987378367
          1.8593576293163574
          1.2060879960887472
          0.9316842968340376
          0.5880115103087445
          0.1020944888982900
          0.4814426251173287
          0.3682024642098642
          0.2241946851517472
          0.0287246743760335
          0.0851998019958217
          0.0644290128420355
          0.0376005998466318
          0.0028016232236877
          5.9349495503255136
          4.0629039026172178
          2.7623529610641753
          1.6325133967244563
          0.7439115932771867
          0.2381282962253826
          0.0171251540029865
          0.0001138076550173
          7.2500911806244961
         18.7504229155234192
          2.8646835985027677
         14.3650153334017023
          5.2159844772806983
         13.4532699354760830
          2.0376215369781621
         10.2749069951735397
          7.7641817100456638
          5.9013375233950489
          3.7420877991993509
          2.8286204819363463
          1.7541714418445902
          0.2659382274144649
          1.4005546034905287
          1.0529420447918347
          0.6376231025224015
          0.0790697146702454
          0.2239823634702899
          0.1676261465094198
          0.0984420259402666
          0.0084565190772906
          3.1000058308801179
          9.9002512171938388
          1.1357240617190809
          7.9359694480327985
          2.1935954653845950
          7.1410317409937925
          0.7782645572713244
          5.7257008328805226
          4.1474921134926070
          3.3224657476679016
          2.0069565318657969
          1.6024526893328344
          1.0650719515999689
          0.1629538330109662
          0.7502734111048095
          0.5949736423292129
          0.3865541290188432
          0.0503173587649530
          0.1183969030318747
          0.0924958345524237
          0.0576949912959872
          0.0055628185096065
   0    2 -0.206651  0.361071  0.566547 
          0.0000000000000000           0.0000000000000000           0.0000000000000001
         -0.0000000000000000           0.0000000000000000           0.0000000000000001
          0.0000000000000000           0.0000000000000000           0.0000000000000000
          0.0000000000000000           0.0000000000000000           0.0000000000000000
         -0.0000000000000000          -0.0000000000000000           0.0000000000000000
         -0.0000000000000000           0.0000000000000000           0.0000000000000000
         -0.0000000000000000          -0.0000000000000000          -0.0000000000000000
         -0.0000000000000000           0.0000000000000000          -0.0000000000000000
         -0.0000000000000001           0.0000000000000000           0.0000000000000002
          0.0000000000000003           0.0000000000000005          -0.0000000000000001
         -0.0000000000000000           0.0000000000000000           0.0000000000000001
         -0.0000000000000007          -0.0000000000000002          -0.0000000000000004
         -0.0000000000000000           0.0000000000000001          -0.0000000000000001
          0.0000000000000003          -0.0000000000000001          -0.0000000000000001
         -0.0000000000000000          -0.0000000000000000           0.0000000000000000
          0.0000000000000002           0.0000000000000002           0.0000000000000002
         -0.0000000000000002          -0.0000000000000001          -0.0000000000000002
          0.0000000000000000           0.0000000000000001           0.0000000000000002
          0.0000000000000000           0.0000000000000001           0.0000000000000000
         -0.0000000000000001          -0.0000000000000000           0.0000000000000002
         -0.0000000000000000          -0.0000000000000001           0.0000000000000000
          0.0000000000000000           0.0000000000000000           0.0000000000000000
          0.0000000000000000           0.0000000000000000           0.0000000000000001
          0.0000000000000000           0.0000000000000000           0.0000000000000000
          0.0000000000000000           0.0000000000000000           0.0000000000000001
         -0.0000000000000000           0.0000000000000000          -0.0000000000000000
         -0.0000000000000000          -0.0000000000000000          -0.0000000000000000
         -0.0000000000000000           0.0000000000000000           0.0000000000000000
         -0.0000000000000000           0.0000000000000000          -0.0000000000000000
          0.0000000000000000          -0.0000000000000000           0.0000000000000000
          0.0054851193578492           0.0374471904682781           0.0551531096469570
          0.0215523443641422          -0.0029486663490573           0.0010169245915398
          0.0436914905439355          -0.0267531728869232          -0.0256202063519772
          0.0673457457022459          -0.0437930317827128          -0.0429092911030557
          0.0746996907726273          -0.0520064335978181          -0.0543412311111360
          0.0502801949147642          -0.0428299343736222          -0.0503114584358513
          0.0080791556154372          -0.0099841727705587          -0.0143550266059369
          0.0000948286048888          -0.0001562004040663          -0.0003112195118307
          0.1536494107148650          -0.1120023347901683          -0.1267479151950180
          0.1108777310088122          -0.0157245207565178           0.0162349406418474
          0.1290470623748705          -0.0811575102156115          -0.0845000395367194
          0.0862753826688165           0.0151203038180378           0.0584828163001469
          0.1349292865361971          -0.1023967902224605          -0.1177072379920451
          0.1377955112494415          -0.0598678208311439          -0.0357822279434642
          0.1013551259368274          -0.0671431802941979          -0.0742382322481809
          0.1042213506500733          -0.0246142109028810           0.0076867778004002
          0.1589086996246930          -0.0874063634184013          -0.0673406695868918
          0.1193600066816984          -0.0515244649070794          -0.0268936741169662
          0.1523331051011906          -0.0830301262876380          -0.0647609761584488
          0.1154376616682425          -0.0525027816488079          -0.0321408983200816
          0.0520817532763781          -0.0222414489165633          -0.0126122163961249
         -0.0366272780914299           0.0039322521955210          -0.0102847884085834
          0.1137960916345320          -0.0576593262085038          -0.0433434355558051
          0.0874896016170690          -0.0369593552724937          -0.0218853555883572
          0.0455220928338694          -0.0165158359214525          -0.0072731178172840
         -0.0127850287222376          -0.0007041178291179          -0.0056122682840526
          0.0445000850349904          -0.0210595080405646          -0.0148111157268230
          0.0347843920315078          -0.0135328143764420          -0.0073332464898657
          0.0198965873528416          -0.0058478068895760          -0.0014360270269788
         -0.0013107490084793          -0.0004460858682582          -0.0008261357637467
          0.2170123498076493          -0.1266655994680840          -0.1101496111858471
          0.0475147919160278          -0.0010612560786024          -0.0003633633673201
          0.0946087137167181          -0.0659068074634694          -0.0690391919300789
         -0.0748888441749034           0.0596975359260137           0.0407470558884484
          0.1981641585589367          -0.1155259797514063          -0.0999953576624206
          0.0745606392267033          -0.0467386313022005          -0.0534941082730892
          0.0840818997282190          -0.0566248205158687          -0.0579749414443307
         -0.0395216196040136           0.0121625279333376          -0.0114736920550004
          0.1002946995449955          -0.0773199711102866          -0.0855768720287294
          0.0033713578411036          -0.0259873356743812          -0.0473788116374109
          0.1048645735912076          -0.0765940832627452          -0.0811932502171917
          0.0322788698265225          -0.0377299239435858          -0.0514825249137239
         -0.0207246480076401          -0.0054583614301332          -0.0219345954936178
          0.0150887302786933          -0.0045879167418488           0.0031966481376359
          0.0830785993266306          -0.0545655679957849          -0.0549944769310706
          0.0385874550250089          -0.0304620229348033          -0.0362481558626263
         -0.0000966301702372          -0.0084880596911894          -0.0173210068577277
          0.0032374061526351          -0.0026529805989026          -0.0009739706402158
          0.0346052598881658          -0.0204696940121862          -0.0187934464030821
          0.0201898857262676          -0.0123743977532960          -0.0125115888967958
          0.0056544410352255          -0.0042558109258288          -0.0059787893780880
         -0.0000998524079908          -0.0004249104101987          -0.0005722582635419
   1
          0.0000000000000000           0.0000000000000000           0.0000000000000000
          0.0000000000000000           0.0000000000000000           0.0000000000000000
          0.0000000000000000           0.0000000000000000           0.0000000000000000
          0.0000000000000000           0.0000000000000000           0.0000000000000000
          0.0000000000000000           0.0000000000000000           0.0000000000000000
          0.0000000000000000           0.0000000000000000           0.0000000000000000
          0.0000000000000000           0.0000000000000000           0.0000000000000000
          0.0000000000000000           0.0000000000000000           0.0000000000000000
          0.0000000000000000           0.0000000000000000           0.0000000000000000
          0.0000000000000000           0.0000000000000000           0.0000000000000000
          0.0000000000000000           0.0000000000000000           0.0000000000000000
          0.0000000000000000           0.0000000000000000           0.0000000000000000
          0.0000000000000000           0.0000000000000000           0.0000000000000000
          0.0000000000000000           0.0000000000000000           0.0000000000000000
          0.0000000000000000           0.0000000000000000           0.0000000000000000
          0.0000000000000000           0.0000000000000000           0.0000000000000000
          0.0000000000000000           0.0000000000000000           0.0000000000000000
          0.0000000000000000           0.0000000000000000           0.0000000000000000
          0.0000000000000000           0.0000000000000000           0.0000000000000000
          0.0000000000000000           0.0000000000000000           0.0000000000000000
          0.0000000000000000           0.0000000000000000           0.0000000000000000
          0.0000000000000000           0.0000000000000000           0.0000000000000000
          0.0000000000000000           0.0000000000000000           0.0000000000000000
          0.0000000000000000           0.0000000000000000           0.0000000000000000
          0.0000000000000000           0.0000000000000000           0.0000000000000000
          0.0000000000000000           0.0000000000000000           0.0000000000000000
          0.0000000000000000           0.0000000000000000           0.0000000000000000
          0.0000000000000000           0.0000000000000000           0.0000000000000000
          0.0000000000000000           0.0000000000000000           0.0000000000000000
          0.0000000000000000           0.0000000000000000           0.0000000000000000
          0.0054851193578492           0.0374471904682781           0.0551531096469568
          0.0215523443641424          -0.0029486663490574           0.0010169245915397
          0.0436914905439355          -0.0267531728869232          -0.0256202063519770
          0.0673457457022460          -0.0437930317827129          -0.0429092911030557
          0.0746996907726274          -0.0520064335978181          -0.0543412311111359
          0.0502801949147642          -0.0428299343736223          -0.0503114584358513
          0.0080791556154372          -0.0099841727705587          -0.0143550266059369
          0.0000948286048888          -0.0001562004040663          -0.0003112195118307
          0.0278867247574177          -0.0018870571666920          -0.0126072857594727
          0.5011675586899363          -0.2535666539266764          -0.2084186633468607
          0.0799577577789013          -0.0282816399391234          -0.0268226740219429
          0.5532385917114208          -0.2799612366991102          -0.2226340516093308
          0.0382359204591034          -0.0344611546266463          -0.0523645461358581
          0.5072136751121782          -0.2900680674805631          -0.2546143857351615
          0.0544282621932611          -0.0363734087950907          -0.0461303561469277
          0.5234060168463374          -0.2919803216490076          -0.2483801957462306
          0.4776176740737401          -0.2883041273416991          -0.2589459436081396
          0.4560612711415966          -0.2698703719686499          -0.2381041008985932
          0.3934832274456940          -0.2358004611787384          -0.2106787774511716
          0.3523061037189099          -0.2104457968403416          -0.1869661377846520
          0.2605037056223251          -0.1768242888293622          -0.1769288962600707
          0.0217497393193712          -0.0524712517593456          -0.0873789132197908
          0.2626990483804927          -0.1530342331883232          -0.1341308847340617
          0.2236815042564049          -0.1317036780082445          -0.1156621556426909
          0.1534243830579589          -0.1025493725425200          -0.1008863052856361
          0.0080034644479723          -0.0221725294881648          -0.0385568288484580
          0.0933560800018897          -0.0534108560325027          -0.0445767372990744
          0.0759661836604299          -0.0441926708226444          -0.0371072382241706
          0.0486436433317750          -0.0311758139266186          -0.0288448694816646
          0.0018170772771451          -0.0040281470201989          -0.0072239046703322
          0.2170123498076487          -0.1266655994680844          -0.1101496111858476
          0.0475147919160266          -0.0010612560786031          -0.0003633633673223
          0.0946087137167183          -0.0659068074634701          -0.0690391919300786
         -0.0748888441749051           0.0596975359260141           0.0407470558884462
          0.1981641585589366          -0.1155259797514053          -0.0999953576624197
          0.0745606392267029          -0.0467386313021986          -0.0534941082730900
          0.0840818997282194          -0.0566248205158690          -0.0579749414443307
         -0.0395216196040132           0.0121625279333353          -0.0114736920549982
          0.1002946995449950          -0.0773199711102849          -0.0855768720287302
          0.0033713578411032          -0.0259873356743822          -0.0473788116374124
          0.1048645735912080          -0.0765940832627446          -0.0811932502171920
          0.0322788698265220          -0.0377299239435852          -0.0514825249137246
         -0.0207246480076402          -0.0054583614301332          -0.0219345954936179
          0.0150887302786932          -0.0045879167418487           0.0031966481376360
          0.0830785993266308          -0.0545655679957852          -0.0549944769310702
          0.0385874550250089          -0.0304620229348032          -0.0362481558626263
         -0.0000966301702372          -0.0084880596911895          -0.0173210068577279
          0.0032374061526351          -0.0026529805989025          -0.0009739706402158
          0.0346052598881658          -0.0204696940121861          -0.0187934464030821
          0.0201898857262676          -0.0123743977532960          -0.0125115888967958
          0.0056544410352255          -0.0042558109258288          -0.0059787893780880
         -0.0000998524079908          -0.0004249104101987          -0.0005722582635419
   0
         -0.0000000000000000           0.0000000000000000          -0.0000000000000001
          0.0000000000000000          -0.0000000000000000          -0.0000000000000001
          0.0000000000000000           0.0000000000000000          -0.0000000000000000
         -0.0000000000000000           0.0000000000000000          -0.0000000000000000
          0.0000000000000000           0.0000000000000000          -0.0000000000000000
          0.0000000000000000           0.0000000000000000          -0.0000000000000000
          0.0000000000000000           0.0000000000000000           0.0000000000000000
          0.0000000000000000           0.0000000000000000           0.0000000000000000
          0.0000000000000019          -0.0000000000000005           0.0000000000000018
         -0.0000000000000007          -0.0000000000000002           0.0000000000000026
         -0.0000000000000004           0.0000000000000002           0.0000000000000002
         -0.0000000000000008          -0.0000000000000002          -0.0000000000000027
          0.0000000000000005          -0.0000000000000001          -0.0000000000000006
         -0.0000000000000002           0.0000000000000003           0.0000000000000019
         -0.0000000000000000          -0.0000000000000004           0.0000000000000001
          0.0000000000000008          -0.0000000000000001          -0.0000000000000001
          0.0000000000000005          -0.0000000000000001          -0.0000000000000007
          0.0000000000000001          -0.0000000000000003           0.0000000000000000
          0.0000000000000005          -0.0000000000000001           0.0000000000000002
         -0.0000000000000000           0.0000000000000002           0.0000000000000004
         -0.0000000000000001          -0.0000000000000002          -0.0000000000000002
         -0.0000000000000000          -0.0000000000000000          -0.0000000000000000
          0.0000000000000001           0.0000000000000000           0.0000000000000000
          0.0000000000000000           0.0000000000000001           0.0000000000000000
         -0.0000000000000000          -0.0000000000000000           0.0000000000000002
         -0.0000000000000000           0.0000000000000000           0.0000000000000000
          0.0000000000000000           0.0000000000000000          -0.0000000000000001
         -0.0000000000000001          -0.0000000000000000           0.0000000000000001
          0.0000000000000000          -0.0000000000000000           0.0000000000000000
          0.0000000000000000           0.0000000000000000          -0.0000000000000000
          0.0000000000000000           0.0000000000000000           0.0000000000000000
          0.0000000000000000           0.0000000000000000           0.0000000000000000
          0.0000000000000000           0.0000000000000000           0.0000000000000000
          0.0000000000000000           0.0000000000000000           0.0000000000000000
          0.0000000000000000           0.0000000000000000           0.0000000000000000
          0.0000000000000000           0.0000000000000000           0.0000000000000000
          0.0000000000000000           0.0000000000000000           0.0000000000000000
          0.0000000000000000           0.0000000000000000           0.0000000000000000
         -0.1257626859574469           0.1101152776234748           0.1141406294355455
          0.3902898276811271          -0.2378421331701603          -0.2246536039887100
         -0.0490893045959690           0.0528758702764880           0.0576773655147775
          0.4669632090426047          -0.2950815405171489          -0.2811168679094791
         -0.0966933660770961           0.0679356355958138           0.0653426918561877
          0.3694181638627366          -0.2302002466494197          -0.2188321577917007
         -0.0469268637435666           0.0307697714991068           0.0281078761012545
          0.4191846661962649          -0.2673661107461250          -0.2560669735466297
          0.3187089744490449          -0.2008977639232983          -0.1916052740212471
          0.3367012644598966          -0.2183459070615703          -0.2112104267816293
          0.2411501223445053          -0.1527703348911001          -0.1459178012927221
          0.2368684420506668          -0.1579430151915336          -0.1548252394645705
          0.2084219523459475          -0.1545828399127992          -0.1643166798639456
          0.0583770174108011          -0.0564035039548666          -0.0770941248112072
          0.1489029567459610          -0.0953749069798192          -0.0907874491782562
          0.1361919026393362          -0.0947443227357510          -0.0937768000543335
          0.1079022902240894          -0.0860335366210674          -0.0936131874683521
          0.0207884931702099          -0.0214684116590468          -0.0329445605644054
          0.0488559949668992          -0.0323513479919382          -0.0297656215722513
          0.0411817916289220          -0.0306598564462024          -0.0297739917343048
          0.0287470559789333          -0.0253280070370426          -0.0274088424546858
          0.0031278262856245          -0.0035820611519406          -0.0063977689065855
          0.0000000000000000           0.0000000000000000           0.0000000000000000
          0.0000000000000000           0.0000000000000000           0.0000000000000000
          0.0000000000000000           0.0000000000000000           0.0000000000000000
          0.0000000000000000           0.0000000000000000           0.0000000000000000
          0.0000000000000000           0.0000000000000000           0.0000000000000000
          0.0000000000000000           0.0000000000000000           0.0000000000000000
          0.0000000000000000           0.0000000000000000           0.0000000000000000
          0.0000000000000000           0.0000000000000000           0.0000000000000000
          0.0000000000000000           0.0000000000000000           0.0000000000000000
          0.0000000000000000           0.0000000000000000           0.0000000000000000
          0.0000000000000000           0.0000000000000000           0.0000000000000000
          0.0000000000000000           0.0000000000000000           0.0000000000000000
          0.0000000000000000           0.0000000000000000           0.0000000000000000
          0.0000000000000000           0.0000000000000000           0.0000000000000000
          0.0000000000000000           0.0000000000000000           0.0000000000000000
          0.0000000000000000           0.0000000000000000           0.0000000000000000
          0.0000000000000000           0.0000000000000000           0.0000000000000000
          0.0000000000000000           0.0000000000000000           0.0000000000000000
          0.0000000000000000           0.0000000000000000           0.0000000000000000
          0.0000000000000000           0.0000000000000000           0.0000000000000000
          0.0000000000000000           0.0000000000000000           0.0000000000000000
          0.0000000000000000           0.0000000000000000           0.0000000000000000
