1  82   2   1   2   -6.507971   0.000000
  0 
./DATA/100/00/GA/G016/M026/
0
          4.4109405687448682
          3.1015804248420702
          2.1962427650339800
          1.3822360926080837
          0.6815891390131436
          0.2301490925803113
          0.0157057139244737
          0.0000753199197274
          1.9468755813745402
          5.3261289578284021
          0.8204860195781017
          4.1997393960319656
          1.4215012336887578
          3.9234351067793796
          0.5773606458447105
          3.0792945189353316
          2.3698163988182142
          1.8455302702358207
          1.2146840511815338
          0.9369127190492316
          0.5864114092567564
          0.0962422615692048
          0.4923915666602345
          0.3758636266769043
          0.2265678119905863
          0.0265833022763804
          0.0893229732686763
          0.0674283219787238
          0.0389534884060986
          0.0025049414895915
          5.6822223585996987
          3.8477962426903556
          2.5794582433582143
          1.4899816090650542
          0.6543947842663124
          0.1994681881835564
          0.0132211152461334
          0.0000788457756437
          6.7155709541670552
         16.6330295008203386
          2.6560550572369412
         12.5735136038902375
          4.8081511913254138
         11.8645808039194982
          1.8842932992482091
          8.9407229118422986
          6.7696668846546011
          5.0775097414844002
          3.2030839346993947
          2.3903324845536256
          1.4529042061656714
          0.2096522085773009
          1.1630549286370782
          0.8639446143541671
          0.5138707631375335
          0.0615906889317822
          0.1736452382143540
          0.1285520327943915
          0.0743684207790008
          0.0063818112117378
          2.5558809637266191
          9.1184192637670822
          0.8626161277849155
          7.4251544278253752
          1.7946933975290293
          6.5416726000934258
          0.5833007893259492
          5.3302799918903503
          3.7574554346241040
          3.0604648996612740
          1.7845844531207777
          1.4495525548577071
          0.9843073515152084
          0.1498555621599954
          0.6466654448274153
          0.5219575637701384
          0.3473642513435470
          0.0455014283595587
          0.0951040407962730
          0.0756811912078962
          0.0485456255784924
          0.0047867425609412
1
          4.4109405687448682
          3.1015804248420702
          2.1962427650339804
          1.3822360926080837
          0.6815891390131436
          0.2301490925803114
          0.0157057139244737
          0.0000753199197274
          1.9468755813745395
          5.3261289578284030
          0.8204860195781020
          4.1997393960319647
          1.4215012336887580
          3.9234351067793800
          0.5773606458447104
          3.0792945189353320
          2.3698163988182142
          1.8455302702358209
          1.2146840511815344
          0.9369127190492316
          0.5864114092567559
          0.0962422615692048
          0.4923915666602346
          0.3758636266769042
          0.2265678119905863
          0.0265833022763804
          0.0893229732686763
          0.0674283219787239
          0.0389534884060986
          0.0025049414895915
          5.6822223585997023
          3.8477962426903569
          2.5794582433582147
          1.4899816090650539
          0.6543947842663125
          0.1994681881835565
          0.0132211152461334
          0.0000788457756437
          6.7155709541670499
         16.6330295008203599
          2.6560550572369412
         12.5735136038902322
          4.8081511913254129
         11.8645808039194982
          1.8842932992482084
          8.9407229118422986
          6.7696668846546038
          5.0775097414844010
          3.2030839346993969
          2.3903324845536225
          1.4529042061656703
          0.2096522085773008
          1.1630549286370790
          0.8639446143541679
          0.5138707631375335
          0.0615906889317823
          0.1736452382143541
          0.1285520327943914
          0.0743684207790008
          0.0063818112117378
          2.5558809637266200
          9.1184192637670822
          0.8626161277849155
          7.4251544278253778
          1.7946933975290296
          6.5416726000934311
          0.5833007893259485
          5.3302799918903467
          3.7574554346241058
          3.0604648996612731
          1.7845844531207791
          1.4495525548577071
          0.9843073515152093
          0.1498555621599955
          0.6466654448274152
          0.5219575637701386
          0.3473642513435470
          0.0455014283595586
          0.0951040407962730
          0.0756811912078963
          0.0485456255784924
          0.0047867425609412
   0    2 -0.113890 -0.052558 -0.168015 
         -0.0000000000000000           0.0000000000000000           0.0000000000000000
         -0.0000000000000000          -0.0000000000000002           0.0000000000000001
          0.0000000000000000           0.0000000000000001           0.0000000000000000
         -0.0000000000000000          -0.0000000000000001           0.0000000000000000
          0.0000000000000000           0.0000000000000001           0.0000000000000000
          0.0000000000000000           0.0000000000000000          -0.0000000000000000
         -0.0000000000000000          -0.0000000000000000           0.0000000000000000
         -0.0000000000000000          -0.0000000000000000          -0.0000000000000000
         -0.0000000000000001          -0.0000000000000006           0.0000000000000001
          0.0000000000000005          -0.0000000000000003          -0.0000000000000001
         -0.0000000000000001           0.0000000000000001          -0.0000000000000001
         -0.0000000000000004           0.0000000000000003           0.0000000000000004
          0.0000000000000000          -0.0000000000000001          -0.0000000000000000
         -0.0000000000000002          -0.0000000000000000          -0.0000000000000001
          0.0000000000000001           0.0000000000000000           0.0000000000000000
          0.0000000000000002          -0.0000000000000001           0.0000000000000003
         -0.0000000000000003           0.0000000000000001           0.0000000000000001
         -0.0000000000000001          -0.0000000000000000           0.0000000000000001
         -0.0000000000000001           0.0000000000000002          -0.0000000000000002
          0.0000000000000002          -0.0000000000000000          -0.0000000000000000
          0.0000000000000001          -0.0000000000000000           0.0000000000000000
          0.0000000000000000          -0.0000000000000000           0.0000000000000000
         -0.0000000000000000           0.0000000000000001           0.0000000000000000
         -0.0000000000000000          -0.0000000000000000           0.0000000000000000
         -0.0000000000000000           0.0000000000000000          -0.0000000000000000
         -0.0000000000000000           0.0000000000000000           0.0000000000000000
         -0.0000000000000000           0.0000000000000000          -0.0000000000000000
         -0.0000000000000000           0.0000000000000000          -0.0000000000000000
         -0.0000000000000000          -0.0000000000000000          -0.0000000000000000
          0.0000000000000000           0.0000000000000000          -0.0000000000000000
         -0.0269065218101221           0.0048606103637357          -0.0200508212553387
         -0.0055790247835077           0.0011212862732636          -0.0055087133141466
          0.0003277959242722          -0.0000718691214104          -0.0011483486337995
          0.0011659748198495          -0.0004267925242745          -0.0004205346888254
          0.0040691356880902          -0.0002197766530395           0.0010973944283858
          0.0083389453728635           0.0007116957614004           0.0048951628736446
          0.0029845831244767           0.0009280676088572           0.0032377096157374
          0.0000363223984681           0.0000481870435146           0.0001164725783240
          0.0202659409851229          -0.0018104836669202           0.0031461455569529
         -0.0314853185630697           0.0030195188795872          -0.0294403287326186
          0.0099400749964741          -0.0047316724794026          -0.0068385481678905
         -0.0418111845517199           0.0000983300671068          -0.0394250224574615
          0.0189448710178965          -0.0006167489873871           0.0058584218563910
         -0.0156926797976977          -0.0005374309206240          -0.0177244215428746
          0.0103157513178607          -0.0028745571493889          -0.0027835853982738
         -0.0243217994977322          -0.0027952390826248          -0.0263664287975379
         -0.0082364803928040          -0.0030366026130376          -0.0114892101945555
         -0.0141665155151248          -0.0045763220682159          -0.0178420771113472
         -0.0088541163413864          -0.0038030273559883          -0.0111819406699989
         -0.0124399435882916          -0.0046891662222210          -0.0150880673877992
         -0.0066087165629869          -0.0022353146014443          -0.0074648895628328
          0.0108630585132383           0.0032643862348650           0.0117354643488165
         -0.0088108841268507          -0.0034671017187654          -0.0108360822254652
         -0.0109225595348776          -0.0037394662708594          -0.0126258999137113
         -0.0077422169630802          -0.0021265917398290          -0.0077285635912885
          0.0046296535257962           0.0009647384363967           0.0048194101017794
         -0.0034603183004289          -0.0019019745597313          -0.0057846524844809
         -0.0044268945818374          -0.0017393194320335          -0.0059833471606115
         -0.0039255869332515          -0.0010253005294409          -0.0041662754587835
          0.0004978612734691           0.0000798685508372           0.0006336355646398
         -0.0079877256599566          -0.0034500904625069          -0.0118992552779937
         -0.0032316519179898           0.0046591256751746          -0.0143949278976722
          0.0006284723903818           0.0009631597819943           0.0008569121194276
          0.0053845461323487           0.0090723759196758          -0.0016387605002497
         -0.0077399933890002          -0.0034043181396332          -0.0107562030781507
          0.0109921846092013           0.0022501382316229          -0.0011097966083332
         -0.0005570368695016           0.0003109837439108          -0.0004055451020644
          0.0181751411287013           0.0059654401151669           0.0092408613677537
          0.0144484467160131           0.0012393908961467           0.0065213174717363
          0.0201803435866140           0.0040068480969111           0.0143583250040045
          0.0079001750846889           0.0010456934877840           0.0057098158779979
          0.0120107710128280           0.0029875907829581           0.0114098705334955
          0.0126330377042416           0.0034652565514298           0.0126256806668024
         -0.0011464098301690          -0.0028332128796147          -0.0068975770103769
          0.0012141108865685           0.0003339523013944           0.0013589177759813
          0.0033897559337749           0.0016284583489012           0.0050396416006214
          0.0046986059058142           0.0023683795144395           0.0071900648147821
          0.0008906340211156          -0.0007338513338163          -0.0011847816021141
         -0.0003994422074569          -0.0006369504294768          -0.0016151508313718
         -0.0000866069691091          -0.0000484812242989          -0.0002124022991707
          0.0002109862784953           0.0004958751812995           0.0011099310694931
          0.0002283224577916           0.0000503534800428           0.0002300822306169
   1
          0.0000000000000000           0.0000000000000000           0.0000000000000000
          0.0000000000000000           0.0000000000000000           0.0000000000000000
          0.0000000000000000           0.0000000000000000           0.0000000000000000
          0.0000000000000000           0.0000000000000000           0.0000000000000000
          0.0000000000000000           0.0000000000000000           0.0000000000000000
          0.0000000000000000           0.0000000000000000           0.0000000000000000
          0.0000000000000000           0.0000000000000000           0.0000000000000000
          0.0000000000000000           0.0000000000000000           0.0000000000000000
          0.0000000000000000           0.0000000000000000           0.0000000000000000
          0.0000000000000000           0.0000000000000000           0.0000000000000000
          0.0000000000000000           0.0000000000000000           0.0000000000000000
          0.0000000000000000           0.0000000000000000           0.0000000000000000
          0.0000000000000000           0.0000000000000000           0.0000000000000000
          0.0000000000000000           0.0000000000000000           0.0000000000000000
          0.0000000000000000           0.0000000000000000           0.0000000000000000
          0.0000000000000000           0.0000000000000000           0.0000000000000000
          0.0000000000000000           0.0000000000000000           0.0000000000000000
          0.0000000000000000           0.0000000000000000           0.0000000000000000
          0.0000000000000000           0.0000000000000000           0.0000000000000000
          0.0000000000000000           0.0000000000000000           0.0000000000000000
          0.0000000000000000           0.0000000000000000           0.0000000000000000
          0.0000000000000000           0.0000000000000000           0.0000000000000000
          0.0000000000000000           0.0000000000000000           0.0000000000000000
          0.0000000000000000           0.0000000000000000           0.0000000000000000
          0.0000000000000000           0.0000000000000000           0.0000000000000000
          0.0000000000000000           0.0000000000000000           0.0000000000000000
          0.0000000000000000           0.0000000000000000           0.0000000000000000
          0.0000000000000000           0.0000000000000000           0.0000000000000000
          0.0000000000000000           0.0000000000000000           0.0000000000000000
          0.0000000000000000           0.0000000000000000           0.0000000000000000
         -0.0269065218101222           0.0048606103637358          -0.0200508212553387
         -0.0055790247835076           0.0011212862732636          -0.0055087133141466
          0.0003277959242722          -0.0000718691214105          -0.0011483486337997
          0.0011659748198495          -0.0004267925242745          -0.0004205346888255
          0.0040691356880902          -0.0002197766530395           0.0010973944283857
          0.0083389453728635           0.0007116957614004           0.0048951628736446
          0.0029845831244768           0.0009280676088572           0.0032377096157373
          0.0000363223984681           0.0000481870435146           0.0001164725783240
          0.0036370991225187           0.0061268003176618          -0.0067452404253953
         -0.0260758542784167          -0.0037087298923293          -0.0458431259259369
         -0.0047638506797620           0.0025434585217530          -0.0124486928196588
         -0.0344768040806965          -0.0072920716882380          -0.0515465783202002
          0.0171065878352562           0.0039476398747125           0.0054055489175477
         -0.0106022053948571          -0.0062559996907339          -0.0291375482905164
          0.0095886244737400           0.0017034993425951          -0.0005190109809424
         -0.0181201687563721          -0.0085001402228529          -0.0350621081890080
         -0.0057569703898584          -0.0067134934016096          -0.0181993123978617
         -0.0089883003518945          -0.0078125671131973          -0.0219170267745575
         -0.0083208528784061          -0.0057644447381127          -0.0149632690758220
         -0.0072060144013513          -0.0060681530149898          -0.0154579617297268
          0.0090512554816746          -0.0018979437250999          -0.0001942687398892
          0.0246963125906266           0.0058760142357171           0.0219209920695331
         -0.0080285993634640          -0.0048223814284146          -0.0132676971324436
         -0.0055422285868962          -0.0045054836675065          -0.0116149258245950
          0.0038852036093083          -0.0015290945001227          -0.0013186393239759
          0.0102037376502885           0.0028839924347249           0.0105500103932749
         -0.0019055289069850          -0.0030729254197128          -0.0074259689384444
         -0.0011067046855420          -0.0025337163284681          -0.0058799156401014
          0.0007710990554434          -0.0011362597762535          -0.0020345919887027
          0.0014834209748202           0.0006551255382985           0.0021029829497908
         -0.0079877256599568          -0.0034500904625061          -0.0118992552779937
         -0.0032316519179913           0.0046591256751757          -0.0143949278976706
          0.0006284723903818           0.0009631597819946           0.0008569121194276
          0.0053845461323465           0.0090723759196733          -0.0016387605002498
         -0.0077399933890010          -0.0034043181396325          -0.0107562030781505
          0.0109921846092004           0.0022501382316216          -0.0011097966083334
         -0.0005570368695013           0.0003109837439107          -0.0004055451020643
          0.0181751411287018           0.0059654401151652           0.0092408613677550
          0.0144484467160140           0.0012393908961479           0.0065213174717360
          0.0201803435866150           0.0040068480969112           0.0143583250040043
          0.0079001750846885           0.0010456934877839           0.0057098158779977
          0.0120107710128282           0.0029875907829576           0.0114098705334952
          0.0126330377042416           0.0034652565514300           0.0126256806668022
         -0.0011464098301689          -0.0028332128796147          -0.0068975770103769
          0.0012141108865686           0.0003339523013945           0.0013589177759812
          0.0033897559337750           0.0016284583489012           0.0050396416006214
          0.0046986059058142           0.0023683795144394           0.0071900648147820
          0.0008906340211157          -0.0007338513338162          -0.0011847816021141
         -0.0003994422074569          -0.0006369504294767          -0.0016151508313718
         -0.0000866069691091          -0.0000484812242989          -0.0002124022991708
          0.0002109862784953           0.0004958751812994           0.0011099310694931
          0.0002283224577916           0.0000503534800428           0.0002300822306169
   0
          0.0000000000000000          -0.0000000000000000           0.0000000000000000
          0.0000000000000000           0.0000000000000002          -0.0000000000000001
         -0.0000000000000000          -0.0000000000000001           0.0000000000000000
          0.0000000000000000           0.0000000000000001          -0.0000000000000000
          0.0000000000000000          -0.0000000000000001           0.0000000000000000
         -0.0000000000000000          -0.0000000000000000           0.0000000000000000
          0.0000000000000000           0.0000000000000000          -0.0000000000000000
          0.0000000000000000           0.0000000000000000           0.0000000000000000
         -0.0000000000000000          -0.0000000000000011          -0.0000000000000006
          0.0000000000000011          -0.0000000000000009           0.0000000000000008
          0.0000000000000000           0.0000000000000004           0.0000000000000003
          0.0000000000000002          -0.0000000000000011           0.0000000000000000
         -0.0000000000000001           0.0000000000000001          -0.0000000000000003
          0.0000000000000000           0.0000000000000003           0.0000000000000005
         -0.0000000000000001           0.0000000000000004          -0.0000000000000001
         -0.0000000000000001           0.0000000000000015           0.0000000000000004
          0.0000000000000005          -0.0000000000000003          -0.0000000000000000
          0.0000000000000001          -0.0000000000000001          -0.0000000000000001
         -0.0000000000000001           0.0000000000000003          -0.0000000000000000
         -0.0000000000000001           0.0000000000000002           0.0000000000000001
         -0.0000000000000001          -0.0000000000000002          -0.0000000000000002
          0.0000000000000000          -0.0000000000000000           0.0000000000000000
         -0.0000000000000002           0.0000000000000000           0.0000000000000001
         -0.0000000000000000           0.0000000000000000          -0.0000000000000001
         -0.0000000000000002          -0.0000000000000000           0.0000000000000000
         -0.0000000000000000           0.0000000000000000          -0.0000000000000000
         -0.0000000000000000           0.0000000000000001          -0.0000000000000000
         -0.0000000000000000          -0.0000000000000000          -0.0000000000000000
          0.0000000000000000           0.0000000000000000          -0.0000000000000000
          0.0000000000000000           0.0000000000000000           0.0000000000000000
          0.0000000000000000           0.0000000000000000           0.0000000000000000
          0.0000000000000000           0.0000000000000000           0.0000000000000000
          0.0000000000000000           0.0000000000000000           0.0000000000000000
          0.0000000000000000           0.0000000000000000           0.0000000000000000
          0.0000000000000000           0.0000000000000000           0.0000000000000000
          0.0000000000000000           0.0000000000000000           0.0000000000000000
          0.0000000000000000           0.0000000000000000           0.0000000000000000
          0.0000000000000000           0.0000000000000000           0.0000000000000000
         -0.0166288418626059           0.0079372839845808          -0.0098913859823486
          0.0054094642846524          -0.0067282487719187          -0.0164027971933205
         -0.0147039256762366           0.0072751310011556          -0.0056101446517679
          0.0073343804710218          -0.0073904017553426          -0.0121215558627380
         -0.0018382831826411           0.0045643888621011          -0.0004528729388425
          0.0050904744028412          -0.0057185687701143          -0.0114131267476421
         -0.0007271268441208           0.0045780564919845           0.0022645744173318
          0.0062016307413607          -0.0057049011402280          -0.0086956793914685
          0.0024795100029484          -0.0036768907885727          -0.0067101022033069
          0.0051782151632321          -0.0032362450449800          -0.0040749496632100
          0.0005332634629801          -0.0019614173821246          -0.0037813284058227
          0.0052339291869396          -0.0013789867927686          -0.0003698943419272
          0.0156599720446616           0.0003373708763445           0.0072706208229435
          0.0138332540773883           0.0026116280008521           0.0101855277207165
          0.0007822847633867          -0.0013552797096491          -0.0024316149069781
          0.0053803309479815          -0.0007660173966469           0.0010109740891167
          0.0116274205723886           0.0005974972397062           0.0064099242673125
          0.0055740841244924           0.0019192539983282           0.0057306002914955
          0.0015547893934440          -0.0011709508599815          -0.0016413164539634
          0.0033201898962952          -0.0007943968964346           0.0001034315205102
          0.0046966859886948          -0.0001109592468127           0.0021316834700808
          0.0009855597013511           0.0005752569874614           0.0014693473851510
          0.0000000000000000           0.0000000000000000           0.0000000000000000
          0.0000000000000000           0.0000000000000000           0.0000000000000000
          0.0000000000000000           0.0000000000000000           0.0000000000000000
          0.0000000000000000           0.0000000000000000           0.0000000000000000
          0.0000000000000000           0.0000000000000000           0.0000000000000000
          0.0000000000000000           0.0000000000000000           0.0000000000000000
          0.0000000000000000           0.0000000000000000           0.0000000000000000
          0.0000000000000000           0.0000000000000000           0.0000000000000000
          0.0000000000000000           0.0000000000000000           0.0000000000000000
          0.0000000000000000           0.0000000000000000           0.0000000000000000
          0.0000000000000000           0.0000000000000000           0.0000000000000000
          0.0000000000000000           0.0000000000000000           0.0000000000000000
          0.0000000000000000           0.0000000000000000           0.0000000000000000
          0.0000000000000000           0.0000000000000000           0.0000000000000000
          0.0000000000000000           0.0000000000000000           0.0000000000000000
          0.0000000000000000           0.0000000000000000           0.0000000000000000
          0.0000000000000000           0.0000000000000000           0.0000000000000000
          0.0000000000000000           0.0000000000000000           0.0000000000000000
          0.0000000000000000           0.0000000000000000           0.0000000000000000
          0.0000000000000000           0.0000000000000000           0.0000000000000000
          0.0000000000000000           0.0000000000000000           0.0000000000000000
          0.0000000000000000           0.0000000000000000           0.0000000000000000
