1  82   2   1   2   -5.650946   0.000000
  0 
./DATA/100/00/GA/G001/M021/
0
          5.2872099144852056
          3.4891100977957401
          2.2894534438570684
          1.2932819511136286
          0.5534541589767727
          0.1626838933571745
          0.0101440659084825
          0.0000611470802720
          2.2292449578677740
          6.1967454773981778
          0.8332237711284493
          4.8007242906588559
          1.5045817197733173
          4.1956286028211878
          0.5550995082540846
          3.2461463913019566
          2.1949520750215870
          1.6936365371687707
          0.9292783617932006
          0.7139521666279741
          0.4496163269054684
          0.0726222736525622
          0.2950109389367587
          0.2252692465574876
          0.1383195496884496
          0.0184038751582372
          0.0359583288605453
          0.0272163861583430
          0.0161018888648100
          0.0014523738978808
          6.2932008377622957
          4.5207244724080793
          3.2518933693171590
          2.0900402629311459
          1.0861410408465684
          0.4229942460099360
          0.0495932938670938
          0.0009156255873539
          7.7541695636526393
         25.3276286484053479
          2.8655969162262345
         20.4390560009789226
          5.6442389568132176
         18.5398911044400414
          2.0490002188808893
         14.9446523665077411
         11.0481195467530569
          8.8862431312878538
          5.5431244104664437
          4.4442566078653556
          3.0494254258978839
          0.6552711412575208
          2.1806056152447661
          1.7410818143780977
          1.1768152214615231
          0.2232030454712744
          0.3782537745668302
          0.3002431007468565
          0.1985449091780677
          0.0304888449370049
          5.5433267555667305
         10.9975723504622707
          2.5660639129552716
          8.0203095078508113
          4.0521316054763821
          8.0399334251502506
          1.8563328837683937
          5.8441347034422613
          4.7855827939868840
          3.4598368030620414
          2.4006612369625855
          1.7237577278678540
          0.9908189571161164
          0.1222066833039349
          0.9453754720413520
          0.6732877303096443
          0.3769634250343793
          0.0387441147226797
          0.1643682037081537
          0.1157492123209580
          0.0624436075975581
          0.0047229876471264
1
          5.2872099144852056
          3.4891100977957401
          2.2894534438570684
          1.2932819511136289
          0.5534541589767727
          0.1626838933571745
          0.0101440659084825
          0.0000611470802720
          2.2292449578677735
          6.1967454773981787
          0.8332237711284496
          4.8007242906588568
          1.5045817197733171
          4.1956286028211869
          0.5550995082540846
          3.2461463913019561
          2.1949520750215874
          1.6936365371687707
          0.9292783617932006
          0.7139521666279740
          0.4496163269054684
          0.0726222736525622
          0.2950109389367588
          0.2252692465574876
          0.1383195496884496
          0.0184038751582372
          0.0359583288605453
          0.0272163861583430
          0.0161018888648100
          0.0014523738978808
          6.2932008377622939
          4.5207244724080811
          3.2518933693171594
          2.0900402629311445
          1.0861410408465688
          0.4229942460099358
          0.0495932938670938
          0.0009156255873539
          7.7541695636526509
         25.3276286484053514
          2.8655969162262322
         20.4390560009789333
          5.6442389568132230
         18.5398911044400556
          2.0490002188808911
         14.9446523665077411
         11.0481195467530480
          8.8862431312878556
          5.5431244104664392
          4.4442566078653556
          3.0494254258978906
          0.6552711412575214
          2.1806056152447670
          1.7410818143780988
          1.1768152214615235
          0.2232030454712746
          0.3782537745668302
          0.3002431007468565
          0.1985449091780679
          0.0304888449370049
          5.5433267555667287
         10.9975723504622600
          2.5660639129552711
          8.0203095078508131
          4.0521316054763856
          8.0399334251502541
          1.8563328837683952
          5.8441347034422648
          4.7855827939868867
          3.4598368030620432
          2.4006612369625842
          1.7237577278678522
          0.9908189571161163
          0.1222066833039349
          0.9453754720413521
          0.6732877303096443
          0.3769634250343791
          0.0387441147226797
          0.1643682037081536
          0.1157492123209580
          0.0624436075975581
          0.0047229876471264
   0    2  0.608110  0.074504  0.496563 
          0.0000000000000001           0.0000000000000000           0.0000000000000000
          0.0000000000000001          -0.0000000000000000          -0.0000000000000000
          0.0000000000000000           0.0000000000000000           0.0000000000000001
          0.0000000000000000          -0.0000000000000000          -0.0000000000000000
         -0.0000000000000000          -0.0000000000000000          -0.0000000000000000
          0.0000000000000000           0.0000000000000000           0.0000000000000000
         -0.0000000000000000          -0.0000000000000000           0.0000000000000000
          0.0000000000000000           0.0000000000000000           0.0000000000000000
         -0.0000000000000001          -0.0000000000000000           0.0000000000000002
         -0.0000000000000000          -0.0000000000000001          -0.0000000000000001
         -0.0000000000000000           0.0000000000000000          -0.0000000000000000
         -0.0000000000000002           0.0000000000000004           0.0000000000000007
         -0.0000000000000000          -0.0000000000000001          -0.0000000000000000
          0.0000000000000002           0.0000000000000000           0.0000000000000006
         -0.0000000000000000          -0.0000000000000000           0.0000000000000000
         -0.0000000000000001           0.0000000000000002           0.0000000000000001
         -0.0000000000000000           0.0000000000000002          -0.0000000000000000
         -0.0000000000000000          -0.0000000000000002          -0.0000000000000001
          0.0000000000000000          -0.0000000000000000          -0.0000000000000000
         -0.0000000000000000           0.0000000000000000          -0.0000000000000001
         -0.0000000000000000           0.0000000000000000          -0.0000000000000000
          0.0000000000000000           0.0000000000000000           0.0000000000000000
         -0.0000000000000001           0.0000000000000000           0.0000000000000000
          0.0000000000000000           0.0000000000000000          -0.0000000000000000
          0.0000000000000000           0.0000000000000000           0.0000000000000000
          0.0000000000000000          -0.0000000000000000          -0.0000000000000000
         -0.0000000000000000           0.0000000000000000          -0.0000000000000000
         -0.0000000000000000          -0.0000000000000000           0.0000000000000000
          0.0000000000000000          -0.0000000000000000           0.0000000000000000
         -0.0000000000000000          -0.0000000000000000           0.0000000000000000
          0.0386051497329466           0.0271848953703642           0.0219608256848694
          0.0134214016576269           0.0081682323735594           0.0060905427755482
          0.0029266122371952           0.0016734716900354           0.0007942484678315
         -0.0004215853610261           0.0016795318286557           0.0006144708862349
         -0.0007768655791243           0.0043757423994033          -0.0004677519611637
         -0.0051866526913508           0.0027826797627215          -0.0080049645183631
         -0.0080898689471029          -0.0010119824779003          -0.0085156659035126
         -0.0009194458255203          -0.0001001810337353          -0.0005088411237450
          0.0021755033258615           0.0049284513235635          -0.0021852825572698
          0.0710754797849578           0.0357989280518565           0.0281080950483592
          0.0011383434518988           0.0019373069147875           0.0067611111274834
          0.0700383199109953           0.0328077836430810           0.0370544887331132
         -0.0019873718268337           0.0034744445656375          -0.0045245603300500
          0.0363201806710930           0.0139308692664644           0.0126745056343247
         -0.0019764630069471           0.0007279464301707           0.0030898194412958
          0.0363310894909793           0.0111843711309974           0.0202888854056669
          0.0104430838056743           0.0004346427362198           0.0055365985005411
          0.0105523834482577          -0.0027309129767853           0.0107596005146373
          0.0024905879389810          -0.0005070112666577           0.0081880595461097
          0.0019608253114599          -0.0040792204984805           0.0110538551863256
         -0.0046403621788687          -0.0076473778610072           0.0042441913890461
         -0.0013747903950021           0.0030713491661738          -0.0179989377424299
          0.0035801738185074           0.0029376462673365           0.0118011706997824
          0.0024496171064818          -0.0002683846095166           0.0129813548351460
         -0.0020668007950172          -0.0033520495041440           0.0080504667872641
         -0.0008068863175617           0.0016298326028961          -0.0083357155552719
          0.0044214736407189           0.0034801593918219           0.0083553454666675
          0.0033352367824914           0.0018557659467502           0.0085046788036315
          0.0010509037663671           0.0001850272042547           0.0063502851815393
         -0.0001773245139437           0.0004489603573734          -0.0014014882362627
          0.0036548601450728           0.0058579666473212           0.0030339132710785
          0.0695961229657478           0.0348694127280986           0.0228888992200091
         -0.0061633247425000           0.0044645479704030          -0.0097880148455984
          0.0597779380781767           0.0334759940511799           0.0100669711033327
          0.0022600736866323           0.0058843089880340           0.0048950611175134
          0.0320727351576281           0.0115210048440687           0.0032548841867578
         -0.0042408519100152           0.0048061148678636          -0.0067122264269579
          0.0255718095609809           0.0104428107238986          -0.0083524033577134
          0.0027726996195007          -0.0036715668041338          -0.0081585703325494
         -0.0017539490371177          -0.0057383242114529          -0.0188044166328941
         -0.0067920694433269          -0.0050966818438519          -0.0066924812333064
         -0.0109309919740284          -0.0084708810816849          -0.0159966646950900
         -0.0104401517955997          -0.0086936068959154          -0.0190742866939462
          0.0106804697997665           0.0065811916765229           0.0090427865846328
         -0.0041884835754734          -0.0003786693972730          -0.0000965799394578
         -0.0079957721662780          -0.0039393362380341          -0.0068671181945954
         -0.0094753294835427          -0.0060511479455832          -0.0113294101805395
          0.0033819727295532           0.0017248282902311           0.0016034563258229
          0.0014174937841419           0.0026849448928493           0.0035326932015841
         -0.0007625704648956           0.0008600915994445           0.0008188061300946
         -0.0026395980007270          -0.0008893490334460          -0.0018969089189671
          0.0001756383462586          -0.0000402449521896          -0.0002713005498570
   1
          0.0000000000000000           0.0000000000000000           0.0000000000000000
          0.0000000000000000           0.0000000000000000           0.0000000000000000
          0.0000000000000000           0.0000000000000000           0.0000000000000000
          0.0000000000000000           0.0000000000000000           0.0000000000000000
          0.0000000000000000           0.0000000000000000           0.0000000000000000
          0.0000000000000000           0.0000000000000000           0.0000000000000000
          0.0000000000000000           0.0000000000000000           0.0000000000000000
          0.0000000000000000           0.0000000000000000           0.0000000000000000
          0.0000000000000000           0.0000000000000000           0.0000000000000000
          0.0000000000000000           0.0000000000000000           0.0000000000000000
          0.0000000000000000           0.0000000000000000           0.0000000000000000
          0.0000000000000000           0.0000000000000000           0.0000000000000000
          0.0000000000000000           0.0000000000000000           0.0000000000000000
          0.0000000000000000           0.0000000000000000           0.0000000000000000
          0.0000000000000000           0.0000000000000000           0.0000000000000000
          0.0000000000000000           0.0000000000000000           0.0000000000000000
          0.0000000000000000           0.0000000000000000           0.0000000000000000
          0.0000000000000000           0.0000000000000000           0.0000000000000000
          0.0000000000000000           0.0000000000000000           0.0000000000000000
          0.0000000000000000           0.0000000000000000           0.0000000000000000
          0.0000000000000000           0.0000000000000000           0.0000000000000000
          0.0000000000000000           0.0000000000000000           0.0000000000000000
          0.0000000000000000           0.0000000000000000           0.0000000000000000
          0.0000000000000000           0.0000000000000000           0.0000000000000000
          0.0000000000000000           0.0000000000000000           0.0000000000000000
          0.0000000000000000           0.0000000000000000           0.0000000000000000
          0.0000000000000000           0.0000000000000000           0.0000000000000000
          0.0000000000000000           0.0000000000000000           0.0000000000000000
          0.0000000000000000           0.0000000000000000           0.0000000000000000
          0.0000000000000000           0.0000000000000000           0.0000000000000000
          0.0386051497329466           0.0271848953703642           0.0219608256848696
          0.0134214016576269           0.0081682323735596           0.0060905427755481
          0.0029266122371952           0.0016734716900354           0.0007942484678315
         -0.0004215853610260           0.0016795318286557           0.0006144708862348
         -0.0007768655791242           0.0043757423994034          -0.0004677519611637
         -0.0051866526913509           0.0027826797627215          -0.0080049645183631
         -0.0080898689471029          -0.0010119824779003          -0.0085156659035126
         -0.0009194458255203          -0.0001001810337353          -0.0005088411237450
          0.0580503094879717           0.0377028357784412           0.0141646347918823
          0.0884516567336661           0.0437519229724020           0.0376809901902915
          0.0494461122459244           0.0411404084399819           0.0259658498133171
          0.0798474594916185           0.0471894956339392           0.0494822052117336
          0.0254031096895191           0.0151335569869716          -0.0044858810724793
          0.0432625079990015           0.0196770706772354           0.0207857716810259
          0.0264595958245718           0.0232259610193169           0.0080178004576019
          0.0443189941340542           0.0277694747095797           0.0332894532111042
          0.0118171792992788           0.0077987970170926           0.0141541681825629
          0.0180181647546252           0.0161424518603351           0.0228413857663425
          0.0045069129806338           0.0099128318997011           0.0173246847730737
          0.0094139122884019           0.0142259641828237           0.0197466136694186
          0.0017280399179440           0.0125995014339262           0.0011314610357781
         -0.0310594078602784          -0.0001619432933985          -0.0504309896204615
          0.0080907343021422           0.0138096732339146           0.0195082090281614
          0.0091924418100736           0.0137144130813339           0.0172686267050113
          0.0011108820383531           0.0085388577677486           0.0017763574705114
         -0.0189527748839392          -0.0028221258166481          -0.0268708467206079
          0.0091009878520973           0.0095239363028136           0.0121386412396514
          0.0076036462548494           0.0078116555662716           0.0094212668858021
          0.0026292826526825           0.0041600592485603           0.0025233553170124
         -0.0053148237948248          -0.0012504482641725          -0.0064381177770696
          0.0036548601450732           0.0058579666473204           0.0030339132710775
          0.0695961229657492           0.0348694127280987           0.0228888992200132
         -0.0061633247424994           0.0044645479704038          -0.0097880148455984
          0.0597779380781773           0.0334759940511796           0.0100669711033318
          0.0022600736866290           0.0058843089880342           0.0048950611175141
          0.0320727351576264           0.0115210048440687           0.0032548841867594
         -0.0042408519100147           0.0048061148678638          -0.0067122264269572
          0.0255718095609820           0.0104428107238987          -0.0083524033577116
          0.0027726996195006          -0.0036715668041346          -0.0081585703325465
         -0.0017539490371180          -0.0057383242114528          -0.0188044166328970
         -0.0067920694433269          -0.0050966818438518          -0.0066924812333059
         -0.0109309919740284          -0.0084708810816853          -0.0159966646950902
         -0.0104401517955997          -0.0086936068959155          -0.0190742866939462
          0.0106804697997665           0.0065811916765229           0.0090427865846328
         -0.0041884835754736          -0.0003786693972729          -0.0000965799394581
         -0.0079957721662780          -0.0039393362380340          -0.0068671181945953
         -0.0094753294835426          -0.0060511479455831          -0.0113294101805389
          0.0033819727295532           0.0017248282902311           0.0016034563258230
          0.0014174937841417           0.0026849448928494           0.0035326932015840
         -0.0007625704648956           0.0008600915994445           0.0008188061300946
         -0.0026395980007270          -0.0008893490334460          -0.0018969089189670
          0.0001756383462586          -0.0000402449521896          -0.0002713005498570
   0
         -0.0000000000000001           0.0000000000000000           0.0000000000000000
         -0.0000000000000001           0.0000000000000000           0.0000000000000000
         -0.0000000000000000           0.0000000000000000          -0.0000000000000001
         -0.0000000000000000           0.0000000000000000           0.0000000000000000
          0.0000000000000000           0.0000000000000000           0.0000000000000000
         -0.0000000000000000           0.0000000000000000          -0.0000000000000000
          0.0000000000000000           0.0000000000000000           0.0000000000000000
          0.0000000000000000           0.0000000000000000           0.0000000000000000
         -0.0000000000000002           0.0000000000000002           0.0000000000000004
         -0.0000000000000003           0.0000000000000005          -0.0000000000000001
         -0.0000000000000000          -0.0000000000000001          -0.0000000000000001
          0.0000000000000001          -0.0000000000000007          -0.0000000000000002
          0.0000000000000003          -0.0000000000000000          -0.0000000000000002
         -0.0000000000000002          -0.0000000000000001          -0.0000000000000004
          0.0000000000000000           0.0000000000000001          -0.0000000000000001
         -0.0000000000000001           0.0000000000000002          -0.0000000000000004
         -0.0000000000000002           0.0000000000000000           0.0000000000000003
         -0.0000000000000001          -0.0000000000000001           0.0000000000000001
          0.0000000000000001          -0.0000000000000000           0.0000000000000000
          0.0000000000000000           0.0000000000000000          -0.0000000000000000
          0.0000000000000001           0.0000000000000000           0.0000000000000000
          0.0000000000000000          -0.0000000000000000          -0.0000000000000000
         -0.0000000000000000          -0.0000000000000000          -0.0000000000000001
          0.0000000000000000          -0.0000000000000000          -0.0000000000000000
         -0.0000000000000000           0.0000000000000000           0.0000000000000000
         -0.0000000000000000          -0.0000000000000000           0.0000000000000000
          0.0000000000000000          -0.0000000000000000           0.0000000000000000
          0.0000000000000000           0.0000000000000000          -0.0000000000000000
         -0.0000000000000000          -0.0000000000000000          -0.0000000000000000
         -0.0000000000000000           0.0000000000000000           0.0000000000000000
          0.0000000000000000           0.0000000000000000           0.0000000000000000
          0.0000000000000000           0.0000000000000000           0.0000000000000000
          0.0000000000000000           0.0000000000000000           0.0000000000000000
          0.0000000000000000           0.0000000000000000           0.0000000000000000
          0.0000000000000000           0.0000000000000000           0.0000000000000000
          0.0000000000000000           0.0000000000000000           0.0000000000000000
          0.0000000000000000           0.0000000000000000           0.0000000000000000
          0.0000000000000000           0.0000000000000000           0.0000000000000000
          0.0558748061621113           0.0327743844548772           0.0163499173491507
          0.0173761769487120           0.0079529949205426           0.0095728951419368
          0.0483077687940260           0.0392031015251947           0.0192047386858338
          0.0098091395806247           0.0143817119908608           0.0124277164786139
          0.0273904815163527           0.0116591124213338           0.0000386792575701
          0.0069423273279064           0.0057462014107706           0.0081112660467048
          0.0284360588315196           0.0224980145891461           0.0049279810163061
          0.0079879046430730           0.0165851035785827           0.0130005678054421
          0.0013740954936072           0.0073641542808735           0.0086175696820241
          0.0074657813063664           0.0188733648371204           0.0120817852517045
          0.0020163250416537           0.0104198431663587           0.0091366252269628
          0.0074530869769420           0.0183051846813045           0.0086927584830939
          0.0063684020968123           0.0202468792949336          -0.0031127303532681
         -0.0296846174652763          -0.0032332924595723          -0.0324320518780317
          0.0045105604836347           0.0108720269665782           0.0077070383283794
          0.0067428247035919           0.0139827976908507           0.0042872718698649
          0.0031776828333702           0.0118909072718926          -0.0062741093167526
         -0.0181458885663775          -0.0044519584195442          -0.0185351311653360
          0.0046795142113784           0.0060437769109918           0.0037832957729841
          0.0042684094723581           0.0059558896195214           0.0009165880821707
          0.0015783788863153           0.0039750320443055          -0.0038269298645270
         -0.0051374992808811          -0.0016994086215459          -0.0050366295408069
          0.0000000000000000           0.0000000000000000           0.0000000000000000
          0.0000000000000000           0.0000000000000000           0.0000000000000000
          0.0000000000000000           0.0000000000000000           0.0000000000000000
          0.0000000000000000           0.0000000000000000           0.0000000000000000
          0.0000000000000000           0.0000000000000000           0.0000000000000000
          0.0000000000000000           0.0000000000000000           0.0000000000000000
          0.0000000000000000           0.0000000000000000           0.0000000000000000
          0.0000000000000000           0.0000000000000000           0.0000000000000000
          0.0000000000000000           0.0000000000000000           0.0000000000000000
          0.0000000000000000           0.0000000000000000           0.0000000000000000
          0.0000000000000000           0.0000000000000000           0.0000000000000000
          0.0000000000000000           0.0000000000000000           0.0000000000000000
          0.0000000000000000           0.0000000000000000           0.0000000000000000
          0.0000000000000000           0.0000000000000000           0.0000000000000000
          0.0000000000000000           0.0000000000000000           0.0000000000000000
          0.0000000000000000           0.0000000000000000           0.0000000000000000
          0.0000000000000000           0.0000000000000000           0.0000000000000000
          0.0000000000000000           0.0000000000000000           0.0000000000000000
          0.0000000000000000           0.0000000000000000           0.0000000000000000
          0.0000000000000000           0.0000000000000000           0.0000000000000000
          0.0000000000000000           0.0000000000000000           0.0000000000000000
          0.0000000000000000           0.0000000000000000           0.0000000000000000
