1  82   2   1   2   -6.380093   0.000000
  0 
./DATA/100/00/GA/G006/M020/
0
          4.1371147127561549
          5.4280322649263404
          2.7879340366060643
          3.7872295430605392
          1.8749732558944932
          2.6350100970828771
          1.0951668004751820
          1.6095593271462127
          0.4883766880421175
          0.7655221816536775
          0.1487611515694715
          0.2550685721750882
          0.0091039312944557
          0.0194895268526649
          0.0000427361342766
          0.0001678653369514
          1.3265790870004248
          5.4786521505736427
          3.1079835597295284
          3.6864156922917952
         16.1097477403353757
          7.6862163857249728
          0.9989253996694987
          4.0972579925613184
          2.5336479557362672
          5.7185986102522346
         25.3594491720847728
         11.6901136077271612
          0.9258708379567330
          3.9271385998988584
          2.2233439897294542
          2.5820670941367152
         11.5877420704553948
          5.5340963454476695
          0.6867832096747004
          2.8803153732246694
          1.7778394234654895
          3.9991757220346669
         18.2015223143377547
          8.3993441349019164
          1.4288880779437549
          6.7048513662132478
          3.2071138970050015
          2.2070708547721258
         10.4915083891774081
          4.8496428713320547
          0.6467391396069293
          3.2346831363163790
          1.5503335001121377
          0.9953809009809736
          5.0352923170876016
          2.3327897927770702
          2.5299018708210230
         12.9593481337968068
          5.6726068584602443
       1566.7984608053238844
       8477.8108828780041222
       3045.5168646235133565
          0.2184824802056299
          1.2091165535985748
          0.5810325994922171
          0.3348162729166113
          1.8699315026727170
          0.8691283847035692
          0.8374740577888279
          4.6961454425152453
          2.0600141699093175
        444.8426105652251863
       2538.2406591188751008
        889.8878235575440385
          0.0271724169458897
          0.1924908952589200
          0.0929396647401452
          0.0413996895244995
          0.2949717383689034
          0.1380362366044791
          0.1012780812354002
          0.7154196715825176
          0.3159578489615058
         42.6122196468230996
        275.4575381606679798
         90.4465772154698158
1
          5.4280322649263404
          4.1371147127561549
          3.7872295430605396
          2.7879340366060643
          2.6350100970828771
          1.8749732558944934
          1.6095593271462130
          1.0951668004751816
          0.7655221816536777
          0.4883766880421175
          0.2550685721750883
          0.1487611515694715
          0.0194895268526649
          0.0091039312944557
          0.0001678653369514
          0.0000427361342766
          3.1079835597295231
          5.4786521505736410
          1.3265790870004239
          7.6862163857249755
         16.1097477403353651
          3.6864156922917939
          2.5336479557362654
          4.0972579925613166
          0.9989253996694986
         11.6901136077271648
         25.3594491720847302
          5.7185986102522355
          2.2233439897294529
          3.9271385998988602
          0.9258708379567328
          5.5340963454476650
         11.5877420704554055
          2.5820670941367152
          1.7778394234654893
          2.8803153732246702
          0.6867832096747000
          8.3993441349019271
         18.2015223143377440
          3.9991757220346664
          3.2071138970050002
          6.7048513662132443
          1.4288880779437541
          4.8496428713320547
         10.4915083891774081
          2.2070708547721263
          1.5503335001121370
          3.2346831363163813
          0.6467391396069295
          2.3327897927770720
          5.0352923170876052
          0.9953809009809736
          5.6726068584602416
         12.9593481337968104
          2.5299018708210235
       3045.5168646235124470
       8477.8108828780059412
       1566.7984608053243392
          0.5810325994922174
          1.2091165535985753
          0.2184824802056299
          0.8691283847035700
          1.8699315026727170
          0.3348162729166113
          2.0600141699093188
          4.6961454425152489
          0.8374740577888282
        889.8878235575450617
       2538.2406591188755556
        444.8426105652253000
          0.0929396647401452
          0.1924908952589200
          0.0271724169458897
          0.1380362366044790
          0.2949717383689034
          0.0413996895244996
          0.3159578489615058
          0.7154196715825176
          0.1012780812354001
         90.4465772154698442
        275.4575381606680367
         42.6122196468230925
   0    2 -0.414097  1.072550 -0.117632 
          0.0000000000000000          -0.0000000000000000           0.0000000000000001
          0.0223187989837384           0.0143566335433301          -0.0764105701690477
          0.0000000000000000           0.0000000000000000          -0.0000000000000000
          0.0061923902685637          -0.0148939177825622          -0.0182200985461884
          0.0000000000000000          -0.0000000000000000           0.0000000000000001
         -0.0016367497414202          -0.0541999314074077           0.0246103155238695
          0.0000000000000000           0.0000000000000000           0.0000000000000000
         -0.0032365841123478          -0.1031365343191679           0.0524475389454923
          0.0000000000000000           0.0000000000000000          -0.0000000000000000
          0.0049026469924169          -0.1366392769227404           0.0524118801070628
          0.0000000000000000          -0.0000000000000000          -0.0000000000000000
          0.0156944388283507          -0.1134517754867597           0.0306317660153751
         -0.0000000000000000          -0.0000000000000000           0.0000000000000000
          0.0086363337748239          -0.0289354540865382           0.0053412145439459
         -0.0000000000000000           0.0000000000000000           0.0000000000000000
          0.0003475903328762          -0.0008085737739600           0.0001069921417737
         -0.0000000000000000          -0.0000000000000000           0.0000000000000002
          0.0192581462054743          -0.1881534466757276           0.0438493284624655
         -0.0304337852356651          -0.2798914381863326           0.1732674993312984
         -0.0000000000000001          -0.0000000000000002          -0.0000000000000005
         -0.0020557152625813          -0.0399022885981914          -0.0440224804250153
          0.0476362161785598           0.0518357029124129          -0.1734406512938493
         -0.0000000000000001           0.0000000000000001           0.0000000000000000
          0.0066322102074653          -0.2601185244003127           0.0955182340028528
         -0.0090502748590005          -0.3922595551027225           0.1643983709404062
          0.0000000000000000          -0.0000000000000001           0.0000000000000001
         -0.0359955127286451           0.0363837917547611          -0.0802253837721084
          0.1470897279694497           0.2711947270947650          -0.5290179303098892
          0.0000000000000000           0.0000000000000000           0.0000000000000001
          0.0187126240546008          -0.1729626165825749           0.0407056807543988
         -0.0290043868598661          -0.2643062689268459           0.1659769928246835
         -0.0000000000000002           0.0000000000000001          -0.0000000000000003
         -0.0198008800140241          -0.0943002808333341           0.0501136928884140
          0.0279161309004433          -0.0029566284890620          -0.0751576191818714
          0.0000000000000000           0.0000000000000001          -0.0000000000000001
          0.0137068794210860          -0.2152998750589908           0.0611370727611046
         -0.0102420697286803          -0.3458576300888320           0.1514585930407499
          0.0000000000000001          -0.0000000000000002          -0.0000000000000013
         -0.0633201287161628          -0.0579752035605084           0.0799530970291333
          0.1035989657919400           0.1768416507867350          -0.3308106309723594
         -0.0000000000000002          -0.0000000000000001           0.0000000000000002
         -0.0325508634799628          -0.1441977276271548           0.1232542292624605
          0.0095173038285834          -0.0659988820555563           0.0166123591292911
         -0.0000000000000001          -0.0000000000000001           0.0000000000000000
         -0.0811324554311848          -0.1521669577546072           0.2060406474663840
          0.0576796755133260           0.0505052457760492          -0.1244276935617395
          0.0000000000000000           0.0000000000000001           0.0000000000000001
         -0.0333103000034361          -0.1545779233465808           0.1332287055434385
         -0.0010473484316240          -0.1005754063050997           0.0575474400828587
          0.0000000000000000          -0.0000000000000001           0.0000000000000001
         -0.0773954894068962          -0.1889579171487371           0.2248909674081585
          0.0242870537192223          -0.0474597740335307          -0.0001034016571930
         -0.0000000000000003          -0.0000000000000001          -0.0000000000000001
         -0.2252600136672538          -0.2396406428282722           0.4895066568666346
          0.1509158585790066           0.1822441273635350          -0.2655107306524176
         -0.0000000000000453           0.0000000000000253          -0.0000000000000290
        607.2812867313832612         286.7690178568144574       -1299.6241959113535813
       -130.8502208652093373        -296.5473622708287280          57.4491391394753350
         -0.0000000000000000          -0.0000000000000000          -0.0000000000000000
         -0.0243197630942348          -0.1197475554816525           0.0940976732921007
         -0.0046906169234482          -0.0920005038822912           0.0528766906034518
          0.0000000000000001          -0.0000000000000000           0.0000000000000001
         -0.0553114005403284          -0.1567425509245920           0.1591900208128526
          0.0045028841663611          -0.0830274344588234           0.0400471075169155
          0.0000000000000000           0.0000000000000000           0.0000000000000000
         -0.1759098668459836          -0.2651199006796994           0.3974808053270756
          0.0590172568828240          -0.0187242907729371          -0.0346597607252377
         -0.0000000000000068           0.0000000000000545          -0.0000000000000812
        210.5949395961752941          58.7840757319252347        -352.6394557843838697
         -6.2466138162894023         -68.7132593066976938          -1.5400702291654991
         -0.0000000000000000           0.0000000000000000          -0.0000000000000000
         -0.0084058153623657          -0.0453859230157814           0.0300231669618957
         -0.0025735134982297          -0.0392189388505744           0.0198728138437535
         -0.0000000000000000          -0.0000000000000000          -0.0000000000000000
         -0.0192668775136621          -0.0624152230778196           0.0504422285557530
         -0.0020140583539639          -0.0456643060359962           0.0215994152957351
         -0.0000000000000000          -0.0000000000000000          -0.0000000000000000
         -0.0665740579140778          -0.1210622419647055           0.1343559196860913
          0.0045663929989985          -0.0591348606507352           0.0217214221098762
         -0.0000000000000007           0.0000000000000021           0.0000000000000045
         14.6030762963752867          -6.2114311674326625          -5.2649354692732286
          9.5762915115509646          -3.5164982117292944          -2.2463456698048709
   1
          0.0223187989837382           0.0143566335433301          -0.0764105701690477
          0.0000000000000000           0.0000000000000000           0.0000000000000000
          0.0061923902685639          -0.0148939177825623          -0.0182200985461884
          0.0000000000000000           0.0000000000000000           0.0000000000000000
         -0.0016367497414202          -0.0541999314074077           0.0246103155238695
          0.0000000000000000           0.0000000000000000           0.0000000000000000
         -0.0032365841123478          -0.1031365343191679           0.0524475389454924
          0.0000000000000000           0.0000000000000000           0.0000000000000000
          0.0049026469924169          -0.1366392769227404           0.0524118801070627
          0.0000000000000000           0.0000000000000000           0.0000000000000000
          0.0156944388283507          -0.1134517754867596           0.0306317660153751
          0.0000000000000000           0.0000000000000000           0.0000000000000000
          0.0086363337748240          -0.0289354540865383           0.0053412145439459
          0.0000000000000000           0.0000000000000000           0.0000000000000000
          0.0003475903328762          -0.0008085737739600           0.0001069921417737
          0.0000000000000000           0.0000000000000000           0.0000000000000000
         -0.0304337852356652          -0.2798914381863320           0.1732674993312986
          0.0666794858316048          -0.0092264820138793          -0.1752992191769019
          0.0000000000000000           0.0000000000000000           0.0000000000000000
          0.0476362161785587           0.0518357029124111          -0.1734406512938505
         -0.0322746239458157          -0.4468849885339599           0.1749529152518021
          0.0000000000000000           0.0000000000000000           0.0000000000000000
         -0.0090502748590009          -0.3922595551027224           0.1643983709404057
          0.0944475873117750          -0.2580818951006447          -0.1587920588351211
          0.0000000000000000           0.0000000000000000           0.0000000000000000
          0.1470897279694539           0.2711947270947635          -0.5290179303098926
         -0.1034606322430633          -1.1333989081408111           0.5417122100222856
          0.0000000000000000           0.0000000000000000           0.0000000000000000
         -0.0290043868598658          -0.2643062689268463           0.1659769928246823
          0.0482687543448177          -0.0268239021579467          -0.1003423789968415
          0.0000000000000000           0.0000000000000000           0.0000000000000000
          0.0279161309004419          -0.0029566284890624          -0.0751576191818717
         -0.0504452662636643          -0.5077018926738698           0.2819811262824645
          0.0000000000000000           0.0000000000000000           0.0000000000000000
         -0.0102420697286798          -0.3458576300888325           0.1514585930407494
          0.0815644240169370          -0.1908328214960631          -0.1216576725594802
          0.0000000000000000           0.0000000000000000           0.0000000000000000
          0.1035989657919364           0.1768416507867355          -0.3308106309723651
         -0.1158636172000258          -1.1525888025279123           0.6429893379991287
          0.0000000000000000           0.0000000000000000           0.0000000000000000
          0.0095173038285842          -0.0659988820555562           0.0166123591292909
         -0.0578183989656643          -0.5321965887889296           0.3385436438998383
          0.0000000000000000           0.0000000000000000           0.0000000000000000
          0.0576796755133263           0.0505052457760499          -0.1244276935617389
         -0.1098862153115525          -1.0830120632263265           0.6548924090801581
          0.0000000000000000           0.0000000000000000           0.0000000000000000
         -0.0010473484316231          -0.1005754063050994           0.0575474400828588
         -0.0491477968987936          -0.4691944571532820           0.2982174040676482
          0.0000000000000000           0.0000000000000000           0.0000000000000000
          0.0242870537192224          -0.0474597740335305          -0.0001034016571915
         -0.0841186847372261          -0.8798759329506595           0.5325145519360035
          0.0000000000000000           0.0000000000000000           0.0000000000000000
          0.1509158585790068           0.1822441273635335          -0.2655107306524133
         -0.0555290947397637          -3.1017625143485006           1.4793673610707203
          0.0000000000000000           0.0000000000000000           0.0000000000000000
       -130.8502208652083141        -296.5473622708273638          57.4491391394762800
       1645.0797770439478427       -4637.3382706028351095        -444.7379239327162281
          0.0000000000000000           0.0000000000000000           0.0000000000000000
         -0.0046906169234482          -0.0920005038822912           0.0528766906034517
         -0.0309604884689075          -0.3219867430570623           0.1923749665046754
          0.0000000000000000           0.0000000000000000           0.0000000000000000
          0.0045028841663612          -0.0830274344588241           0.0400471075169161
         -0.0494287481935701          -0.5678564677891219           0.3285929599597934
          0.0000000000000000           0.0000000000000000           0.0000000000000000
          0.0590172568828240          -0.0187242907729370          -0.0346597607252384
         -0.0391524286725585          -1.8025093759491735           0.8900987994509340
          0.0000000000000000           0.0000000000000000           0.0000000000000000
         -6.2466138162891669         -68.7132593066977364          -1.5400702291648480
        711.4800950581171719       -1983.1780062026557516         -25.1490076444747004
          0.0000000000000000           0.0000000000000000           0.0000000000000000
         -0.0025735134982296          -0.0392189388505744           0.0198728138437535
         -0.0087768346986364          -0.1100901203803313           0.0587486169651220
          0.0000000000000000           0.0000000000000000           0.0000000000000000
         -0.0020140583539639          -0.0456643060359963           0.0215994152957350
         -0.0131573458812279          -0.1834582680492115           0.0971702414784607
          0.0000000000000000           0.0000000000000000           0.0000000000000000
          0.0045663929989988          -0.0591348606507350           0.0217214221098762
         -0.0127888444990340          -0.5234187092531485           0.2588009598231155
          0.0000000000000000           0.0000000000000000           0.0000000000000000
          9.5762915115509681          -3.5164982117292931          -2.2463456698048625
        124.8572741898574066        -383.6307817166191398          53.6045630488962033
          0.0000000000000000           0.0000000000000000           0.0000000000000000
   0
         -0.0000000000000000           0.0000000000000000          -0.0000000000000001
          0.0000000000000000           0.0000000000000000           0.0000000000000000
          0.0000000000000000           0.0000000000000000           0.0000000000000000
          0.0000000000000000           0.0000000000000000           0.0000000000000000
          0.0000000000000000           0.0000000000000000          -0.0000000000000001
          0.0000000000000000           0.0000000000000000           0.0000000000000000
         -0.0000000000000000          -0.0000000000000000          -0.0000000000000000
          0.0000000000000000           0.0000000000000000           0.0000000000000000
          0.0000000000000000          -0.0000000000000000           0.0000000000000000
          0.0000000000000000           0.0000000000000000           0.0000000000000000
         -0.0000000000000000           0.0000000000000000           0.0000000000000000
          0.0000000000000000           0.0000000000000000           0.0000000000000000
          0.0000000000000000           0.0000000000000000           0.0000000000000000
          0.0000000000000000           0.0000000000000000           0.0000000000000000
          0.0000000000000000           0.0000000000000000          -0.0000000000000000
          0.0000000000000000           0.0000000000000000           0.0000000000000000
          0.0000000000000003          -0.0000000000000001          -0.0000000000000006
          0.0474213396261289           0.1789269646618485          -0.2191485476393668
          0.0000000000000000           0.0000000000000000           0.0000000000000000
          0.0000000000000004           0.0000000000000003           0.0000000000000011
         -0.0302189086832351          -0.4069826999357693           0.2189753956768162
          0.0000000000000000           0.0000000000000000           0.0000000000000000
          0.0000000000000000           0.0000000000000001           0.0000000000000004
          0.0878153771043108           0.0020366292996673          -0.2543102928379748
          0.0000000000000000           0.0000000000000000           0.0000000000000000
          0.0000000000000017          -0.0000000000000001          -0.0000000000000004
         -0.0674651195144196          -1.1697826998955676           0.6219375937943984
          0.0000000000000000           0.0000000000000000           0.0000000000000000
          0.0000000000000003          -0.0000000000000000           0.0000000000000001
          0.0295561302902174           0.1461387144246280          -0.1410480597512394
          0.0000000000000000           0.0000000000000000           0.0000000000000000
         -0.0000000000000005          -0.0000000000000001          -0.0000000000000008
         -0.0306443862496405          -0.4134016118405368           0.2318674333940517
          0.0000000000000000           0.0000000000000000           0.0000000000000000
          0.0000000000000001           0.0000000000000003           0.0000000000000005
          0.0678575445958512           0.0244670535629270          -0.1827947453205843
          0.0000000000000000           0.0000000000000000           0.0000000000000000
          0.0000000000000001           0.0000000000000004           0.0000000000000030
         -0.0525434884838636          -1.0946135989673993           0.5630362409700007
          0.0000000000000000           0.0000000000000000           0.0000000000000000
          0.0000000000000001          -0.0000000000000004           0.0000000000000002
         -0.0252675354857014          -0.3879988611617742           0.2152894146373786
          0.0000000000000000           0.0000000000000000           0.0000000000000000
          0.0000000000000000          -0.0000000000000003           0.0000000000000007
         -0.0287537598803656          -0.9308451054717186           0.4488517616137726
          0.0000000000000000           0.0000000000000000           0.0000000000000000
          0.0000000000000002          -0.0000000000000002           0.0000000000000005
         -0.0158374968953585          -0.3146165338067014           0.1649886985242103
          0.0000000000000000           0.0000000000000000           0.0000000000000000
         -0.0000000000000001          -0.0000000000000001          -0.0000000000000005
         -0.0067231953303307          -0.6909180158019216           0.3076235845278445
          0.0000000000000000           0.0000000000000000           0.0000000000000000
          0.0000000000000007           0.0000000000000004           0.0000000000000006
          0.1697309189274911          -2.8621218715202272           0.9898607042040843
          0.0000000000000000           0.0000000000000000           0.0000000000000000
          0.0000000000001274           0.0000000000001735          -0.0000000000002173
       1037.7984903125623077       -4924.1072884596542281         854.8862719786371827
          0.0000000000000000           0.0000000000000000           0.0000000000000000
         -0.0000000000000001           0.0000000000000000          -0.0000000000000001
         -0.0066407253746729          -0.2022391875754097           0.0982772932125742
          0.0000000000000000           0.0000000000000000           0.0000000000000000
          0.0000000000000000           0.0000000000000001          -0.0000000000000002
          0.0058826523467586          -0.4111139168645298           0.1694029391469401
          0.0000000000000000           0.0000000000000000           0.0000000000000000
          0.0000000000000001           0.0000000000000001           0.0000000000000000
          0.1367574381734264          -1.5373894752694757           0.4926179941238575
          0.0000000000000000           0.0000000000000000           0.0000000000000000
         -0.0000000000000352           0.0000000000000909          -0.0000000000000272
        500.8851554619408830       -2041.9620819345809650         327.4904481399084943
          0.0000000000000000           0.0000000000000000           0.0000000000000000
          0.0000000000000000           0.0000000000000000          -0.0000000000000000
         -0.0003710193362707          -0.0647041973645499           0.0287254500032262
          0.0000000000000000           0.0000000000000000           0.0000000000000000
          0.0000000000000000          -0.0000000000000000           0.0000000000000000
          0.0061095316324342          -0.1210430449713917           0.0467280129227075
          0.0000000000000000           0.0000000000000000           0.0000000000000000
          0.0000000000000000           0.0000000000000001          -0.0000000000000001
          0.0537852134150439          -0.4023564672884432           0.1244450401370240
          0.0000000000000000           0.0000000000000000           0.0000000000000000
         -0.0000000000000016          -0.0000000000000009          -0.0000000000000428
        110.2541978934820577        -377.4193505491863903          58.8694985181694506
          0.0000000000000000           0.0000000000000000           0.0000000000000000
