1  82   2   1   2   -6.346365   0.000000
  0 
./DATA/100/00/GA/G008/M025/
0
          4.1935817239352113
          2.7779759336099006
          1.8290415466369971
          1.0379015191354957
          0.4482895336453790
          0.1337057790051004
          0.0079494459253369
          0.0000335329427936
          1.3002788055787984
          3.6063288889730640
          0.4847362136250028
          2.7907862970192681
          0.8860349016014685
          2.4589292241114915
          0.3298722465546742
          1.9027665690646973
          1.2959164573489121
          1.0025512903884943
          0.5461123197419915
          0.4222436838689925
          0.2765561066892180
          0.0447822268283247
          0.1660584669139519
          0.1282679469342678
          0.0837414582954768
          0.0127528852504715
          0.0166236396562496
          0.0128172197688640
          0.0083162182804501
          0.0011646262543054
          5.3964266642763565
          3.7984688229307983
          2.6695050913165543
          1.6567331168911297
          0.8100062951732788
          0.2810497505918333
          0.0224030004804231
          0.0001584575355416
          5.2909587475525699
         16.4277762743158604
          1.9555867020790738
         13.0924042288423585
          3.7879166514316602
         11.8144353834771110
          1.3730198135190785
          9.3995385455645337
          6.8331713357403538
          5.4179634827054821
          3.2976570645736487
          2.6009881666732944
          1.7140825883860713
          0.3084578471157386
          1.2380003384278913
          0.9691910264963145
          0.6219768389993354
          0.0920326719088651
          0.2021583241421099
          0.1563796974922963
          0.0962003162914740
          0.0095820876143789
          3.3819919853244063
          7.4773755256098093
          1.4701793384487820
          5.5655628787341884
          2.4233978072151605
          5.3777782102392218
          1.0389120768262448
          3.9932924798503082
          3.1135705657097197
          2.3029425174578253
          1.5071049968746044
          1.1093183556921280
          0.6551173568217866
          0.0858733558325405
          0.5692750527763492
          0.4168004062576516
          0.2394309645709265
          0.0247331154725179
          0.0942085478144547
          0.0686057878622889
          0.0379029726199371
          0.0023903137715541
1
          4.1935817239352113
          2.7779759336099010
          1.8290415466369974
          1.0379015191354957
          0.4482895336453791
          0.1337057790051004
          0.0079494459253369
          0.0000335329427936
          1.3002788055787982
          3.6063288889730640
          0.4847362136250029
          2.7907862970192681
          0.8860349016014688
          2.4589292241114920
          0.3298722465546743
          1.9027665690646971
          1.2959164573489124
          1.0025512903884941
          0.5461123197419914
          0.4222436838689925
          0.2765561066892180
          0.0447822268283247
          0.1660584669139519
          0.1282679469342678
          0.0837414582954768
          0.0127528852504715
          0.0166236396562496
          0.0128172197688640
          0.0083162182804501
          0.0011646262543054
          5.3964266642763565
          3.7984688229307970
          2.6695050913165548
          1.6567331168911295
          0.8100062951732789
          0.2810497505918332
          0.0224030004804231
          0.0001584575355416
          5.2909587475525726
         16.4277762743158497
          1.9555867020790751
         13.0924042288423639
          3.7879166514316593
         11.8144353834771145
          1.3730198135190788
          9.3995385455645284
          6.8331713357403485
          5.4179634827054839
          3.2976570645736487
          2.6009881666732921
          1.7140825883860724
          0.3084578471157386
          1.2380003384278917
          0.9691910264963144
          0.6219768389993359
          0.0920326719088652
          0.2021583241421100
          0.1563796974922962
          0.0962003162914739
          0.0095820876143789
          3.3819919853244076
          7.4773755256098102
          1.4701793384487820
          5.5655628787341875
          2.4233978072151601
          5.3777782102392226
          1.0389120768262454
          3.9932924798503100
          3.1135705657097179
          2.3029425174578257
          1.5071049968746029
          1.1093183556921282
          0.6551173568217871
          0.0858733558325405
          0.5692750527763494
          0.4168004062576515
          0.2394309645709265
          0.0247331154725178
          0.0942085478144548
          0.0686057878622889
          0.0379029726199370
          0.0023903137715541
   0    2 -0.110640 -0.073448  0.457475 
          0.0000000000000001           0.0000000000000000           0.0000000000000000
          0.0000000000000000           0.0000000000000000           0.0000000000000000
          0.0000000000000000           0.0000000000000000           0.0000000000000000
          0.0000000000000000           0.0000000000000000           0.0000000000000000
         -0.0000000000000000           0.0000000000000000           0.0000000000000000
          0.0000000000000000           0.0000000000000000           0.0000000000000000
         -0.0000000000000000          -0.0000000000000000           0.0000000000000000
          0.0000000000000000           0.0000000000000000           0.0000000000000000
         -0.0000000000000001          -0.0000000000000000           0.0000000000000001
          0.0000000000000002           0.0000000000000002          -0.0000000000000005
         -0.0000000000000000           0.0000000000000000          -0.0000000000000000
          0.0000000000000003          -0.0000000000000000          -0.0000000000000002
          0.0000000000000000           0.0000000000000000          -0.0000000000000000
          0.0000000000000005          -0.0000000000000000           0.0000000000000002
          0.0000000000000000          -0.0000000000000000          -0.0000000000000000
         -0.0000000000000001           0.0000000000000001          -0.0000000000000001
         -0.0000000000000001           0.0000000000000000           0.0000000000000000
         -0.0000000000000000           0.0000000000000000          -0.0000000000000000
         -0.0000000000000000          -0.0000000000000000          -0.0000000000000000
         -0.0000000000000001          -0.0000000000000000           0.0000000000000000
         -0.0000000000000000           0.0000000000000000          -0.0000000000000000
          0.0000000000000000          -0.0000000000000000          -0.0000000000000000
         -0.0000000000000000          -0.0000000000000000           0.0000000000000000
         -0.0000000000000000           0.0000000000000000           0.0000000000000000
         -0.0000000000000000          -0.0000000000000000           0.0000000000000000
          0.0000000000000000          -0.0000000000000000           0.0000000000000000
          0.0000000000000000           0.0000000000000000           0.0000000000000000
         -0.0000000000000000          -0.0000000000000000          -0.0000000000000000
         -0.0000000000000000          -0.0000000000000000          -0.0000000000000000
          0.0000000000000000           0.0000000000000000          -0.0000000000000000
         -0.0189139064518010          -0.0744468542669639           0.0220791854728756
         -0.0046931245280453          -0.0211188772238804          -0.0004015534037433
         -0.0057227120458349           0.0317951686661289          -0.0211569056149339
         -0.0150842323208684           0.0782238353071530          -0.0488430707572486
         -0.0221103353337562           0.0879316012538237          -0.0734050757349492
         -0.0134420676467911           0.0510225979611534          -0.0637452907998796
          0.0006485913084115           0.0060735183582751          -0.0143263501996149
          0.0001117800310835           0.0000823411850557          -0.0002618418565418
         -0.0293747069843443           0.0753482043774661          -0.0853929102712916
          0.0014718673839581          -0.0790765279479865           0.0130203214212328
         -0.0252246673527704           0.0531434942516621          -0.0348912094749865
          0.0056219070155330          -0.1012812380737897           0.0635220222175381
         -0.0258677539362246           0.0704525866864879          -0.0828934673180919
          0.0015984967434928           0.0346337837684723          -0.0153112694805815
         -0.0199241599919758           0.0340782998630229          -0.0326589416546614
          0.0075420906877422          -0.0017405030549933           0.0349232561828478
         -0.0069970717776199           0.1361835554616277          -0.0407711277814821
          0.0009690874931005           0.0903588931017618           0.0061637006753519
         -0.0177512414978982           0.1657745111353880          -0.0503601362832543
         -0.0094695106450861           0.1228241983555344          -0.0114360575840553
          0.0029437117474806           0.0433933434314135           0.0158088198170809
          0.0031582809424014          -0.0303146433573576          -0.0190546842648183
         -0.0209872798005992           0.1269963662812137          -0.0427170165277918
         -0.0147480153856090           0.0974083284299788          -0.0165572478361111
         -0.0049668330901572           0.0482747036703145           0.0040056726265489
          0.0025918741240852          -0.0087771567714752          -0.0080416356410674
         -0.0109909658017045           0.0434905137544250          -0.0181345644497456
         -0.0087680594776105           0.0338584847176833          -0.0091170537938048
         -0.0049514494696462           0.0192129002264940          -0.0010329846295977
          0.0005116606481145          -0.0004415531542570          -0.0010032465692696
         -0.0387667268148852           0.2460252454136965          -0.1298345135271157
          0.0108638872145005          -0.2497535689842170           0.0574619246770575
         -0.0381322555736383           0.1620930198898826          -0.1188681261287597
          0.0114983584557473          -0.3336857945080317           0.0684283120754135
         -0.0397386935860025           0.2422234398893081          -0.1260633686266123
          0.0154694363932718          -0.1371370694343492           0.0278586318279399
         -0.0341129009947854           0.1473282434820285          -0.1058863274565463
          0.0210952289844891          -0.2320322658416297           0.0480356729980060
          0.0094852422521427          -0.0138143203802540          -0.0053242706644352
          0.0201528415546419          -0.1087341817477072           0.0229845413979939
         -0.0027926219234883           0.0597929354906872          -0.0276598020904572
          0.0094165038559539          -0.0175679967864685           0.0016983435003992
          0.0134576053722113          -0.0573743844854713           0.0098633520352431
         -0.0056308611892370           0.0085018798297395          -0.0092604921337937
         -0.0108015172531180           0.0715155050412789          -0.0327692199670014
         -0.0012285270807503           0.0235946054682811          -0.0104425395761716
          0.0053128155709076          -0.0116927731682763           0.0024101275987211
         -0.0006289725673524           0.0004147284738182          -0.0033723629837510
         -0.0075518574437674           0.0311922882562587          -0.0168611021642939
         -0.0040014091128434           0.0172600906225802          -0.0085736135849922
         -0.0005730127637150           0.0042450471683480          -0.0017584981226269
          0.0002235391881332          -0.0003684272340411          -0.0003358137137043
   1
          0.0000000000000000           0.0000000000000000           0.0000000000000000
          0.0000000000000000           0.0000000000000000           0.0000000000000000
          0.0000000000000000           0.0000000000000000           0.0000000000000000
          0.0000000000000000           0.0000000000000000           0.0000000000000000
          0.0000000000000000           0.0000000000000000           0.0000000000000000
          0.0000000000000000           0.0000000000000000           0.0000000000000000
          0.0000000000000000           0.0000000000000000           0.0000000000000000
          0.0000000000000000           0.0000000000000000           0.0000000000000000
          0.0000000000000000           0.0000000000000000           0.0000000000000000
          0.0000000000000000           0.0000000000000000           0.0000000000000000
          0.0000000000000000           0.0000000000000000           0.0000000000000000
          0.0000000000000000           0.0000000000000000           0.0000000000000000
          0.0000000000000000           0.0000000000000000           0.0000000000000000
          0.0000000000000000           0.0000000000000000           0.0000000000000000
          0.0000000000000000           0.0000000000000000           0.0000000000000000
          0.0000000000000000           0.0000000000000000           0.0000000000000000
          0.0000000000000000           0.0000000000000000           0.0000000000000000
          0.0000000000000000           0.0000000000000000           0.0000000000000000
          0.0000000000000000           0.0000000000000000           0.0000000000000000
          0.0000000000000000           0.0000000000000000           0.0000000000000000
          0.0000000000000000           0.0000000000000000           0.0000000000000000
          0.0000000000000000           0.0000000000000000           0.0000000000000000
          0.0000000000000000           0.0000000000000000           0.0000000000000000
          0.0000000000000000           0.0000000000000000           0.0000000000000000
          0.0000000000000000           0.0000000000000000           0.0000000000000000
          0.0000000000000000           0.0000000000000000           0.0000000000000000
          0.0000000000000000           0.0000000000000000           0.0000000000000000
          0.0000000000000000           0.0000000000000000           0.0000000000000000
          0.0000000000000000           0.0000000000000000           0.0000000000000000
          0.0000000000000000           0.0000000000000000           0.0000000000000000
         -0.0189139064518011          -0.0744468542669638           0.0220791854728756
         -0.0046931245280453          -0.0211188772238804          -0.0004015534037432
         -0.0057227120458349           0.0317951686661289          -0.0211569056149339
         -0.0150842323208683           0.0782238353071531          -0.0488430707572486
         -0.0221103353337562           0.0879316012538236          -0.0734050757349493
         -0.0134420676467912           0.0510225979611534          -0.0637452907998796
          0.0006485913084115           0.0060735183582751          -0.0143263501996149
          0.0001117800310835           0.0000823411850557          -0.0002618418565418
         -0.0091002903783325          -0.2115964226642471          -0.0031373593484351
         -0.0467053888224387           0.2041397755232071          -0.1416078183516805
         -0.0489128057389252          -0.0362350009432960          -0.0816448613971309
         -0.0865179041830338           0.3795011972441578          -0.2201153204003774
          0.0035993353935312          -0.1393840892671620          -0.0108892151169316
         -0.0521378497789961           0.3495568301770815          -0.1855202584804124
         -0.0269104460151100          -0.0427162985503342          -0.0661248178441400
         -0.0826476311876366           0.4462246208939085          -0.2407558612076207
         -0.0640801856055754           0.4485801717282375          -0.2155826970026212
         -0.0793467670601267           0.4632894625677323          -0.2409772788366172
         -0.0689524262790326           0.4211947342548797          -0.2039894378030743
         -0.0703907348507704           0.3897173656592759          -0.2052288830872007
         -0.0599339193405110           0.2880809859146041          -0.2081030118118997
         -0.0087138887672557           0.0090922127274082          -0.0872935941046475
         -0.0562621729283157           0.2873340113943720          -0.1488697106463173
         -0.0506415813153594           0.2488137569326080          -0.1382092837003788
         -0.0358360219148658           0.1713544208476999          -0.1211424934109062
         -0.0006176279210797           0.0065889312382992          -0.0361162880600801
         -0.0228756061223355           0.0914256982200715          -0.0549152235729440
         -0.0187426516848517           0.0751270856075233          -0.0472466266424997
         -0.0114674138787133           0.0489000143648981          -0.0355705365248546
          0.0004521731581982           0.0025790058821850          -0.0063928375328639
         -0.0387667268148858           0.2460252454136971          -0.1298345135271156
          0.0108638872144999          -0.2497535689842166           0.0574619246770579
         -0.0381322555736389           0.1620930198898828          -0.1188681261287593
          0.0114983584557461          -0.3336857945080317           0.0684283120754131
         -0.0397386935860030           0.2422234398893089          -0.1260633686266119
          0.0154694363932725          -0.1371370694343493           0.0278586318279392
         -0.0341129009947856           0.1473282434820287          -0.1058863274565469
          0.0210952289844884          -0.2320322658416293           0.0480356729980048
          0.0094852422521438          -0.0138143203802535          -0.0053242706644352
          0.0201528415546417          -0.1087341817477070           0.0229845413979945
         -0.0027926219234879           0.0597929354906870          -0.0276598020904572
          0.0094165038559535          -0.0175679967864682           0.0016983435003987
          0.0134576053722109          -0.0573743844854713           0.0098633520352426
         -0.0056308611892370           0.0085018798297395          -0.0092604921337937
         -0.0108015172531180           0.0715155050412788          -0.0327692199670014
         -0.0012285270807501           0.0235946054682810          -0.0104425395761715
          0.0053128155709075          -0.0116927731682762           0.0024101275987211
         -0.0006289725673524           0.0004147284738182          -0.0033723629837510
         -0.0075518574437673           0.0311922882562587          -0.0168611021642940
         -0.0040014091128434           0.0172600906225802          -0.0085736135849922
         -0.0005730127637150           0.0042450471683480          -0.0017584981226269
          0.0002235391881332          -0.0003684272340411          -0.0003358137137043
   0
         -0.0000000000000001          -0.0000000000000000           0.0000000000000000
         -0.0000000000000000          -0.0000000000000000          -0.0000000000000000
          0.0000000000000000           0.0000000000000000          -0.0000000000000000
          0.0000000000000000           0.0000000000000000          -0.0000000000000000
          0.0000000000000000          -0.0000000000000000           0.0000000000000000
          0.0000000000000000          -0.0000000000000000           0.0000000000000000
          0.0000000000000000           0.0000000000000000          -0.0000000000000000
          0.0000000000000000           0.0000000000000000           0.0000000000000000
          0.0000000000000000          -0.0000000000000001          -0.0000000000000002
         -0.0000000000000000          -0.0000000000000001          -0.0000000000000001
          0.0000000000000000           0.0000000000000000           0.0000000000000000
         -0.0000000000000001           0.0000000000000003          -0.0000000000000004
         -0.0000000000000000           0.0000000000000001           0.0000000000000001
         -0.0000000000000001           0.0000000000000000           0.0000000000000001
          0.0000000000000001          -0.0000000000000001          -0.0000000000000000
         -0.0000000000000002          -0.0000000000000000           0.0000000000000002
          0.0000000000000002           0.0000000000000001          -0.0000000000000001
          0.0000000000000001          -0.0000000000000001          -0.0000000000000001
         -0.0000000000000002          -0.0000000000000000          -0.0000000000000000
         -0.0000000000000000           0.0000000000000000           0.0000000000000000
         -0.0000000000000000           0.0000000000000000          -0.0000000000000000
         -0.0000000000000000          -0.0000000000000000          -0.0000000000000000
         -0.0000000000000000          -0.0000000000000000           0.0000000000000000
          0.0000000000000000          -0.0000000000000000           0.0000000000000000
         -0.0000000000000000           0.0000000000000000          -0.0000000000000000
         -0.0000000000000000           0.0000000000000000           0.0000000000000000
         -0.0000000000000000          -0.0000000000000000          -0.0000000000000000
          0.0000000000000000          -0.0000000000000000          -0.0000000000000000
         -0.0000000000000000           0.0000000000000000          -0.0000000000000000
          0.0000000000000000           0.0000000000000000          -0.0000000000000000
          0.0000000000000000           0.0000000000000000           0.0000000000000000
          0.0000000000000000           0.0000000000000000           0.0000000000000000
          0.0000000000000000           0.0000000000000000           0.0000000000000000
          0.0000000000000000           0.0000000000000000           0.0000000000000000
          0.0000000000000000           0.0000000000000000           0.0000000000000000
          0.0000000000000000           0.0000000000000000           0.0000000000000000
          0.0000000000000000           0.0000000000000000           0.0000000000000000
          0.0000000000000000           0.0000000000000000           0.0000000000000000
          0.0202744166060125          -0.2869446270417126           0.0822555509228561
         -0.0481772562063995           0.2832163034711945          -0.1546281397729143
         -0.0236881383861549          -0.0893784951949580          -0.0467536519221447
         -0.0921398111985668           0.4807824353179489          -0.2836373426179158
          0.0294670893297557          -0.2098366759536497           0.0720042522011596
         -0.0537363465224868           0.3149230464086101          -0.1702089889998319
         -0.0069862860231343          -0.0767945984133569          -0.0334658761894789
         -0.0901897218753773           0.4479651239489030          -0.2756791173904705
         -0.0570831138279561           0.3123966162666099          -0.1748115692211379
         -0.0803158545532272           0.3729305694659709          -0.2471409795119686
         -0.0512011847811346           0.2554202231194920          -0.1536293015198197
         -0.0609212242056843           0.2668931673037407          -0.1937928255031457
         -0.0628776310879917           0.2446876424831905          -0.2239118316289804
         -0.0118721697096570           0.0394068560847659          -0.0682389098398293
         -0.0352748931277162           0.1603376451131579          -0.1061526941185252
         -0.0358935659297502           0.1514054285026292          -0.1216520358642674
         -0.0308691888247085           0.1230797171773855          -0.1251481660374552
         -0.0032095020451648           0.0153660880097745          -0.0280746524190127
         -0.0118846403206310           0.0479351844656464          -0.0367806591231984
         -0.0099745922072412           0.0412686008898400          -0.0381295728486948
         -0.0065159644090671           0.0296871141384041          -0.0345375518952569
         -0.0000594874899163           0.0030205590364420          -0.0053895909635944
          0.0000000000000000           0.0000000000000000           0.0000000000000000
          0.0000000000000000           0.0000000000000000           0.0000000000000000
          0.0000000000000000           0.0000000000000000           0.0000000000000000
          0.0000000000000000           0.0000000000000000           0.0000000000000000
          0.0000000000000000           0.0000000000000000           0.0000000000000000
          0.0000000000000000           0.0000000000000000           0.0000000000000000
          0.0000000000000000           0.0000000000000000           0.0000000000000000
          0.0000000000000000           0.0000000000000000           0.0000000000000000
          0.0000000000000000           0.0000000000000000           0.0000000000000000
          0.0000000000000000           0.0000000000000000           0.0000000000000000
          0.0000000000000000           0.0000000000000000           0.0000000000000000
          0.0000000000000000           0.0000000000000000           0.0000000000000000
          0.0000000000000000           0.0000000000000000           0.0000000000000000
          0.0000000000000000           0.0000000000000000           0.0000000000000000
          0.0000000000000000           0.0000000000000000           0.0000000000000000
          0.0000000000000000           0.0000000000000000           0.0000000000000000
          0.0000000000000000           0.0000000000000000           0.0000000000000000
          0.0000000000000000           0.0000000000000000           0.0000000000000000
          0.0000000000000000           0.0000000000000000           0.0000000000000000
          0.0000000000000000           0.0000000000000000           0.0000000000000000
          0.0000000000000000           0.0000000000000000           0.0000000000000000
          0.0000000000000000           0.0000000000000000           0.0000000000000000
