1  82   2   1   2   -5.968597   0.000000
  0 
./DATA/100/00/GA/G021/M028/
0
          4.2759031570522579
          2.7569625016791073
          1.7568223165250432
          0.9479509894670078
          0.3795159240219842
          0.1045400518212698
          0.0060970242241960
          0.0000293644135312
          1.2283354387039891
          3.4087151382983119
          0.4548466034412650
          2.6352263030355871
          0.7984397388848958
          2.2162889265329615
          0.2951311752729326
          1.7129803629209981
          1.0694265954038435
          0.8261025213142767
          0.3945892636845332
          0.3045073212909258
          0.1983503926642275
          0.0356312522271894
          0.0982237490607186
          0.0756818746873379
          0.0490649049248631
          0.0085261330849099
          0.0065269898097458
          0.0050149180327690
          0.0032223518319796
          0.0005249730241397
          5.2611748398030196
          3.7950170916806676
          2.7383700868473131
          1.7606583701040130
          0.9053633662874278
          0.3395570754504270
          0.0344649974535071
          0.0004604999714594
          4.7834326354070162
         16.8587122091781048
          1.6541686590713462
         13.7294482328424419
          3.4438372018477290
         12.2549035584696142
          1.1609563341845304
          9.9720226908064085
          7.2115455151467440
          5.8576423612700932
          3.5559265937859705
          2.8797055154093552
          1.9710068356496591
          0.3707565718271137
          1.3702486178140096
          1.1045593811644714
          0.7427290712334137
          0.1201223416605745
          0.2344006834696771
          0.1872888441647760
          0.1222295687422743
          0.0149821497746558
          3.8794919372216805
          6.9415804850708849
          1.8021877331096730
          4.8642762809588787
          2.8224437109281797
          5.0269266692304875
          1.3001613468970810
          3.5046443051993870
          2.9445751932054609
          2.0366510036767891
          1.4474159493604450
          0.9919890920032810
          0.5293636789535786
          0.0707263443031673
          0.5580116622627438
          0.3789185570688296
          0.1950112597705443
          0.0208494120593892
          0.0965212626422950
          0.0650650427523808
          0.0318889226718439
          0.0020446335408699
1
          4.2759031570522579
          2.7569625016791077
          1.7568223165250429
          0.9479509894670078
          0.3795159240219842
          0.1045400518212698
          0.0060970242241960
          0.0000293644135312
          1.2283354387039889
          3.4087151382983127
          0.4548466034412652
          2.6352263030355871
          0.7984397388848962
          2.2162889265329602
          0.2951311752729325
          1.7129803629209983
          1.0694265954038431
          0.8261025213142764
          0.3945892636845333
          0.3045073212909258
          0.1983503926642274
          0.0356312522271894
          0.0982237490607186
          0.0756818746873379
          0.0490649049248632
          0.0085261330849099
          0.0065269898097458
          0.0050149180327690
          0.0032223518319796
          0.0005249730241397
          5.2611748398030187
          3.7950170916806685
          2.7383700868473131
          1.7606583701040133
          0.9053633662874276
          0.3395570754504270
          0.0344649974535071
          0.0004604999714594
          4.7834326354070136
         16.8587122091781261
          1.6541686590713454
         13.7294482328424614
          3.4438372018477299
         12.2549035584696018
          1.1609563341845301
          9.9720226908064156
          7.2115455151467396
          5.8576423612700923
          3.5559265937859701
          2.8797055154093534
          1.9710068356496599
          0.3707565718271135
          1.3702486178140081
          1.1045593811644707
          0.7427290712334137
          0.1201223416605745
          0.2344006834696773
          0.1872888441647763
          0.1222295687422742
          0.0149821497746558
          3.8794919372216845
          6.9415804850708867
          1.8021877331096721
          4.8642762809588751
          2.8224437109281841
          5.0269266692304893
          1.3001613468970805
          3.5046443051993870
          2.9445751932054627
          2.0366510036767882
          1.4474159493604444
          0.9919890920032807
          0.5293636789535784
          0.0707263443031673
          0.5580116622627441
          0.3789185570688297
          0.1950112597705443
          0.0208494120593892
          0.0965212626422949
          0.0650650427523808
          0.0318889226718439
          0.0020446335408699
   0    2 -0.677109 -2.044032 -0.207635 
         -0.0000000000000000           0.0000000000000000          -0.0000000000000002
          0.0000000000000000          -0.0000000000000000           0.0000000000000000
         -0.0000000000000000           0.0000000000000000          -0.0000000000000001
         -0.0000000000000000           0.0000000000000000           0.0000000000000000
         -0.0000000000000000          -0.0000000000000000           0.0000000000000000
         -0.0000000000000000           0.0000000000000000           0.0000000000000000
          0.0000000000000000          -0.0000000000000000           0.0000000000000000
         -0.0000000000000000           0.0000000000000000           0.0000000000000000
         -0.0000000000000000           0.0000000000000002           0.0000000000000002
         -0.0000000000000001           0.0000000000000002           0.0000000000000004
         -0.0000000000000000          -0.0000000000000001          -0.0000000000000000
         -0.0000000000000001           0.0000000000000000          -0.0000000000000000
          0.0000000000000000           0.0000000000000000          -0.0000000000000000
         -0.0000000000000000          -0.0000000000000004           0.0000000000000001
         -0.0000000000000000          -0.0000000000000000          -0.0000000000000000
          0.0000000000000000           0.0000000000000000          -0.0000000000000000
         -0.0000000000000000           0.0000000000000000           0.0000000000000000
          0.0000000000000000          -0.0000000000000000           0.0000000000000001
          0.0000000000000000          -0.0000000000000000          -0.0000000000000000
          0.0000000000000000           0.0000000000000000          -0.0000000000000000
         -0.0000000000000000          -0.0000000000000000          -0.0000000000000000
          0.0000000000000000          -0.0000000000000000          -0.0000000000000000
         -0.0000000000000000           0.0000000000000000          -0.0000000000000000
         -0.0000000000000000          -0.0000000000000000           0.0000000000000000
          0.0000000000000000           0.0000000000000000          -0.0000000000000000
          0.0000000000000000          -0.0000000000000000          -0.0000000000000000
         -0.0000000000000000           0.0000000000000000          -0.0000000000000000
          0.0000000000000000          -0.0000000000000000           0.0000000000000000
         -0.0000000000000000           0.0000000000000000           0.0000000000000000
         -0.0000000000000000           0.0000000000000000           0.0000000000000000
          0.0166819913692806           0.0579879286974573          -0.0479906812103816
          0.0021153204399512          -0.0083743792088108          -0.0200051838561098
          0.0006423117709893           0.0122046034214318          -0.0068927863365900
          0.0067568007303812           0.0902255315195190          -0.0078458942469351
          0.0168612545542701           0.1793200448324216          -0.0179395308264280
          0.0222216858670457           0.1803625581098604          -0.0147791159009829
          0.0119865400612504           0.0535663521715998           0.0014827238607182
          0.0007923678015644           0.0016770626450247           0.0003905909401883
          0.0122853368756225           0.1555186120751829          -0.0274206754075261
         -0.0103507184957768          -0.2121782073516653          -0.0807669595100677
          0.0098366100788448           0.1435393838676230          -0.0092355905145981
         -0.0127994452925549          -0.2241574355592241          -0.0625818746171411
          0.0126497343722139           0.1514757163211198          -0.0237846450225924
         -0.0149513353195054          -0.1697053815357874          -0.0335733906820434
          0.0090507368363735           0.1202295778371530          -0.0124592418551307
         -0.0185503328553461          -0.2009515200197529          -0.0222479875145815
         -0.0114626437449607          -0.0655163915521266           0.0004334417255718
         -0.0165078953663131          -0.1152932643173375           0.0064077514632397
         -0.0028954454491067           0.0422736394241288           0.0059319953020605
         -0.0084503528607991          -0.0123641499143189           0.0096863797470288
         -0.0142499820188382          -0.0674515333136558           0.0044069258533195
         -0.0032427406307812           0.0074988969103730          -0.0069944968353515
          0.0036216546931608           0.0928330114538380          -0.0021924230540457
         -0.0009484252022995           0.0493264951374077           0.0004657209130525
         -0.0059597865690227          -0.0000601433611232           0.0003358280926207
         -0.0025928859026470           0.0002055591067185          -0.0008263926166817
          0.0041753124785837           0.0577746436472474          -0.0060458543775253
          0.0021510941846307           0.0399381245005352          -0.0050461881336448
         -0.0002145362982136           0.0178218575741238          -0.0036111083768686
         -0.0008387765101983           0.0001201464622919           0.0001783165058078
          0.0106883978738910           0.2077014653952976          -0.0268894578187777
         -0.0087537794940450          -0.2643610606717792          -0.0812981770988147
          0.0154141271656842           0.2915306108244270          -0.0345439591394353
         -0.0040280502022512          -0.1805319152426508          -0.0889526784194720
          0.0119172894265776           0.2216782525173889          -0.0234741122417295
         -0.0142188903738681          -0.2399079177320562          -0.0338839234629068
          0.0142219707529706           0.2637091647177021          -0.0313366809306441
         -0.0119142090474758          -0.1978770055317433          -0.0417464921518210
         -0.0120119721304527          -0.1507465882239577           0.0027527232729969
         -0.0131348380109036          -0.1592962663843258          -0.0013511007776414
         -0.0043597370752067          -0.0393968947867470           0.0114273810513253
         -0.0079076562748599          -0.0804077451104696           0.0127108865691187
         -0.0061838451299405          -0.0691009620170131           0.0044649175655536
          0.0028759014598229           0.0246514827191105          -0.0103933871614381
          0.0019779381603974           0.0350576511744512           0.0043028832423247
         -0.0019628510521877          -0.0102337773499544           0.0085280204858800
         -0.0031612620437223          -0.0293918538016372           0.0073420539984946
          0.0009514294610911           0.0063122413969778          -0.0032656134093231
          0.0031520275644170           0.0383230701775082          -0.0024304199023319
          0.0010265264269038           0.0166719638315625           0.0002047894105893
         -0.0004125427199887           0.0001782541305519           0.0017693047563353
          0.0001287142935167           0.0001873503031515          -0.0001595411949721
   1
          0.0000000000000000           0.0000000000000000           0.0000000000000000
          0.0000000000000000           0.0000000000000000           0.0000000000000000
          0.0000000000000000           0.0000000000000000           0.0000000000000000
          0.0000000000000000           0.0000000000000000           0.0000000000000000
          0.0000000000000000           0.0000000000000000           0.0000000000000000
          0.0000000000000000           0.0000000000000000           0.0000000000000000
          0.0000000000000000           0.0000000000000000           0.0000000000000000
          0.0000000000000000           0.0000000000000000           0.0000000000000000
          0.0000000000000000           0.0000000000000000           0.0000000000000000
          0.0000000000000000           0.0000000000000000           0.0000000000000000
          0.0000000000000000           0.0000000000000000           0.0000000000000000
          0.0000000000000000           0.0000000000000000           0.0000000000000000
          0.0000000000000000           0.0000000000000000           0.0000000000000000
          0.0000000000000000           0.0000000000000000           0.0000000000000000
          0.0000000000000000           0.0000000000000000           0.0000000000000000
          0.0000000000000000           0.0000000000000000           0.0000000000000000
          0.0000000000000000           0.0000000000000000           0.0000000000000000
          0.0000000000000000           0.0000000000000000           0.0000000000000000
          0.0000000000000000           0.0000000000000000           0.0000000000000000
          0.0000000000000000           0.0000000000000000           0.0000000000000000
          0.0000000000000000           0.0000000000000000           0.0000000000000000
          0.0000000000000000           0.0000000000000000           0.0000000000000000
          0.0000000000000000           0.0000000000000000           0.0000000000000000
          0.0000000000000000           0.0000000000000000           0.0000000000000000
          0.0000000000000000           0.0000000000000000           0.0000000000000000
          0.0000000000000000           0.0000000000000000           0.0000000000000000
          0.0000000000000000           0.0000000000000000           0.0000000000000000
          0.0000000000000000           0.0000000000000000           0.0000000000000000
          0.0000000000000000           0.0000000000000000           0.0000000000000000
          0.0000000000000000           0.0000000000000000           0.0000000000000000
          0.0166819913692805           0.0579879286974574          -0.0479906812103819
          0.0021153204399512          -0.0083743792088110          -0.0200051838561098
          0.0006423117709894           0.0122046034214318          -0.0068927863365900
          0.0067568007303812           0.0902255315195191          -0.0078458942469352
          0.0168612545542702           0.1793200448324216          -0.0179395308264279
          0.0222216858670457           0.1803625581098604          -0.0147791159009828
          0.0119865400612504           0.0535663521715997           0.0014827238607183
          0.0007923678015644           0.0016770626450247           0.0003905909401883
          0.0149013770429961          -0.0139951478490398          -0.0965999961915538
         -0.0110321402833041          -0.0993240427039234          -0.1197752736436319
          0.0366190943293128           0.2869914416532626          -0.0910997631181417
          0.0106855770030132           0.2016625467983778          -0.1142750405702207
          0.0043797661167538          -0.0581498615426076          -0.0517006879071251
         -0.0089829680113358           0.0216905311132727          -0.0630153835021438
          0.0235969407509994           0.1803784836918439          -0.0624805150078064
          0.0102342066229086           0.2602188763477232          -0.0737952106028265
          0.0032798226474585           0.2010140501350901          -0.0261496236143958
          0.0159315038250479           0.3408056162172259          -0.0446458252166920
          0.0166249056443383           0.3215342249284678          -0.0213490728595195
          0.0217991426567569           0.3686753758160471          -0.0349168419485001
          0.0288228815023087           0.4176647723762636          -0.0548253337154295
          0.0342989677562377           0.2972069142380743          -0.0216390712464572
          0.0211201835883421           0.3097812920861426          -0.0248972109757498
          0.0211791604163663           0.3004216216065984          -0.0292199691550925
          0.0207351160752017           0.2719287436980368          -0.0318288519308411
          0.0149870972756617           0.1202402031624712          -0.0054022005305413
          0.0125296481046023           0.1443064841856717          -0.0150243525512509
          0.0111208389928372           0.1258952178946512          -0.0138237225034768
          0.0088998528350784           0.0953347848328706          -0.0105635197358937
          0.0031569636164163           0.0217980939957019          -0.0000289075032508
          0.0106883978738901           0.2077014653952984          -0.0268894578187777
         -0.0087537794940446          -0.2643610606717818          -0.0812981770988168
          0.0154141271656845           0.2915306108244274          -0.0345439591394343
         -0.0040280502022514          -0.1805319152426501          -0.0889526784194742
          0.0119172894265777           0.2216782525173892          -0.0234741122417287
         -0.0142188903738689          -0.2399079177320577          -0.0338839234629076
          0.0142219707529706           0.2637091647177022          -0.0313366809306444
         -0.0119142090474763          -0.1978770055317446          -0.0417464921518186
         -0.0120119721304529          -0.1507465882239575           0.0027527232729959
         -0.0131348380109035          -0.1592962663843256          -0.0013511007776409
         -0.0043597370752068          -0.0393968947867474           0.0114273810513254
         -0.0079076562748600          -0.0804077451104696           0.0127108865691190
         -0.0061838451299404          -0.0691009620170131           0.0044649175655530
          0.0028759014598228           0.0246514827191105          -0.0103933871614382
          0.0019779381603973           0.0350576511744513           0.0043028832423247
         -0.0019628510521877          -0.0102337773499543           0.0085280204858798
         -0.0031612620437223          -0.0293918538016372           0.0073420539984949
          0.0009514294610911           0.0063122413969778          -0.0032656134093230
          0.0031520275644170           0.0383230701775082          -0.0024304199023318
          0.0010265264269038           0.0166719638315625           0.0002047894105894
         -0.0004125427199887           0.0001782541305519           0.0017693047563353
          0.0001287142935167           0.0001873503031515          -0.0001595411949721
   0
          0.0000000000000000          -0.0000000000000000           0.0000000000000002
         -0.0000000000000000           0.0000000000000000           0.0000000000000000
          0.0000000000000000          -0.0000000000000000           0.0000000000000001
          0.0000000000000000          -0.0000000000000000           0.0000000000000000
          0.0000000000000000           0.0000000000000000          -0.0000000000000000
          0.0000000000000000          -0.0000000000000000           0.0000000000000000
          0.0000000000000000           0.0000000000000000           0.0000000000000000
          0.0000000000000000           0.0000000000000000           0.0000000000000000
         -0.0000000000000000           0.0000000000000002           0.0000000000000000
          0.0000000000000001          -0.0000000000000001          -0.0000000000000003
          0.0000000000000000          -0.0000000000000000          -0.0000000000000001
          0.0000000000000001          -0.0000000000000000          -0.0000000000000002
         -0.0000000000000000          -0.0000000000000000          -0.0000000000000001
         -0.0000000000000001          -0.0000000000000003          -0.0000000000000001
          0.0000000000000000          -0.0000000000000000          -0.0000000000000000
          0.0000000000000001           0.0000000000000001          -0.0000000000000002
          0.0000000000000000          -0.0000000000000001          -0.0000000000000001
         -0.0000000000000000           0.0000000000000001           0.0000000000000001
         -0.0000000000000000           0.0000000000000000           0.0000000000000000
         -0.0000000000000000          -0.0000000000000000           0.0000000000000000
         -0.0000000000000000           0.0000000000000000          -0.0000000000000000
         -0.0000000000000000          -0.0000000000000000          -0.0000000000000000
         -0.0000000000000000           0.0000000000000000           0.0000000000000000
         -0.0000000000000000           0.0000000000000000          -0.0000000000000000
         -0.0000000000000000           0.0000000000000000          -0.0000000000000000
          0.0000000000000000           0.0000000000000000           0.0000000000000000
          0.0000000000000000           0.0000000000000000           0.0000000000000000
         -0.0000000000000000           0.0000000000000000           0.0000000000000000
          0.0000000000000000           0.0000000000000000           0.0000000000000000
          0.0000000000000000           0.0000000000000000          -0.0000000000000000
          0.0000000000000000           0.0000000000000000           0.0000000000000000
          0.0000000000000000           0.0000000000000000           0.0000000000000000
          0.0000000000000000           0.0000000000000000           0.0000000000000000
          0.0000000000000000           0.0000000000000000           0.0000000000000000
          0.0000000000000000           0.0000000000000000           0.0000000000000000
          0.0000000000000000           0.0000000000000000           0.0000000000000000
          0.0000000000000000           0.0000000000000000           0.0000000000000000
          0.0000000000000000           0.0000000000000000           0.0000000000000000
          0.0026160401673734          -0.1695137599242220          -0.0691793207840273
         -0.0006814217875270           0.1128541646477406          -0.0390083141335629
          0.0267824842504679           0.1434520577856400          -0.0818641726035434
          0.0234850222955677           0.4258199823576045          -0.0516931659530810
         -0.0082699682554596          -0.2096255778637267          -0.0279160428845343
          0.0059683673081683           0.1913959126490597          -0.0294419928201030
          0.0145462039146259           0.0601489058546910          -0.0500212731526761
          0.0287845394782540           0.4611703963674759          -0.0515472230882462
          0.0147424663924193           0.2665304416872184          -0.0265830653399701
          0.0324393991913610           0.4560988805345638          -0.0510535766799309
          0.0195203510934447           0.2792605855043380          -0.0272810681615803
          0.0302494955175558           0.3810395257303654          -0.0446032216955293
          0.0430728635211468           0.4851163056899201          -0.0592322595687491
          0.0375417083870190           0.2897080173277010          -0.0146445744111057
          0.0174985288951810           0.2169482806323047          -0.0227047879217039
          0.0221275856186661           0.2510951264691907          -0.0296856900681453
          0.0266949026442244           0.2719888870591600          -0.0321646800234619
          0.0175799831783087           0.1200346440557526          -0.0045758079138597
          0.0083543356260185           0.0865318405384241          -0.0089784981737257
          0.0089697448082065           0.0859570933941160          -0.0087775343698320
          0.0091143891332919           0.0775129272587468          -0.0069524113590250
          0.0039957401266145           0.0216779475334099          -0.0002072240090586
          0.0000000000000000           0.0000000000000000           0.0000000000000000
          0.0000000000000000           0.0000000000000000           0.0000000000000000
          0.0000000000000000           0.0000000000000000           0.0000000000000000
          0.0000000000000000           0.0000000000000000           0.0000000000000000
          0.0000000000000000           0.0000000000000000           0.0000000000000000
          0.0000000000000000           0.0000000000000000           0.0000000000000000
          0.0000000000000000           0.0000000000000000           0.0000000000000000
          0.0000000000000000           0.0000000000000000           0.0000000000000000
          0.0000000000000000           0.0000000000000000           0.0000000000000000
          0.0000000000000000           0.0000000000000000           0.0000000000000000
          0.0000000000000000           0.0000000000000000           0.0000000000000000
          0.0000000000000000           0.0000000000000000           0.0000000000000000
          0.0000000000000000           0.0000000000000000           0.0000000000000000
          0.0000000000000000           0.0000000000000000           0.0000000000000000
          0.0000000000000000           0.0000000000000000           0.0000000000000000
          0.0000000000000000           0.0000000000000000           0.0000000000000000
          0.0000000000000000           0.0000000000000000           0.0000000000000000
          0.0000000000000000           0.0000000000000000           0.0000000000000000
          0.0000000000000000           0.0000000000000000           0.0000000000000000
          0.0000000000000000           0.0000000000000000           0.0000000000000000
          0.0000000000000000           0.0000000000000000           0.0000000000000000
          0.0000000000000000           0.0000000000000000           0.0000000000000000
