1  82   2   1   2   -6.422138   0.000000
  0 
./DATA/100/00/GA/G009/M024/
0
          4.5780611330109799
          3.0957005346602857
          2.0947508207564551
          1.2375860595303005
          0.5619275245631490
          0.1740510232438163
          0.0105993923515976
          0.0000464097197090
          1.7007881057047156
          4.7249998677141720
          0.6482108150258032
          3.6724225770352601
          1.1923540435125719
          3.3307566694248973
          0.4439536738982512
          2.5823562998105776
          1.8734816327009918
          1.4462673498172780
          0.8770902626347111
          0.6732997939858675
          0.4198927519289025
          0.0613008727808679
          0.3165075781284524
          0.2414122449047818
          0.1468513935891337
          0.0167236275702966
          0.0464270199004645
          0.0351457042789189
          0.0207449021049514
          0.0015945296040009
          5.9183074752712743
          4.1434511411051949
          2.8913432020618179
          1.7764807575167945
          0.8600831270880303
          0.2996606574925866
          0.0255482713370121
          0.0002175335523650
          6.8253606695691236
         19.7923749197484469
          2.6091155829698853
         15.5761298331491975
          4.9217537216254312
         14.2954667076818538
          1.8543055094624858
         11.2280184955189135
          8.3281267846391351
          6.5188204299041779
          4.0535085110896958
          3.1585059010088576
          2.0612777117898879
          0.3705822167323732
          1.5327095445492813
          1.1877112299458419
          0.7581665723588453
          0.1146100149768846
          0.2496884721294138
          0.1921134929131942
          0.1186394369432429
          0.0127981062274445
          3.8024692379159482
          9.5063985567428482
          1.5810686819103066
          7.2849980007372004
          2.7293940035666422
          6.8792162110870061
          1.1142700972217758
          5.2640923047421433
          4.0175633477442929
          3.0647725872637133
          1.9594728688343361
          1.4871953850373141
          0.9187186983459844
          0.1228136521219629
          0.7414935953957519
          0.5585042181810764
          0.3357541128963734
          0.0371231081803891
          0.1204199402862545
          0.0894736119845691
          0.0513840111848134
          0.0039294690885707
1
          4.5780611330109799
          3.0957005346602848
          2.0947508207564547
          1.2375860595303005
          0.5619275245631488
          0.1740510232438163
          0.0105993923515976
          0.0000464097197090
          1.7007881057047156
          4.7249998677141747
          0.6482108150258031
          3.6724225770352610
          1.1923540435125726
          3.3307566694248969
          0.4439536738982511
          2.5823562998105780
          1.8734816327009924
          1.4462673498172780
          0.8770902626347112
          0.6732997939858673
          0.4198927519289024
          0.0613008727808679
          0.3165075781284522
          0.2414122449047817
          0.1468513935891336
          0.0167236275702966
          0.0464270199004645
          0.0351457042789189
          0.0207449021049514
          0.0015945296040009
          5.9183074752712761
          4.1434511411051949
          2.8913432020618171
          1.7764807575167947
          0.8600831270880300
          0.2996606574925867
          0.0255482713370121
          0.0002175335523650
          6.8253606695691218
         19.7923749197484256
          2.6091155829698813
         15.5761298331492153
          4.9217537216254295
         14.2954667076818733
          1.8543055094624850
         11.2280184955189224
          8.3281267846391405
          6.5188204299041761
          4.0535085110896976
          3.1585059010088550
          2.0612777117898875
          0.3705822167323733
          1.5327095445492818
          1.1877112299458417
          0.7581665723588449
          0.1146100149768846
          0.2496884721294138
          0.1921134929131943
          0.1186394369432429
          0.0127981062274445
          3.8024692379159473
          9.5063985567428464
          1.5810686819103077
          7.2849980007372013
          2.7293940035666413
          6.8792162110870070
          1.1142700972217743
          5.2640923047421460
          4.0175633477442974
          3.0647725872637128
          1.9594728688343341
          1.4871953850373134
          0.9187186983459845
          0.1228136521219628
          0.7414935953957518
          0.5585042181810769
          0.3357541128963737
          0.0371231081803891
          0.1204199402862545
          0.0894736119845690
          0.0513840111848134
          0.0039294690885707
   0    2 -0.264551 -0.090526 -0.208932 
          0.0000000000000000           0.0000000000000000          -0.0000000000000000
         -0.0000000000000000           0.0000000000000000           0.0000000000000000
          0.0000000000000000           0.0000000000000000           0.0000000000000000
         -0.0000000000000000           0.0000000000000000           0.0000000000000000
          0.0000000000000000           0.0000000000000000           0.0000000000000000
          0.0000000000000000           0.0000000000000000           0.0000000000000000
          0.0000000000000000           0.0000000000000000          -0.0000000000000000
          0.0000000000000000           0.0000000000000000           0.0000000000000000
         -0.0000000000000000           0.0000000000000000          -0.0000000000000001
          0.0000000000000001          -0.0000000000000001           0.0000000000000001
          0.0000000000000000          -0.0000000000000000          -0.0000000000000000
          0.0000000000000002          -0.0000000000000000           0.0000000000000002
          0.0000000000000000           0.0000000000000000          -0.0000000000000001
         -0.0000000000000001          -0.0000000000000000           0.0000000000000000
          0.0000000000000000           0.0000000000000000          -0.0000000000000000
          0.0000000000000002           0.0000000000000000           0.0000000000000001
         -0.0000000000000000           0.0000000000000000          -0.0000000000000006
          0.0000000000000001           0.0000000000000000           0.0000000000000002
         -0.0000000000000000          -0.0000000000000000          -0.0000000000000001
         -0.0000000000000000          -0.0000000000000000           0.0000000000000000
          0.0000000000000000          -0.0000000000000000           0.0000000000000000
         -0.0000000000000000           0.0000000000000000          -0.0000000000000000
          0.0000000000000000           0.0000000000000000           0.0000000000000001
          0.0000000000000000           0.0000000000000000          -0.0000000000000000
         -0.0000000000000000           0.0000000000000000           0.0000000000000000
          0.0000000000000000          -0.0000000000000000          -0.0000000000000000
          0.0000000000000000          -0.0000000000000000           0.0000000000000000
         -0.0000000000000000           0.0000000000000000          -0.0000000000000000
          0.0000000000000000          -0.0000000000000000           0.0000000000000000
         -0.0000000000000000           0.0000000000000000           0.0000000000000000
         -0.0073547694713099          -0.0008568911794283           0.0066740406294753
          0.0028919055250903          -0.0040116285172336           0.0051514434815358
         -0.0000200246279985          -0.0148857705314449           0.0088475957998128
         -0.0029881173767786          -0.0300932681604143           0.0166422864232735
          0.0030996262670886          -0.0377017113901932           0.0245415956154742
          0.0118087264223434          -0.0241726220168886           0.0221793062647722
          0.0057286379278397          -0.0010134207990303           0.0052689332421103
          0.0001985939383891           0.0001469402743912           0.0000776257764554
          0.0134514285876910          -0.0448456437592308           0.0381373797753499
          0.0174850787549750          -0.0215866922387716           0.0150820030659683
         -0.0040551336274184          -0.0325450231031311           0.0223445108729983
         -0.0000214834601337          -0.0092860715826717          -0.0007108658363807
          0.0145493992542357          -0.0377258757695374           0.0335872317367436
          0.0010025485265285          -0.0410346706746854           0.0180182521311741
          0.0020296415792478          -0.0205926249105309           0.0176495860087102
         -0.0115172091484594          -0.0239014198156786           0.0020806064031439
         -0.0194250982475471          -0.0615178411001643           0.0225406206071980
         -0.0267301523701019          -0.0405708658374480           0.0068370086242869
         -0.0287888782685323          -0.0680618739271273           0.0242276904311486
         -0.0328686858839298          -0.0475851185822123           0.0101929426708536
         -0.0201605848317924          -0.0115358208921869          -0.0036368128318129
          0.0221385417738363           0.0123473867047554           0.0083889404403826
         -0.0229478711137670          -0.0553162880482364           0.0198816659223987
         -0.0254103540508762          -0.0399695702989824           0.0096739191827645
         -0.0187652572480294          -0.0160660255806676          -0.0004448665734101
          0.0079785140299409           0.0039349310498187           0.0035006797978365
         -0.0066697546221619          -0.0228057126035300           0.0083352581904605
         -0.0078320404052530          -0.0168659492990074           0.0044608102874659
         -0.0068071125941120          -0.0083528030342763           0.0005122482656431
          0.0006575302371354           0.0003835377114082           0.0003861266943483
         -0.0203355053111565          -0.1005607472683054           0.0487708055599974
          0.0512720126538223           0.0341284112703015           0.0044485772813211
          0.0002181220424574          -0.0569754290064178           0.0415082238491364
          0.0718256400074361           0.0777137295321889          -0.0028140044295402
         -0.0217284329992744          -0.0983254679773068           0.0465601672103678
          0.0372803807800395           0.0195649215330833           0.0050453166575504
         -0.0012551732807403          -0.0536338402693034           0.0370153498299302
          0.0577536404985736           0.0642565492410865          -0.0044995007228875
          0.0150986665827761          -0.0037998626073174           0.0100904900121468
          0.0329319442903755           0.0388861739181399          -0.0016015660527389
         -0.0017090504898042          -0.0234856472379822           0.0156308675499424
          0.0107442128903723           0.0119716712010268           0.0039100019387231
          0.0168303078557939           0.0272319809737676          -0.0032287872603455
          0.0006707762320513          -0.0102051047627443           0.0027657768308519
         -0.0066879074687415          -0.0293716596137244           0.0160630168659300
         -0.0005187926789354          -0.0057627595459187           0.0071232762912778
          0.0039776559631278           0.0098102106541750           0.0001653932042257
          0.0011190375286892          -0.0020070761383757           0.0007559286466240
         -0.0021490725646814          -0.0159698857036455           0.0079728834876155
         -0.0012100200352549          -0.0078407751096787           0.0045554045086080
         -0.0003352293789009          -0.0006764338779341           0.0013521153244477
          0.0002171331637658           0.0001462072747507           0.0000103980910708
   1
          0.0000000000000000           0.0000000000000000           0.0000000000000000
          0.0000000000000000           0.0000000000000000           0.0000000000000000
          0.0000000000000000           0.0000000000000000           0.0000000000000000
          0.0000000000000000           0.0000000000000000           0.0000000000000000
          0.0000000000000000           0.0000000000000000           0.0000000000000000
          0.0000000000000000           0.0000000000000000           0.0000000000000000
          0.0000000000000000           0.0000000000000000           0.0000000000000000
          0.0000000000000000           0.0000000000000000           0.0000000000000000
          0.0000000000000000           0.0000000000000000           0.0000000000000000
          0.0000000000000000           0.0000000000000000           0.0000000000000000
          0.0000000000000000           0.0000000000000000           0.0000000000000000
          0.0000000000000000           0.0000000000000000           0.0000000000000000
          0.0000000000000000           0.0000000000000000           0.0000000000000000
          0.0000000000000000           0.0000000000000000           0.0000000000000000
          0.0000000000000000           0.0000000000000000           0.0000000000000000
          0.0000000000000000           0.0000000000000000           0.0000000000000000
          0.0000000000000000           0.0000000000000000           0.0000000000000000
          0.0000000000000000           0.0000000000000000           0.0000000000000000
          0.0000000000000000           0.0000000000000000           0.0000000000000000
          0.0000000000000000           0.0000000000000000           0.0000000000000000
          0.0000000000000000           0.0000000000000000           0.0000000000000000
          0.0000000000000000           0.0000000000000000           0.0000000000000000
          0.0000000000000000           0.0000000000000000           0.0000000000000000
          0.0000000000000000           0.0000000000000000           0.0000000000000000
          0.0000000000000000           0.0000000000000000           0.0000000000000000
          0.0000000000000000           0.0000000000000000           0.0000000000000000
          0.0000000000000000           0.0000000000000000           0.0000000000000000
          0.0000000000000000           0.0000000000000000           0.0000000000000000
          0.0000000000000000           0.0000000000000000           0.0000000000000000
          0.0000000000000000           0.0000000000000000           0.0000000000000000
         -0.0073547694713100          -0.0008568911794283           0.0066740406294750
          0.0028919055250903          -0.0040116285172337           0.0051514434815357
         -0.0000200246279985          -0.0148857705314448           0.0088475957998128
         -0.0029881173767786          -0.0300932681604142           0.0166422864232735
          0.0030996262670886          -0.0377017113901932           0.0245415956154742
          0.0118087264223434          -0.0241726220168886           0.0221793062647722
          0.0057286379278397          -0.0010134207990303           0.0052689332421103
          0.0001985939383891           0.0001469402743912           0.0000776257764554
          0.0620246120980669           0.0220813159391360           0.0209516864643148
         -0.0001515974127338          -0.1549459879351401           0.0854870792183237
          0.0329912929674279          -0.0397612372588920           0.0427200648086898
         -0.0291849165433748          -0.2167885411331677           0.1072554575626976
          0.0518242361442648           0.0201543377623427           0.0151217990431508
         -0.0207203405827346          -0.1776754306507874           0.0880891686926904
          0.0376786868317803          -0.0194477182615541           0.0307395194510237
         -0.0348658898952207          -0.2172774866746844           0.1037068891005602
         -0.0407589325045599          -0.1938782530801703           0.0901807875476557
         -0.0395912631471411          -0.2060237787294049           0.0963905319427354
         -0.0432635734970559          -0.1809651279592074           0.0831256513696130
         -0.0349850694002091          -0.1732747983165228           0.0810623238796968
         -0.0016977922605251          -0.1350975802253621           0.0781972047903014
          0.0472000153478654           0.0030761649108996           0.0397416825318885
         -0.0282625453177632          -0.1330858569867990           0.0614044263401376
         -0.0210803119986433          -0.1183044971639557           0.0555273963626140
         -0.0029442199148726          -0.0837379310319752           0.0467143023652058
          0.0192520922377610           0.0023393737286531           0.0166770372648777
         -0.0056473057435934          -0.0508884159755631           0.0234563630907483
         -0.0038844841411655          -0.0424342134108939           0.0197490259951269
         -0.0004705744013277          -0.0275925215217564           0.0143676036279984
          0.0028782153781627           0.0002179426307625           0.0029003261942663
         -0.0203355053111568          -0.1005607472683049           0.0487708055599990
          0.0512720126538204           0.0341284112703027           0.0044485772813214
          0.0002181220424574          -0.0569754290064178           0.0415082238491363
          0.0718256400074361           0.0777137295321896          -0.0028140044295374
         -0.0217284329992745          -0.0983254679773067           0.0465601672103677
          0.0372803807800402           0.0195649215330829           0.0050453166575491
         -0.0012551732807400          -0.0536338402693033           0.0370153498299302
          0.0577536404985734           0.0642565492410865          -0.0044995007228859
          0.0150986665827758          -0.0037998626073183           0.0100904900121429
          0.0329319442903762           0.0388861739181402          -0.0016015660527383
         -0.0017090504898041          -0.0234856472379819           0.0156308675499425
          0.0107442128903724           0.0119716712010264           0.0039100019387228
          0.0168303078557936           0.0272319809737676          -0.0032287872603454
          0.0006707762320513          -0.0102051047627443           0.0027657768308519
         -0.0066879074687415          -0.0293716596137244           0.0160630168659298
         -0.0005187926789351          -0.0057627595459188           0.0071232762912776
          0.0039776559631278           0.0098102106541751           0.0001653932042255
          0.0011190375286892          -0.0020070761383757           0.0007559286466239
         -0.0021490725646813          -0.0159698857036455           0.0079728834876156
         -0.0012100200352549          -0.0078407751096787           0.0045554045086080
         -0.0003352293789008          -0.0006764338779341           0.0013521153244477
          0.0002171331637658           0.0001462072747507           0.0000103980910708
   0
          0.0000000000000000          -0.0000000000000000           0.0000000000000000
          0.0000000000000000          -0.0000000000000000          -0.0000000000000000
          0.0000000000000000           0.0000000000000000           0.0000000000000000
          0.0000000000000000          -0.0000000000000000          -0.0000000000000000
         -0.0000000000000000          -0.0000000000000000           0.0000000000000000
         -0.0000000000000000          -0.0000000000000000           0.0000000000000000
          0.0000000000000000          -0.0000000000000000           0.0000000000000000
          0.0000000000000000           0.0000000000000000          -0.0000000000000000
          0.0000000000000000          -0.0000000000000003           0.0000000000000004
         -0.0000000000000003          -0.0000000000000001          -0.0000000000000004
          0.0000000000000000          -0.0000000000000001          -0.0000000000000002
          0.0000000000000003           0.0000000000000002           0.0000000000000002
         -0.0000000000000001           0.0000000000000000          -0.0000000000000000
          0.0000000000000004          -0.0000000000000003           0.0000000000000005
          0.0000000000000000          -0.0000000000000001           0.0000000000000001
         -0.0000000000000000          -0.0000000000000000           0.0000000000000003
         -0.0000000000000001           0.0000000000000000           0.0000000000000001
          0.0000000000000000          -0.0000000000000000           0.0000000000000004
          0.0000000000000000           0.0000000000000000           0.0000000000000001
          0.0000000000000001          -0.0000000000000000          -0.0000000000000001
         -0.0000000000000000           0.0000000000000000          -0.0000000000000002
         -0.0000000000000000           0.0000000000000000           0.0000000000000000
         -0.0000000000000000          -0.0000000000000001           0.0000000000000000
          0.0000000000000000          -0.0000000000000000          -0.0000000000000001
          0.0000000000000000           0.0000000000000000           0.0000000000000000
          0.0000000000000000           0.0000000000000000           0.0000000000000000
         -0.0000000000000000           0.0000000000000000           0.0000000000000000
         -0.0000000000000000           0.0000000000000000          -0.0000000000000000
          0.0000000000000000          -0.0000000000000000          -0.0000000000000000
          0.0000000000000000          -0.0000000000000000          -0.0000000000000000
          0.0000000000000000           0.0000000000000000           0.0000000000000000
          0.0000000000000000           0.0000000000000000           0.0000000000000000
          0.0000000000000000           0.0000000000000000           0.0000000000000000
          0.0000000000000000           0.0000000000000000           0.0000000000000000
          0.0000000000000000           0.0000000000000000           0.0000000000000000
          0.0000000000000000           0.0000000000000000           0.0000000000000000
          0.0000000000000000           0.0000000000000000           0.0000000000000000
          0.0000000000000000           0.0000000000000000           0.0000000000000000
          0.0485731835103761           0.0669269596983663          -0.0171856933110350
         -0.0176366761677101          -0.1333592956963682           0.0704050761523531
          0.0370464265948461          -0.0072162141557607           0.0203755539356908
         -0.0291634330832411          -0.2075024695504950           0.1079663233990802
          0.0372748368900297           0.0578802135318807          -0.0184654326935919
         -0.0217228891092646          -0.1366407599761002           0.0700709165615080
          0.0356490452525323           0.0011449066489770           0.0130899334423133
         -0.0233486807467614          -0.1933760668590049           0.1016262826974158
         -0.0213338342570119          -0.1323604119800046           0.0676401669404571
         -0.0128611107770394          -0.1654529128919566           0.0895535233184495
         -0.0144746952285248          -0.1129032540320804           0.0588979609384637
         -0.0021163835162794          -0.1256896797343106           0.0708693812088434
          0.0184627925712675          -0.1235617593331752           0.0818340176221143
          0.0250614735740292          -0.0092712217938557           0.0313527420915058
         -0.0053146742039967          -0.0777695689385629           0.0415227604177386
          0.0043300420522328          -0.0783349268649732           0.0458534771798500
          0.0158210373331568          -0.0676719054513071           0.0471591689386160
          0.0112735782078202          -0.0015955573211655           0.0131763574670412
          0.0010224488785686          -0.0280827033720331           0.0151211049002876
          0.0039475562640876          -0.0255682641118865           0.0152882157076610
          0.0063365381927843          -0.0192397184874802           0.0138553553623553
          0.0022206851410273          -0.0001655950806457           0.0025141994999179
          0.0000000000000000           0.0000000000000000           0.0000000000000000
          0.0000000000000000           0.0000000000000000           0.0000000000000000
          0.0000000000000000           0.0000000000000000           0.0000000000000000
          0.0000000000000000           0.0000000000000000           0.0000000000000000
          0.0000000000000000           0.0000000000000000           0.0000000000000000
          0.0000000000000000           0.0000000000000000           0.0000000000000000
          0.0000000000000000           0.0000000000000000           0.0000000000000000
          0.0000000000000000           0.0000000000000000           0.0000000000000000
          0.0000000000000000           0.0000000000000000           0.0000000000000000
          0.0000000000000000           0.0000000000000000           0.0000000000000000
          0.0000000000000000           0.0000000000000000           0.0000000000000000
          0.0000000000000000           0.0000000000000000           0.0000000000000000
          0.0000000000000000           0.0000000000000000           0.0000000000000000
          0.0000000000000000           0.0000000000000000           0.0000000000000000
          0.0000000000000000           0.0000000000000000           0.0000000000000000
          0.0000000000000000           0.0000000000000000           0.0000000000000000
          0.0000000000000000           0.0000000000000000           0.0000000000000000
          0.0000000000000000           0.0000000000000000           0.0000000000000000
          0.0000000000000000           0.0000000000000000           0.0000000000000000
          0.0000000000000000           0.0000000000000000           0.0000000000000000
          0.0000000000000000           0.0000000000000000           0.0000000000000000
          0.0000000000000000           0.0000000000000000           0.0000000000000000
