1  82   2   1   2   -6.024772   0.000000
  0 
./DATA/100/00/GA/G003/M020/
0
          4.8032332559781841
          3.1262708727499602
          2.0136917171074309
          1.1007428362016534
          0.4457106656577713
          0.1240326652383240
          0.0078228644116470
          0.0000474696114177
          1.6734848511378027
          4.6775618369270706
          0.6058922500971898
          3.6099692358864632
          1.1043643344723433
          3.0938630494514205
          0.3953047156843440
          2.3848034306634198
          1.5446104938808916
          1.1879626570459652
          0.6034520653946174
          0.4626633713532392
          0.2911471484423007
          0.0479108953631242
          0.1658653286512363
          0.1266528952056645
          0.0785360364220259
          0.0117407585206748
          0.0140442225149125
          0.0106625402067104
          0.0064749439622061
          0.0008197287282750
          5.7188184147010510
          4.1511380707009637
          3.0094626564518241
          1.9408359272700886
          0.9980327769483144
          0.3741687541495606
          0.0380330415369505
          0.0004767336544931
          6.0268551360299458
         20.9887332012486247
          2.0755330187049550
         17.0374110839236543
          4.3856686850038127
         15.3604349696321592
          1.4801270452335236
         12.4548933298618767
          9.1209713843922806
          7.3808060133778675
          4.5242005368563420
          3.6506335832602992
          2.5101082343229115
          0.4860410787695815
          1.7319805411122253
          1.3921181278975281
          0.9455371620581774
          0.1645367637751887
          0.2779471268646060
          0.2218161870730377
          0.1476385491221669
          0.0217303422430106
          4.7795340545498286
          8.7282601140894585
          2.2097068673948961
          6.1584329269345206
          3.4943442309890043
          6.3787075963289803
          1.6006322168193365
          4.4849955821593088
          3.7842267100831055
          2.6477644854134117
          1.8790545952538353
          1.3084940915338068
          0.7200590965374974
          0.0824339127539127
          0.7225155548918313
          0.5013858828352584
          0.2719592570080617
          0.0269016988521492
          0.1175417820222033
          0.0816138005448820
          0.0437136876539976
          0.0034057416114143
1
          4.8032332559781850
          3.1262708727499606
          2.0136917171074309
          1.1007428362016536
          0.4457106656577713
          0.1240326652383240
          0.0078228644116470
          0.0000474696114177
          1.6734848511378027
          4.6775618369270724
          0.6058922500971898
          3.6099692358864632
          1.1043643344723431
          3.0938630494514214
          0.3953047156843442
          2.3848034306634194
          1.5446104938808916
          1.1879626570459652
          0.6034520653946173
          0.4626633713532390
          0.2911471484423008
          0.0479108953631242
          0.1658653286512363
          0.1266528952056644
          0.0785360364220259
          0.0117407585206748
          0.0140442225149125
          0.0106625402067104
          0.0064749439622061
          0.0008197287282750
          5.7188184147010519
          4.1511380707009646
          3.0094626564518245
          1.9408359272700895
          0.9980327769483143
          0.3741687541495606
          0.0380330415369504
          0.0004767336544931
          6.0268551360299334
         20.9887332012486105
          2.0755330187049594
         17.0374110839236401
          4.3856686850038047
         15.3604349696321574
          1.4801270452335253
         12.4548933298618500
          9.1209713843922824
          7.3808060133778630
          4.5242005368563376
          3.6506335832602979
          2.5101082343229124
          0.4860410787695815
          1.7319805411122278
          1.3921181278975285
          0.9455371620581769
          0.1645367637751887
          0.2779471268646060
          0.2218161870730378
          0.1476385491221670
          0.0217303422430106
          4.7795340545498268
          8.7282601140894585
          2.2097068673948939
          6.1584329269345313
          3.4943442309890069
          6.3787075963289785
          1.6006322168193376
          4.4849955821593159
          3.7842267100831020
          2.6477644854134108
          1.8790545952538351
          1.3084940915338068
          0.7200590965374981
          0.0824339127539127
          0.7225155548918315
          0.5013858828352589
          0.2719592570080616
          0.0269016988521492
          0.1175417820222032
          0.0816138005448821
          0.0437136876539976
          0.0034057416114143
   0    2  0.150380 -0.163833  0.046894 
          0.0000000000000000          -0.0000000000000000          -0.0000000000000001
          0.0000000000000000           0.0000000000000000          -0.0000000000000001
         -0.0000000000000000           0.0000000000000000          -0.0000000000000001
         -0.0000000000000000          -0.0000000000000000           0.0000000000000000
          0.0000000000000000           0.0000000000000000          -0.0000000000000001
          0.0000000000000000           0.0000000000000000           0.0000000000000000
          0.0000000000000000           0.0000000000000000           0.0000000000000000
          0.0000000000000000          -0.0000000000000000          -0.0000000000000000
         -0.0000000000000000           0.0000000000000002           0.0000000000000003
         -0.0000000000000000           0.0000000000000001           0.0000000000000001
          0.0000000000000000          -0.0000000000000000          -0.0000000000000001
         -0.0000000000000000          -0.0000000000000000          -0.0000000000000006
         -0.0000000000000001          -0.0000000000000000          -0.0000000000000002
         -0.0000000000000001          -0.0000000000000003           0.0000000000000006
          0.0000000000000001           0.0000000000000000          -0.0000000000000000
         -0.0000000000000001          -0.0000000000000001          -0.0000000000000004
         -0.0000000000000001          -0.0000000000000001           0.0000000000000004
          0.0000000000000000           0.0000000000000001          -0.0000000000000000
         -0.0000000000000000          -0.0000000000000000           0.0000000000000000
          0.0000000000000000          -0.0000000000000000           0.0000000000000000
          0.0000000000000000           0.0000000000000000          -0.0000000000000000
         -0.0000000000000000          -0.0000000000000000          -0.0000000000000000
         -0.0000000000000000          -0.0000000000000000          -0.0000000000000000
         -0.0000000000000000           0.0000000000000000          -0.0000000000000000
          0.0000000000000000          -0.0000000000000000          -0.0000000000000000
          0.0000000000000000          -0.0000000000000000          -0.0000000000000000
          0.0000000000000000          -0.0000000000000000          -0.0000000000000000
         -0.0000000000000000           0.0000000000000000           0.0000000000000000
          0.0000000000000000          -0.0000000000000000           0.0000000000000000
          0.0000000000000000           0.0000000000000000           0.0000000000000000
         -0.0224343523698821          -0.0126839053293397          -0.0036820136270369
         -0.0038550470302681          -0.0006175656187465          -0.0046181610524319
         -0.0013768570987475           0.0003607882384588          -0.0014368070421000
         -0.0091184685540149          -0.0084036148481670           0.0048481629564474
         -0.0206387532648722          -0.0195969067420796           0.0084153345682672
         -0.0203484712614169          -0.0147001735820525           0.0037102214009732
         -0.0046213464685440           0.0010364944499752          -0.0007198330689301
         -0.0001001892835626           0.0002323435273727          -0.0000265242196659
         -0.0144124299336735          -0.0106053055779813           0.0035639615898957
          0.0037885630086756           0.0171541786685307          -0.0365376284860926
         -0.0109653675578183          -0.0079085877469405           0.0122147641655422
          0.0072356253845301           0.0198508964995710          -0.0278868259104466
         -0.0146430042805431          -0.0107844574497282           0.0029664643387196
          0.0121602815983285           0.0210748652589473          -0.0241994161198519
         -0.0092753261260188          -0.0048595982412140           0.0069403989322699
          0.0175279597528533           0.0269997244674635          -0.0202254815263010
          0.0087405866913368           0.0136676618353807          -0.0061280465703172
          0.0164101620905947           0.0229903169419974          -0.0070862940864521
         -0.0034124673000252          -0.0021719177186609           0.0089746630115596
          0.0051974499607122           0.0085516276548603           0.0052128041507390
          0.0153596452460915           0.0229865257004856          -0.0084346131097548
         -0.0001195313646988          -0.0041042218434582          -0.0018263171873117
         -0.0125755779880757          -0.0144858950929670           0.0147018192946023
         -0.0052304784019531          -0.0051875926840615           0.0106312321816346
          0.0036005281526223           0.0068628163363768           0.0007980256505097
          0.0001573016695436          -0.0015601144555182          -0.0004824830471540
         -0.0097925210857415          -0.0121903680818963           0.0082786079172117
         -0.0063801601942623          -0.0077633938547966           0.0061786517444626
         -0.0021200284844460          -0.0020265009398215           0.0023888069431782
          0.0000049539264946          -0.0001584096122495           0.0000049216901675
         -0.0242801168502370          -0.0197960169880051           0.0097562935839096
          0.0136562499252382           0.0263448900785554          -0.0427299604801068
         -0.0295407535194341          -0.0263296608906738           0.0120367031937589
          0.0083956132560408           0.0198112461758868          -0.0404495508702577
         -0.0270826566397028          -0.0249654289289194           0.0141794641679841
          0.0245999339574903           0.0352558367381399          -0.0354124159491160
         -0.0290166785822198          -0.0268725751288388           0.0123739377655872
          0.0226659120149738           0.0333486905382204          -0.0372179423515129
          0.0238192066646482           0.0327228701418636          -0.0212422033461882
          0.0271314003344696           0.0376820956296310          -0.0273922832086156
          0.0114419559227840           0.0170018816830676          -0.0054233986724744
          0.0188184992776340           0.0271182592327120          -0.0134723270747910
          0.0155298234116176           0.0262788193901766          -0.0197472049055055
         -0.0081734099820515          -0.0137029967558988           0.0065774497676979
         -0.0018591620171406          -0.0010094210590939           0.0053624712744246
          0.0061191701881714           0.0096925033014590          -0.0014453555722755
          0.0089879669486433           0.0155382362140148          -0.0085861831063373
         -0.0022922309183004          -0.0037342720609932           0.0011416942784812
         -0.0063179787497655          -0.0082629500136833           0.0060456891488317
         -0.0022466037473074          -0.0028981992297823           0.0032592043349954
          0.0010164159955599           0.0020734597113543          -0.0002551533126946
         -0.0000146479542759           0.0000706017467125          -0.0002336709840327
   1
          0.0000000000000000           0.0000000000000000           0.0000000000000000
          0.0000000000000000           0.0000000000000000           0.0000000000000000
          0.0000000000000000           0.0000000000000000           0.0000000000000000
          0.0000000000000000           0.0000000000000000           0.0000000000000000
          0.0000000000000000           0.0000000000000000           0.0000000000000000
          0.0000000000000000           0.0000000000000000           0.0000000000000000
          0.0000000000000000           0.0000000000000000           0.0000000000000000
          0.0000000000000000           0.0000000000000000           0.0000000000000000
          0.0000000000000000           0.0000000000000000           0.0000000000000000
          0.0000000000000000           0.0000000000000000           0.0000000000000000
          0.0000000000000000           0.0000000000000000           0.0000000000000000
          0.0000000000000000           0.0000000000000000           0.0000000000000000
          0.0000000000000000           0.0000000000000000           0.0000000000000000
          0.0000000000000000           0.0000000000000000           0.0000000000000000
          0.0000000000000000           0.0000000000000000           0.0000000000000000
          0.0000000000000000           0.0000000000000000           0.0000000000000000
          0.0000000000000000           0.0000000000000000           0.0000000000000000
          0.0000000000000000           0.0000000000000000           0.0000000000000000
          0.0000000000000000           0.0000000000000000           0.0000000000000000
          0.0000000000000000           0.0000000000000000           0.0000000000000000
          0.0000000000000000           0.0000000000000000           0.0000000000000000
          0.0000000000000000           0.0000000000000000           0.0000000000000000
          0.0000000000000000           0.0000000000000000           0.0000000000000000
          0.0000000000000000           0.0000000000000000           0.0000000000000000
          0.0000000000000000           0.0000000000000000           0.0000000000000000
          0.0000000000000000           0.0000000000000000           0.0000000000000000
          0.0000000000000000           0.0000000000000000           0.0000000000000000
          0.0000000000000000           0.0000000000000000           0.0000000000000000
          0.0000000000000000           0.0000000000000000           0.0000000000000000
          0.0000000000000000           0.0000000000000000           0.0000000000000000
         -0.0224343523698820          -0.0126839053293398          -0.0036820136270368
         -0.0038550470302681          -0.0006175656187465          -0.0046181610524319
         -0.0013768570987475           0.0003607882384588          -0.0014368070420999
         -0.0091184685540150          -0.0084036148481671           0.0048481629564476
         -0.0206387532648722          -0.0195969067420795           0.0084153345682672
         -0.0203484712614168          -0.0147001735820525           0.0037102214009732
         -0.0046213464685440           0.0010364944499752          -0.0007198330689301
         -0.0001001892835626           0.0002323435273727          -0.0000265242196659
         -0.0169895058127953          -0.0041279150267260          -0.0287714373505174
         -0.0042582280372016           0.0172256612078248          -0.0371758964418748
         -0.0557682129902077          -0.0543656763606729           0.0111717570436966
         -0.0430369352146140          -0.0330121001261219           0.0027672979523382
          0.0008285763631155           0.0125376072352520          -0.0281266585505625
         -0.0057940217275427           0.0080432083831893          -0.0143392450117015
         -0.0340525928330151          -0.0319586582105423           0.0009828134350950
         -0.0406751909236733          -0.0364530570626066           0.0147702269739544
         -0.0220281039743104          -0.0161679671115647           0.0136179769882532
         -0.0459816603095630          -0.0465497749558516           0.0278554109254053
         -0.0408828394570639          -0.0422393304884408           0.0319092674621162
         -0.0511751703992453          -0.0550202695508424           0.0336902075613472
         -0.0572427922883346          -0.0536214355159151           0.0182648206715001
         -0.0261639297272722          -0.0072783066599054           0.0003349114517804
         -0.0456808630125778          -0.0520310547619613           0.0335152903098821
         -0.0455378097461364          -0.0511420722801036           0.0289187272198328
         -0.0392614534835663          -0.0374283446360452           0.0137035180695080
         -0.0100753576079507           0.0012975178191745          -0.0016859801606812
         -0.0251810758061061          -0.0306376525452482           0.0164972086111685
         -0.0218382189846905          -0.0257724240671350           0.0127759746172082
         -0.0154285419136316          -0.0157312404251547           0.0059863130403265
         -0.0018189792168585           0.0013226256423444          -0.0007969647459562
         -0.0242801168502366          -0.0197960169880059           0.0097562935839100
          0.0136562499252400           0.0263448900785528          -0.0427299604801088
         -0.0295407535194352          -0.0263296608906744           0.0120367031937592
          0.0083956132560409           0.0198112461758859          -0.0404495508702548
         -0.0270826566397037          -0.0249654289289193           0.0141794641679839
          0.0245999339574897           0.0352558367381411          -0.0354124159491147
         -0.0290166785822203          -0.0268725751288392           0.0123739377655873
          0.0226659120149738           0.0333486905382215          -0.0372179423515131
          0.0238192066646482           0.0327228701418636          -0.0212422033461885
          0.0271314003344694           0.0376820956296304          -0.0273922832086172
          0.0114419559227850           0.0170018816830681          -0.0054233986724753
          0.0188184992776343           0.0271182592327122          -0.0134723270747908
          0.0155298234116175           0.0262788193901770          -0.0197472049055055
         -0.0081734099820515          -0.0137029967558987           0.0065774497676978
         -0.0018591620171404          -0.0010094210590937           0.0053624712744247
          0.0061191701881713           0.0096925033014591          -0.0014453555722755
          0.0089879669486433           0.0155382362140147          -0.0085861831063372
         -0.0022922309183004          -0.0037342720609932           0.0011416942784812
         -0.0063179787497655          -0.0082629500136833           0.0060456891488316
         -0.0022466037473074          -0.0028981992297823           0.0032592043349954
          0.0010164159955599           0.0020734597113543          -0.0002551533126946
         -0.0000146479542759           0.0000706017467125          -0.0002336709840327
   0
         -0.0000000000000000           0.0000000000000000           0.0000000000000001
         -0.0000000000000000           0.0000000000000000           0.0000000000000001
          0.0000000000000000          -0.0000000000000000           0.0000000000000001
          0.0000000000000000           0.0000000000000000           0.0000000000000000
         -0.0000000000000000           0.0000000000000000           0.0000000000000001
         -0.0000000000000000           0.0000000000000000           0.0000000000000000
         -0.0000000000000000          -0.0000000000000000           0.0000000000000000
         -0.0000000000000000           0.0000000000000000           0.0000000000000000
          0.0000000000000002           0.0000000000000001           0.0000000000000000
         -0.0000000000000002           0.0000000000000002          -0.0000000000000004
         -0.0000000000000001           0.0000000000000001           0.0000000000000001
         -0.0000000000000001           0.0000000000000001          -0.0000000000000005
         -0.0000000000000000          -0.0000000000000000          -0.0000000000000000
         -0.0000000000000001           0.0000000000000003           0.0000000000000002
          0.0000000000000000           0.0000000000000000          -0.0000000000000000
         -0.0000000000000000          -0.0000000000000002           0.0000000000000003
         -0.0000000000000001          -0.0000000000000001          -0.0000000000000005
          0.0000000000000000          -0.0000000000000001          -0.0000000000000000
         -0.0000000000000000           0.0000000000000000           0.0000000000000001
          0.0000000000000000           0.0000000000000000           0.0000000000000000
         -0.0000000000000000           0.0000000000000000          -0.0000000000000001
         -0.0000000000000000           0.0000000000000000           0.0000000000000000
         -0.0000000000000000           0.0000000000000000          -0.0000000000000000
          0.0000000000000000          -0.0000000000000000           0.0000000000000000
          0.0000000000000000          -0.0000000000000000          -0.0000000000000000
         -0.0000000000000000          -0.0000000000000000          -0.0000000000000000
         -0.0000000000000000          -0.0000000000000000           0.0000000000000000
          0.0000000000000000           0.0000000000000000           0.0000000000000000
          0.0000000000000000           0.0000000000000000           0.0000000000000000
         -0.0000000000000000           0.0000000000000000           0.0000000000000000
          0.0000000000000000           0.0000000000000000           0.0000000000000000
          0.0000000000000000           0.0000000000000000           0.0000000000000000
          0.0000000000000000           0.0000000000000000           0.0000000000000000
          0.0000000000000000           0.0000000000000000           0.0000000000000000
          0.0000000000000000           0.0000000000000000           0.0000000000000000
          0.0000000000000000           0.0000000000000000           0.0000000000000000
          0.0000000000000000           0.0000000000000000           0.0000000000000000
          0.0000000000000000           0.0000000000000000           0.0000000000000000
         -0.0025770758791210           0.0064773905512549          -0.0323353989404120
         -0.0080467910458766           0.0000714825392919          -0.0006382679557804
         -0.0448028454323897          -0.0464570886137324          -0.0010430071218451
         -0.0502725605991444          -0.0528629966256937           0.0306541238627786
          0.0154715806436584           0.0233220646849811          -0.0310931228892815
         -0.0179543033258731          -0.0130316568757610           0.0098601711081552
         -0.0247772667069964          -0.0270990599693287          -0.0059575854971748
         -0.0582031506765266          -0.0634527815300709           0.0349957085002570
         -0.0307686906656467          -0.0298356289469467           0.0197460235585686
         -0.0623918224001591          -0.0695400918978493           0.0349417050118578
         -0.0374703721570389          -0.0400674127697804           0.0229346044505574
         -0.0563726203599569          -0.0635718972057035           0.0284774034106057
         -0.0726024375344254          -0.0766079612164009           0.0266994337812551
         -0.0260443983625736          -0.0031740848164472           0.0021612286390922
         -0.0331052850245022          -0.0375451596689948           0.0188134710152790
         -0.0403073313441837          -0.0459544795960420           0.0182874950381982
         -0.0428619816361888          -0.0442911609724222           0.0129054924189981
         -0.0102326592774943           0.0028576322746927          -0.0012034971135271
         -0.0153885547203647          -0.0184472844633519           0.0082186006939569
         -0.0154580587904282          -0.0180090302123385           0.0065973228727456
         -0.0133085134291856          -0.0137047394853331           0.0035975060971481
         -0.0018239331433532           0.0014810352545939          -0.0008018864361237
          0.0000000000000000           0.0000000000000000           0.0000000000000000
          0.0000000000000000           0.0000000000000000           0.0000000000000000
          0.0000000000000000           0.0000000000000000           0.0000000000000000
          0.0000000000000000           0.0000000000000000           0.0000000000000000
          0.0000000000000000           0.0000000000000000           0.0000000000000000
          0.0000000000000000           0.0000000000000000           0.0000000000000000
          0.0000000000000000           0.0000000000000000           0.0000000000000000
          0.0000000000000000           0.0000000000000000           0.0000000000000000
          0.0000000000000000           0.0000000000000000           0.0000000000000000
          0.0000000000000000           0.0000000000000000           0.0000000000000000
          0.0000000000000000           0.0000000000000000           0.0000000000000000
          0.0000000000000000           0.0000000000000000           0.0000000000000000
          0.0000000000000000           0.0000000000000000           0.0000000000000000
          0.0000000000000000           0.0000000000000000           0.0000000000000000
          0.0000000000000000           0.0000000000000000           0.0000000000000000
          0.0000000000000000           0.0000000000000000           0.0000000000000000
          0.0000000000000000           0.0000000000000000           0.0000000000000000
          0.0000000000000000           0.0000000000000000           0.0000000000000000
          0.0000000000000000           0.0000000000000000           0.0000000000000000
          0.0000000000000000           0.0000000000000000           0.0000000000000000
          0.0000000000000000           0.0000000000000000           0.0000000000000000
          0.0000000000000000           0.0000000000000000           0.0000000000000000
