1  82   2   1   2   -6.376867   0.000000
  0 
./DATA/100/00/GA/G020/M029/
0
          4.7785953892848383
          5.6688028580461660
          3.0986333384695812
          4.1033284752522601
          1.9841387763809961
          2.9747127317265529
          1.0757728662119073
          1.9209391199766224
          0.4314814172783318
          0.9834646994830907
          0.1175121575307910
          0.3571745560701245
          0.0065167267657679
          0.0311876411720243
          0.0000304393420114
          0.0002727378280007
          1.6631490074627706
          5.8016177891379792
          4.7227067347445182
          4.6232645723618937
         20.5437236198553812
          8.4499639697521598
          1.2268062427913711
          3.9678544930272333
          4.3755396039682681
          7.1470373725896135
         33.4520661544620239
         11.8300540739835398
          1.0924295065458292
          4.2002263352613394
          3.4480761486071398
          3.0371516202299151
         15.0092310221696668
          6.1566525301083557
          0.8051958663536086
          2.7883416981016707
          3.1599735048972950
          4.6946400937217803
         24.4063510719183050
          8.5771262678997164
          1.4927974944885503
          8.8977219217909749
          3.6435736894418209
          2.3066866288925025
         14.4276088342098010
          5.0420642441837948
          0.5661198945237479
          4.4148414081113287
          1.8119154172313512
          0.8741219800362242
          7.1271261672355291
          2.4920492483640828
          2.2802767614886021
         19.3569606292629857
          5.2976485928908792
       1570.2211898431862664
      14049.6616509327413951
       2522.3645102353534639
          0.1470647226685340
          1.6988209784993269
          0.7030990971017780
          0.2267697673128924
          2.7252677846927371
          0.9633340950405602
          0.5890052590170345
          7.2555351561891257
          1.9966100229588488
        391.9394030835276794
       4465.5548076656150442
        740.4768960248241001
          0.0107727420252407
          0.2786860935950445
          0.1179000292528306
          0.0165645052226693
          0.4423131751146685
          0.1618369953025648
          0.0426119105340618
          1.1417136047693262
          0.3275543325913033
         26.4550654610482745
        532.2017994353263930
         77.3897332917537568
1
          5.6688028580461642
          4.7785953892848383
          4.1033284752522610
          3.0986333384695812
          2.9747127317265525
          1.9841387763809961
          1.9209391199766221
          1.0757728662119073
          0.9834646994830907
          0.4314814172783319
          0.3571745560701246
          0.1175121575307910
          0.0311876411720243
          0.0065167267657679
          0.0002727378280007
          0.0000304393420114
          4.7227067347445209
          5.8016177891379783
          1.6631490074627699
          8.4499639697521509
         20.5437236198553634
          4.6232645723618946
          4.3755396039682708
          3.9678544930272346
          1.2268062427913704
         11.8300540739835487
         33.4520661544620381
          7.1470373725896144
          3.4480761486071398
          4.2002263352613358
          1.0924295065458298
          6.1566525301083441
         15.0092310221696579
          3.0371516202299147
          3.1599735048972946
          2.7883416981016680
          0.8051958663536085
          8.5771262678997076
         24.4063510719182908
          4.6946400937217811
          3.6435736894418205
          8.8977219217909749
          1.4927974944885503
          5.0420642441837957
         14.4276088342097832
          2.3066866288925021
          1.8119154172313530
          4.4148414081113261
          0.5661198945237478
          2.4920492483640819
          7.1271261672355335
          0.8741219800362240
          5.2976485928908819
         19.3569606292629999
          2.2802767614886021
       2522.3645102353516450
      14049.6616509327341191
       1570.2211898431860391
          0.7030990971017779
          1.6988209784993269
          0.1470647226685339
          0.9633340950405587
          2.7252677846927380
          0.2267697673128924
          1.9966100229588477
          7.2555351561891355
          0.5890052590170345
        740.4768960248245548
       4465.5548076656186822
        391.9394030835276226
          0.1179000292528305
          0.2786860935950442
          0.0107727420252407
          0.1618369953025649
          0.4423131751146686
          0.0165645052226693
          0.3275543325913033
          1.1417136047693268
          0.0426119105340618
         77.3897332917537000
        532.2017994353268477
         26.4550654610482709
   0    2 -0.411136 -0.159960 -0.640528 
          0.0000000000000000          -0.0000000000000000           0.0000000000000000
          0.0660534785566108           0.0466951680683049          -0.0221775570758006
          0.0000000000000000           0.0000000000000000           0.0000000000000000
          0.0212166917759657           0.0152848740810834           0.0047589895177219
          0.0000000000000000           0.0000000000000000          -0.0000000000000001
          0.0063464627055407           0.0050652903683592           0.0036184297001850
         -0.0000000000000000           0.0000000000000000           0.0000000000000000
          0.0153308143296580           0.0093892925284285          -0.0004457625798584
         -0.0000000000000000           0.0000000000000000           0.0000000000000000
          0.0390450754834659           0.0222959107957123           0.0124291543358429
          0.0000000000000000          -0.0000000000000000          -0.0000000000000000
          0.0426215435839758           0.0235167851396385           0.0306695134505536
         -0.0000000000000000           0.0000000000000000           0.0000000000000000
          0.0110018869615729           0.0050202245219754           0.0137217298178282
          0.0000000000000000           0.0000000000000000           0.0000000000000000
          0.0002248765662904           0.0000264275550344           0.0003878987863213
          0.0000000000000000           0.0000000000000000          -0.0000000000000001
          0.0345273618030400           0.0206108603537109           0.0127911625949245
          0.0433149600226596           0.0304518807653507           0.0057971140532722
          0.0000000000000001          -0.0000000000000002           0.0000000000000001
          0.0731111573846712           0.0586594927615836           0.0541062895682028
          0.0643235591650533           0.0488184723499399           0.0611003381098548
         -0.0000000000000001           0.0000000000000003          -0.0000000000000000
          0.0273789854346781           0.0027107119967012          -0.0573848836381186
          0.1239198645621724           0.0789214834293304           0.0584926520025105
         -0.0000000000000001           0.0000000000000002          -0.0000000000000002
          0.1045465765979408           0.0788079768124425           0.0252453703084351
          0.1659370628469599           0.1156546665985088           0.1690991001156766
          0.0000000000000001           0.0000000000000001          -0.0000000000000001
          0.0338466250686568           0.0199134224839468           0.0185379033457863
          0.0428697124772688           0.0289010655659941          -0.0031395268826821
         -0.0000000000000001           0.0000000000000001          -0.0000000000000001
          0.0164615572144329           0.0205708160360309           0.0302575992069563
          0.0074384698058199           0.0115831729539860           0.0519350294354250
          0.0000000000000000          -0.0000000000000000           0.0000000000000000
          0.0298360297925575           0.0065040000570602          -0.0260883065611914
          0.1153428352630581           0.0730715304264999           0.0472035680131738
          0.0000000000000002          -0.0000000000000001          -0.0000000000000004
         -0.0049341059158917           0.0078187871612269          -0.0026489148388493
          0.0444803499201626           0.0384357452024837           0.1573526806493873
          0.0000000000000000          -0.0000000000000002          -0.0000000000000001
         -0.0148314023710701          -0.0027395007584970          -0.0089448432346686
         -0.0262050449450863          -0.0114262243516939           0.0233053790026911
          0.0000000000000001           0.0000000000000003          -0.0000000000000001
         -0.0664716323902198          -0.0344575837273550          -0.0574309700856622
         -0.0426528531412629          -0.0175792303343800           0.0997454652173188
          0.0000000000000000          -0.0000000000000000          -0.0000000000000000
         -0.0084297931544274          -0.0031228071118487          -0.0362940069886627
         -0.0212015216855321          -0.0107451631453401          -0.0050792210387511
          0.0000000000000000           0.0000000000000000          -0.0000000000000001
         -0.0521786103775912          -0.0311961430336474          -0.0945469510631342
         -0.0536431501789765          -0.0275556695650787           0.0307034924968582
          0.0000000000000001           0.0000000000000000           0.0000000000000001
         -0.2934634851585767          -0.1639933263537806          -0.1705998878049833
         -0.1382640596802802          -0.0592194839183318           0.3222912502229766
          0.0000000000000346           0.0000000000000310           0.0000000000003730
        601.3222981993350231         537.9829829815714675        1263.1577397742282756
        482.9025987601788756         261.2807091894244422        -140.5862979468089975
         -0.0000000000000000          -0.0000000000000000          -0.0000000000000000
          0.0092510370984139           0.0042410991137622          -0.0373229139260617
         -0.0009432258394219          -0.0005648981221175          -0.0163591651441020
          0.0000000000000000           0.0000000000000000           0.0000000000000000
         -0.0098746709238216          -0.0101209786157176          -0.0857843096974622
         -0.0227201345396357          -0.0123988522140935          -0.0106279328231927
         -0.0000000000000000           0.0000000000000000          -0.0000000000000000
         -0.1337714344816569          -0.0859511405205767          -0.2189275706647828
         -0.1086223181136850          -0.0534923480030453           0.0960364943582337
          0.0000000000000100           0.0000000000000086          -0.0000000000000441
        169.5397315178141469         199.2621787735037628         508.0035053970845524
        136.7371854212601932          82.1505472178744327          67.9596693119645892
         -0.0000000000000000          -0.0000000000000000          -0.0000000000000000
          0.0127105024515941           0.0055872950121613          -0.0149827807251169
          0.0092057274003544           0.0045545715721430          -0.0086563127238038
          0.0000000000000000           0.0000000000000000          -0.0000000000000000
          0.0128754464989866           0.0035164018059041          -0.0333648179398265
          0.0058657621052101           0.0025505993355097          -0.0125558111771072
          0.0000000000000000           0.0000000000000000          -0.0000000000000000
         -0.0012390422179028          -0.0119371850917165          -0.1009330508533719
         -0.0147203562391456          -0.0081850014489798          -0.0092994175357344
         -0.0000000000000010          -0.0000000000000009           0.0000000000000038
         11.1424644722183057          25.2419696786697330          63.7758009100532774
          3.7492679590221245           4.7147681665277412          30.6806465770277086
   1
          0.0660534785566110           0.0466951680683049          -0.0221775570758003
          0.0000000000000000           0.0000000000000000           0.0000000000000000
          0.0212166917759657           0.0152848740810834           0.0047589895177219
          0.0000000000000000           0.0000000000000000           0.0000000000000000
          0.0063464627055407           0.0050652903683591           0.0036184297001852
          0.0000000000000000           0.0000000000000000           0.0000000000000000
          0.0153308143296581           0.0093892925284284          -0.0004457625798583
          0.0000000000000000           0.0000000000000000           0.0000000000000000
          0.0390450754834660           0.0222959107957121           0.0124291543358429
          0.0000000000000000           0.0000000000000000           0.0000000000000000
          0.0426215435839758           0.0235167851396385           0.0306695134505536
          0.0000000000000000           0.0000000000000000           0.0000000000000000
          0.0110018869615729           0.0050202245219754           0.0137217298178282
          0.0000000000000000           0.0000000000000000           0.0000000000000000
          0.0002248765662904           0.0000264275550344           0.0003878987863213
          0.0000000000000000           0.0000000000000000           0.0000000000000000
          0.0433149600226586           0.0304518807653519           0.0057971140532724
          0.1175659484252307           0.0765944667427666           0.0852195253440319
          0.0000000000000000           0.0000000000000000           0.0000000000000000
          0.0643235591650526           0.0488184723499392           0.0611003381098550
          0.0977110899501921           0.0819462394878147           0.0485753789822210
          0.0000000000000000           0.0000000000000000           0.0000000000000000
          0.1239198645621713           0.0789214834293305           0.0584926520025144
          0.3036681225269712           0.1804168128731463           0.0620377379303058
          0.0000000000000000           0.0000000000000000           0.0000000000000000
          0.1659370628469618           0.1156546665985083           0.1690991001156784
          0.2639584055768921           0.1911203583632456          -0.0112505547933156
          0.0000000000000000           0.0000000000000000           0.0000000000000000
          0.0428697124772699           0.0289010655659941          -0.0031395268826835
          0.0548168951334316           0.0372271419371249           0.0824561988586118
          0.0000000000000000           0.0000000000000000           0.0000000000000000
          0.0074384698058209           0.0115831729539870           0.0519350294354263
          0.0457994694327478           0.0437413351028354           0.0151348062468766
          0.0000000000000000           0.0000000000000000           0.0000000000000000
          0.1153428352630591           0.0730715304265003           0.0472035680131742
          0.2004102156913389           0.1186512597169711           0.1063098428032739
          0.0000000000000000           0.0000000000000000           0.0000000000000000
          0.0444803499201614           0.0384357452024845           0.1573526806493873
          0.1823753642899714           0.1316796460483950          -0.0283329424202033
          0.0000000000000000           0.0000000000000000           0.0000000000000000
         -0.0262050449450868          -0.0114262243516947           0.0233053790026913
          0.0304524729751112           0.0271320790507403          -0.0280662122898605
          0.0000000000000000           0.0000000000000000           0.0000000000000000
         -0.0426528531412631          -0.0175792303343787           0.0997454652173160
          0.1429687634544830           0.0978334978249245          -0.0564177370414599
          0.0000000000000000           0.0000000000000000           0.0000000000000000
         -0.0212015216855320          -0.0107451631453395          -0.0050792210387506
          0.0501726420554072           0.0330122000486827          -0.0486483778708467
          0.0000000000000000           0.0000000000000000           0.0000000000000000
         -0.0536431501789769          -0.0275556695650784           0.0307034924968585
          0.1451595396704105           0.0911897874542907          -0.0646499782572232
          0.0000000000000000           0.0000000000000000           0.0000000000000000
         -0.1382640596802807          -0.0592194839183328           0.3222912502229732
          0.8127613974403770           0.5154512733676143           0.3267396877049196
          0.0000000000000000           0.0000000000000000           0.0000000000000000
        482.9025987601783072         261.2807091894247264        -140.5862979468097080
       2564.6157775915958155        1444.5439199368674963        3018.5650768377367967
          0.0000000000000000           0.0000000000000000           0.0000000000000000
         -0.0009432258394220          -0.0005648981221175          -0.0163591651441025
          0.0639674287924617           0.0370678121721415          -0.0392626401535527
          0.0000000000000000           0.0000000000000000           0.0000000000000000
         -0.0227201345396358          -0.0123988522140935          -0.0106279328231925
          0.1349067792233364           0.0790287822397920          -0.0450979778758132
          0.0000000000000000           0.0000000000000000           0.0000000000000000
         -0.1086223181136851          -0.0534923480030450           0.0960364943582334
          0.5318806819323508           0.3255891039022172           0.1660076864449981
          0.0000000000000000           0.0000000000000000           0.0000000000000000
        136.7371854212601079          82.1505472178742622          67.9596693119643476
        957.1661280876124920         550.0643702255752032        1364.0209597832158579
          0.0000000000000000           0.0000000000000000           0.0000000000000000
          0.0092057274003544           0.0045545715721431          -0.0086563127238038
          0.0386858576114825           0.0205167897175236          -0.0125721252125159
          0.0000000000000000           0.0000000000000000           0.0000000000000000
          0.0058657621052101           0.0025505993355097          -0.0125558111771070
          0.0682333751471749           0.0367587040149495          -0.0127695784874519
          0.0000000000000000           0.0000000000000000           0.0000000000000000
         -0.0147203562391458          -0.0081850014489797          -0.0092994175357344
          0.2041864636478628           0.1145006327586789           0.0386155008207025
          0.0000000000000000           0.0000000000000000           0.0000000000000000
          3.7492679590220890           4.7147681665276959          30.6806465770276553
        151.4228841635328138          87.2939185891093103         261.0246267847957711
          0.0000000000000000           0.0000000000000000           0.0000000000000000
   0
          0.0000000000000000           0.0000000000000000           0.0000000000000000
          0.0000000000000000           0.0000000000000000           0.0000000000000000
         -0.0000000000000000          -0.0000000000000000           0.0000000000000000
          0.0000000000000000           0.0000000000000000           0.0000000000000000
         -0.0000000000000000          -0.0000000000000000           0.0000000000000001
          0.0000000000000000           0.0000000000000000           0.0000000000000000
          0.0000000000000000          -0.0000000000000000           0.0000000000000000
          0.0000000000000000           0.0000000000000000           0.0000000000000000
          0.0000000000000000          -0.0000000000000000          -0.0000000000000000
          0.0000000000000000           0.0000000000000000           0.0000000000000000
         -0.0000000000000000           0.0000000000000000           0.0000000000000000
          0.0000000000000000           0.0000000000000000           0.0000000000000000
          0.0000000000000000           0.0000000000000000           0.0000000000000000
          0.0000000000000000           0.0000000000000000           0.0000000000000000
          0.0000000000000000           0.0000000000000000           0.0000000000000000
          0.0000000000000000           0.0000000000000000           0.0000000000000000
         -0.0000000000000002           0.0000000000000001          -0.0000000000000003
          0.0830385866221920           0.0559836063890554           0.0724283627491090
          0.0000000000000000           0.0000000000000000           0.0000000000000000
          0.0000000000000000          -0.0000000000000001          -0.0000000000000001
          0.0245999325655204           0.0232867467262375          -0.0055309105859779
          0.0000000000000000           0.0000000000000000           0.0000000000000000
          0.0000000000000001          -0.0000000000000001          -0.0000000000000000
          0.2762891370922931           0.1777061008764446           0.1194226215684233
          0.0000000000000000           0.0000000000000000           0.0000000000000000
         -0.0000000000000001           0.0000000000000013          -0.0000000000000004
          0.1594118289789510           0.1123123815508010          -0.0364959251017488
          0.0000000000000000           0.0000000000000000           0.0000000000000000
         -0.0000000000000000          -0.0000000000000000           0.0000000000000002
          0.0209702700647753           0.0173137194531775           0.0639182955128266
          0.0000000000000000           0.0000000000000000           0.0000000000000000
         -0.0000000000000000          -0.0000000000000003          -0.0000000000000003
          0.0293379122183151           0.0231705190668044          -0.0151227929600831
          0.0000000000000000           0.0000000000000000           0.0000000000000000
          0.0000000000000001          -0.0000000000000000          -0.0000000000000002
          0.1705741858987815           0.1121472596599108           0.1323981493644654
          0.0000000000000000           0.0000000000000000           0.0000000000000000
          0.0000000000000001           0.0000000000000001          -0.0000000000000006
          0.1873094702058611           0.1238608588871628          -0.0256840275813566
          0.0000000000000000           0.0000000000000000           0.0000000000000000
         -0.0000000000000001           0.0000000000000001          -0.0000000000000000
          0.0452838753461808           0.0298715798092371          -0.0191213690551919
          0.0000000000000000           0.0000000000000000           0.0000000000000000
          0.0000000000000001           0.0000000000000001           0.0000000000000003
          0.2094403958447035           0.1322910815522820           0.0010132330442011
          0.0000000000000000           0.0000000000000000           0.0000000000000000
         -0.0000000000000000           0.0000000000000000           0.0000000000000001
          0.0586024352098357           0.0361350071605321          -0.0123543708821834
          0.0000000000000000           0.0000000000000000           0.0000000000000000
          0.0000000000000000           0.0000000000000001           0.0000000000000002
          0.1973381500480007           0.1223859304879372           0.0298969728059142
          0.0000000000000000           0.0000000000000000           0.0000000000000000
          0.0000000000000001          -0.0000000000000003          -0.0000000000000002
          1.1062248825989518           0.6794445997213927           0.4973395755099036
          0.0000000000000000           0.0000000000000000           0.0000000000000000
          0.0000000000000238           0.0000000000001941          -0.0000000000001975
       1963.2934793922627250         906.5609369552931867        1755.4073370635076117
          0.0000000000000000           0.0000000000000000           0.0000000000000000
          0.0000000000000000          -0.0000000000000000          -0.0000000000000000
          0.0547163916940481           0.0328267130583789          -0.0019397262274911
          0.0000000000000000           0.0000000000000000           0.0000000000000000
          0.0000000000000000          -0.0000000000000000           0.0000000000000000
          0.1447814501471585           0.0891497608555095           0.0406863318216501
          0.0000000000000000           0.0000000000000000           0.0000000000000000
          0.0000000000000000          -0.0000000000000000           0.0000000000000000
          0.6656521164140079           0.4115402444227943           0.3849352571097814
          0.0000000000000000           0.0000000000000000           0.0000000000000000
          0.0000000000000022           0.0000000000001059          -0.0000000000000094
        787.6263965697983167         350.8021914520720657         856.0174543861326129
          0.0000000000000000           0.0000000000000000           0.0000000000000000
         -0.0000000000000000           0.0000000000000000           0.0000000000000000
          0.0259753551598885           0.0149294947053624           0.0024106555126010
          0.0000000000000000           0.0000000000000000           0.0000000000000000
         -0.0000000000000000           0.0000000000000000          -0.0000000000000000
          0.0553579286481881           0.0332423022090454           0.0205952394523745
          0.0000000000000000           0.0000000000000000           0.0000000000000000
          0.0000000000000000          -0.0000000000000000           0.0000000000000000
          0.2054255058657659           0.1264378178503955           0.1395485516740737
          0.0000000000000000           0.0000000000000000           0.0000000000000000
         -0.0000000000000001           0.0000000000000052           0.0000000000000059
        140.2804196913143073          62.0519489104396342         197.2488258747414420
          0.0000000000000000           0.0000000000000000           0.0000000000000000
