1  82   2   1   2   -6.380623   0.000000
  0 
./DATA/100/00/GA/G014/M020/
0
          4.0613953606449966
          5.2759444678044360
          2.6975447372583865
          3.7242863539071878
          1.7803728015864295
          2.6157971565888656
          1.0112300746916003
          1.6120207053777460
          0.4345195711009543
          0.7722453012433741
          0.1277313385012586
          0.2584468688950389
          0.0074633034225383
          0.0191437379525368
          0.0000325355819763
          0.0001196505291499
          1.1976857153582674
          5.0315116485671254
          3.1811680920726526
          3.3289614032352177
         15.6325834043953940
          7.1508794344086093
          0.8890347905236895
          3.6148800005374562
          2.6844143156541298
          5.1515861662775935
         24.8170235121939875
         10.6238370003260414
          0.8178527479274489
          3.6111948033037251
          2.2772555323972119
          2.2770294438515055
         11.2474827028260496
          5.1520832206676781
          0.6030937918402258
          2.5479581907434548
          1.8921210024033182
          3.5214471836883412
         17.8205339897880926
          7.6417763789442539
          1.2063504706538470
          6.4951041578115127
          2.9835584686615264
          1.8633522336789248
         10.2545878174600471
          4.4137305779583702
          0.5119047472816435
          3.1123940617592014
          1.4360534843824939
          0.7892875941828433
          4.8897588833096641
          2.1176853157110687
          2.0363933467498092
         12.7794398614043629
          5.0127480930614920
       1318.1023761429464685
       8511.2032231011144177
       2563.1432247895609180
          0.1572282012363619
          1.1463302153130717
          0.5323395499189550
          0.2418405554087239
          1.7894217200924534
          0.7822593079589102
          0.6184528570436737
          4.5748317029447403
          1.8130721551840598
        364.8540753869359037
       2554.0217772779869847
        766.3510433222879783
          0.0161452735435274
          0.1760606488360956
          0.0826429190669183
          0.0247386397538825
          0.2722002784375788
          0.1209256397746125
          0.0623574901308644
          0.6726892882386036
          0.2716087755175277
         31.8315458167101362
        271.1258749003772550
         79.9343701831343623
1
          5.2759444678044352
          4.0613953606449966
          3.7242863539071878
          2.6975447372583861
          2.6157971565888665
          1.7803728015864297
          1.6120207053777460
          1.0112300746916003
          0.7722453012433741
          0.4345195711009543
          0.2584468688950389
          0.1277313385012585
          0.0191437379525368
          0.0074633034225383
          0.0001196505291499
          0.0000325355819763
          3.1811680920726522
          5.0315116485671219
          1.1976857153582672
          7.1508794344086084
         15.6325834043953922
          3.3289614032352177
          2.6844143156541271
          3.6148800005374526
          0.8890347905236895
         10.6238370003260449
         24.8170235121939982
          5.1515861662775926
          2.2772555323972088
          3.6111948033037269
          0.8178527479274489
          5.1520832206676781
         11.2474827028260478
          2.2770294438515069
          1.8921210024033195
          2.5479581907434543
          0.6030937918402260
          7.6417763789442530
         17.8205339897880819
          3.5214471836883416
          2.9835584686615282
          6.4951041578115118
          1.2063504706538468
          4.4137305779583720
         10.2545878174600507
          1.8633522336789248
          1.4360534843824955
          3.1123940617592032
          0.5119047472816436
          2.1176853157110695
          4.8897588833096650
          0.7892875941828437
          5.0127480930614938
         12.7794398614043576
          2.0363933467498088
       2563.1432247895613727
       8511.2032231011216936
       1318.1023761429464685
          0.5323395499189549
          1.1463302153130712
          0.1572282012363619
          0.7822593079589102
          1.7894217200924549
          0.2418405554087238
          1.8130721551840616
          4.5748317029447376
          0.6184528570436737
        766.3510433222878646
       2554.0217772779869847
        364.8540753869357900
          0.0826429190669183
          0.1760606488360956
          0.0161452735435273
          0.1209256397746125
          0.2722002784375789
          0.0247386397538825
          0.2716087755175279
          0.6726892882386036
          0.0623574901308644
         79.9343701831344049
        271.1258749003771982
         31.8315458167101362
   0    2 -0.255246 -0.269278  0.177477 
          0.0000000000000001           0.0000000000000000           0.0000000000000001
          0.0240874166110043          -0.0083802257462404           0.0411643497587003
          0.0000000000000001           0.0000000000000000           0.0000000000000000
          0.0141302544619384          -0.0000268325944462           0.0065371957963690
         -0.0000000000000001           0.0000000000000000           0.0000000000000000
          0.0032669100773964           0.0262460882884999          -0.0233549930189208
          0.0000000000000000           0.0000000000000000          -0.0000000000000000
          0.0022709214882022           0.0623174404175157          -0.0522552048921608
          0.0000000000000000           0.0000000000000000          -0.0000000000000000
          0.0166758875055586           0.0824807919225726          -0.0663703084932408
          0.0000000000000000           0.0000000000000000           0.0000000000000000
          0.0250408251296222           0.0591955436335949          -0.0480083529262930
          0.0000000000000000           0.0000000000000000           0.0000000000000000
          0.0071044168666875           0.0104931972415764          -0.0079139864989193
          0.0000000000000000           0.0000000000000000          -0.0000000000000000
          0.0001081858819736           0.0001738943736712          -0.0000945924101258
         -0.0000000000000000          -0.0000000000000000          -0.0000000000000001
          0.0305365890478011           0.0815810704147901          -0.0633261656522579
         -0.0109061658994889           0.1708075955240377          -0.1529357638511611
         -0.0000000000000000           0.0000000000000002           0.0000000000000002
          0.0503690257580335          -0.0153951836503196           0.0195173696871243
          0.0918117807053243          -0.1046217087595688           0.1091269678860282
         -0.0000000000000000          -0.0000000000000000           0.0000000000000000
         -0.0009615333074978           0.1205209361968841          -0.0827365830825853
          0.0274313666389515           0.2491896727883803          -0.2138599880673609
         -0.0000000000000002           0.0000000000000007           0.0000000000000005
          0.0387033401129691          -0.0734315719333396           0.0829504875961791
          0.2328672598485772          -0.3016689357788315           0.3102654754070177
         -0.0000000000000001           0.0000000000000000           0.0000000000000000
          0.0307831711478949           0.0723497611833729          -0.0579302562896072
         -0.0127725996456373           0.1677663884806159          -0.1475726667001361
         -0.0000000000000000          -0.0000000000000000           0.0000000000000001
          0.0098158489781245           0.0295506364929722          -0.0351971081473315
          0.0533716197716563          -0.0658659908042698           0.0544453022631981
          0.0000000000000000           0.0000000000000000          -0.0000000000000000
          0.0148023180458867           0.0844054060605491          -0.0576893036578462
          0.0221567151281444           0.2246650726505418          -0.1914594699316501
          0.0000000000000001           0.0000000000000002          -0.0000000000000006
         -0.0271323262936550          -0.0011928433202518          -0.0122230073732944
          0.1544451539627310          -0.2425996859192309           0.2125764679950184
         -0.0000000000000001           0.0000000000000001          -0.0000000000000001
         -0.0258181286330096           0.0792391432551320          -0.0808636836581321
          0.0139687261699299          -0.0090077231908832          -0.0030721878216502
          0.0000000000000001           0.0000000000000001          -0.0000000000000002
         -0.0830704164503916           0.0839800796735138          -0.0953246372897973
          0.0654484012660712          -0.1383639465562129           0.0988191828215353
          0.0000000000000000          -0.0000000000000001          -0.0000000000000001
         -0.0353667320684092           0.1016835120518911          -0.0910524760061759
         -0.0058904794106523           0.0366705605669496          -0.0366310532943706
         -0.0000000000000000          -0.0000000000000001           0.0000000000000001
         -0.0917110051404787           0.1305813969970959          -0.1213650002841934
          0.0096640745625935          -0.0336457697397091           0.0148932960971519
          0.0000000000000001          -0.0000000000000000          -0.0000000000000000
         -0.2585239262738311           0.0629553001979119          -0.1462392148681439
          0.1247775224390406          -0.3689793302311146           0.2266926650949516
         -0.0000000000000283          -0.0000000000000977          -0.0000000000001507
        859.9065243950611830        -307.9434894001902876         229.4814470513471178
        185.4653188896370750         428.7099493108421484        -291.8895354851110824
         -0.0000000000000000           0.0000000000000000          -0.0000000000000000
         -0.0236577954425255           0.0862392168656487          -0.0692346539362336
         -0.0072499874936814           0.0513284070080651          -0.0413785506987777
          0.0000000000000000          -0.0000000000000000          -0.0000000000000000
         -0.0606261067007461           0.1187253431492155          -0.0958149190870486
         -0.0076791122400361           0.0299359120645485          -0.0254178573208215
         -0.0000000000000000          -0.0000000000000000           0.0000000000000001
         -0.1983553264456344           0.1646595969703284          -0.1627944692881512
          0.0103867803461682          -0.1067549471315018           0.0574333115447684
         -0.0000000000000434           0.0000000000000221          -0.0000000000000159
        281.3844095425599221         -90.1240004883071890          24.3197263965873489
         92.1473748983274845          48.8484862587651563         -63.5876640703151708
         -0.0000000000000000          -0.0000000000000000          -0.0000000000000000
         -0.0045293375372569           0.0348408342899530          -0.0251614576529975
         -0.0005429347400953           0.0272275107385718          -0.0194258148033859
         -0.0000000000000000          -0.0000000000000000          -0.0000000000000000
         -0.0141304259139775           0.0498048326214507          -0.0353765465468665
         -0.0020314888678005           0.0301830621994876          -0.0205761658011217
         -0.0000000000000000           0.0000000000000000           0.0000000000000000
         -0.0562667698951519           0.0918577237908613          -0.0681337395992418
         -0.0069028280459771           0.0248444976681749          -0.0162901361280968
         -0.0000000000000024          -0.0000000000000043          -0.0000000000000011
         19.8159411257819116          -7.0575387151883184          -7.8174219646413130
         11.6097019312447927         -17.9474053636955091           3.1974572241589096
   1
          0.0240874166110043          -0.0083802257462405           0.0411643497587002
          0.0000000000000000           0.0000000000000000           0.0000000000000000
          0.0141302544619384          -0.0000268325944462           0.0065371957963691
          0.0000000000000000           0.0000000000000000           0.0000000000000000
          0.0032669100773962           0.0262460882885000          -0.0233549930189210
          0.0000000000000000           0.0000000000000000           0.0000000000000000
          0.0022709214882022           0.0623174404175157          -0.0522552048921608
          0.0000000000000000           0.0000000000000000           0.0000000000000000
          0.0166758875055587           0.0824807919225725          -0.0663703084932408
          0.0000000000000000           0.0000000000000000           0.0000000000000000
          0.0250408251296222           0.0591955436335949          -0.0480083529262931
          0.0000000000000000           0.0000000000000000           0.0000000000000000
          0.0071044168666875           0.0104931972415764          -0.0079139864989193
          0.0000000000000000           0.0000000000000000           0.0000000000000000
          0.0001081858819736           0.0001738943736712          -0.0000945924101258
          0.0000000000000000           0.0000000000000000           0.0000000000000000
         -0.0109061658994887           0.1708075955240385          -0.1529357638511605
          0.1156778113552314          -0.0584363243595177           0.0766836369235153
          0.0000000000000000           0.0000000000000000           0.0000000000000000
          0.0918117807053226          -0.1046217087595690           0.1091269678860290
          0.0461334182564411           0.1908080978884553          -0.1643012288537784
          0.0000000000000000           0.0000000000000000           0.0000000000000000
          0.0274313666389508           0.2491896727883816          -0.2138599880673605
          0.1801375325705028           0.1292499514108148          -0.0310299222548604
          0.0000000000000000           0.0000000000000000           0.0000000000000000
          0.2328672598485793          -0.3016689357788332           0.3102654754070158
          0.0410487463729182           0.6277387959067620          -0.5129996538094498
          0.0000000000000000           0.0000000000000000           0.0000000000000000
         -0.0127725996456374           0.1677663884806164          -0.1475726667001362
          0.0805586391163564          -0.0482122471177315           0.0448782988358209
          0.0000000000000000           0.0000000000000000           0.0000000000000000
          0.0533716197716548          -0.0658659908042699           0.0544453022631977
          0.0006394011356804           0.2520130424704232          -0.2311330277096955
          0.0000000000000000           0.0000000000000000           0.0000000000000000
          0.0221567151281438           0.2246650726505415          -0.1914594699316500
          0.1524100954053916           0.0622048327705052          -0.0179565978596079
          0.0000000000000000           0.0000000000000000           0.0000000000000000
          0.1544451539627255          -0.2425996859192315           0.2125764679950193
         -0.0074283805559555           0.6626554119468149          -0.5699792509506395
          0.0000000000000000           0.0000000000000000           0.0000000000000000
          0.0139687261699292          -0.0090077231908835          -0.0030721878216497
         -0.0318182083711955           0.3025383480995620          -0.2717214538815320
          0.0000000000000000           0.0000000000000000           0.0000000000000000
          0.0654484012660735          -0.1383639465562133           0.0988191828215354
         -0.0391907212181843           0.6561538962984964          -0.5689549877054088
          0.0000000000000000           0.0000000000000000           0.0000000000000000
         -0.0058904794106522           0.0366705605669498          -0.0366310532943705
         -0.0320617352777067           0.2931940791915726          -0.2495084273603214
          0.0000000000000000           0.0000000000000000           0.0000000000000000
          0.0096640745625929          -0.0336457697397091           0.0148932960971521
         -0.0340957934569199           0.5607049929376485          -0.4736069263670286
          0.0000000000000000           0.0000000000000000           0.0000000000000000
          0.1247775224390362          -0.3689793302311159           0.2266926650949513
          0.2168732654911087           1.7861978322499739          -1.5656034075371272
          0.0000000000000000           0.0000000000000000           0.0000000000000000
        185.4653188896383256         428.7099493108427168        -291.8895354851102297
       1817.7038016473848074        1610.0688941729254111       -1162.2127259959447656
          0.0000000000000000           0.0000000000000000           0.0000000000000000
         -0.0072499874936810           0.0513284070080650          -0.0413785506987777
         -0.0137541780066046           0.2155188630241505          -0.1732043137436581
          0.0000000000000000           0.0000000000000000           0.0000000000000000
         -0.0076791122400363           0.0299359120645483          -0.0254178573208212
         -0.0100397543329080           0.3788403903027428          -0.3074625432835607
          0.0000000000000000           0.0000000000000000           0.0000000000000000
          0.0103867803461684          -0.1067549471315020           0.0574333115447685
          0.1132142659817873           1.0766196761653894          -0.9229989388032326
          0.0000000000000000           0.0000000000000000           0.0000000000000000
         92.1473748983280245          48.8484862587652628         -63.5876640703148226
        671.9505020062189260         608.3573109659369038        -489.9805878624745787
          0.0000000000000000           0.0000000000000000           0.0000000000000000
         -0.0005429347400953           0.0272275107385719          -0.0194258148033859
          0.0025228645837120           0.0789210341027684          -0.0592851778895328
          0.0000000000000000           0.0000000000000000           0.0000000000000000
         -0.0020314888678005           0.0301830621994875          -0.0205761658011217
          0.0070429632473955           0.1294145838761039          -0.0990266162459682
          0.0000000000000000           0.0000000000000000           0.0000000000000000
         -0.0069028280459770           0.0248444976681750          -0.0162901361280969
          0.0424424157244145           0.3339589506590800          -0.2700158190169880
          0.0000000000000000           0.0000000000000000           0.0000000000000000
         11.6097019312448335         -17.9474053636955304           3.1974572241588786
         91.6919426289799873         107.4480834510079177         -98.0422960002570534
          0.0000000000000000           0.0000000000000000           0.0000000000000000
   0
         -0.0000000000000001           0.0000000000000000          -0.0000000000000001
          0.0000000000000000           0.0000000000000000           0.0000000000000000
         -0.0000000000000001          -0.0000000000000000          -0.0000000000000000
          0.0000000000000000           0.0000000000000000           0.0000000000000000
          0.0000000000000001          -0.0000000000000000          -0.0000000000000000
          0.0000000000000000           0.0000000000000000           0.0000000000000000
         -0.0000000000000000           0.0000000000000000           0.0000000000000000
          0.0000000000000000           0.0000000000000000           0.0000000000000000
         -0.0000000000000000          -0.0000000000000000           0.0000000000000000
          0.0000000000000000           0.0000000000000000           0.0000000000000000
          0.0000000000000000          -0.0000000000000000           0.0000000000000000
          0.0000000000000000           0.0000000000000000           0.0000000000000000
          0.0000000000000000           0.0000000000000000           0.0000000000000000
          0.0000000000000000           0.0000000000000000           0.0000000000000000
          0.0000000000000000          -0.0000000000000000           0.0000000000000000
          0.0000000000000000           0.0000000000000000           0.0000000000000000
         -0.0000000000000000          -0.0000000000000001           0.0000000000000002
          0.0851412223074307          -0.1400173947743081           0.1400098025757733
          0.0000000000000000           0.0000000000000000           0.0000000000000000
         -0.0000000000000002           0.0000000000000001           0.0000000000000003
         -0.0042356075015943           0.2062032815387785          -0.1838185985409022
          0.0000000000000000           0.0000000000000000           0.0000000000000000
         -0.0000000000000001           0.0000000000000000           0.0000000000000004
          0.1810990658780005           0.0087290152139315           0.0517066608277248
          0.0000000000000000           0.0000000000000000           0.0000000000000000
          0.0000000000000001           0.0000000000000002          -0.0000000000000000
          0.0023454062599492           0.7011703678401009          -0.5959501414056330
          0.0000000000000000           0.0000000000000000           0.0000000000000000
         -0.0000000000000001          -0.0000000000000000          -0.0000000000000002
          0.0497754679684617          -0.1205620083011042           0.1028085551254279
          0.0000000000000000           0.0000000000000000           0.0000000000000000
         -0.0000000000000002          -0.0000000000000004          -0.0000000000000001
         -0.0091764478424423           0.2224624059774512          -0.1959359195623647
          0.0000000000000000           0.0000000000000000           0.0000000000000000
          0.0000000000000002           0.0000000000000001           0.0000000000000000
          0.1376077773595051          -0.0222005732900440           0.0397327057982382
          0.0000000000000000           0.0000000000000000           0.0000000000000000
         -0.0000000000000008          -0.0000000000000005          -0.0000000000000002
          0.0197039457376966           0.6638482552670669          -0.5577562435773443
          0.0000000000000000           0.0000000000000000           0.0000000000000000
         -0.0000000000000001           0.0000000000000000           0.0000000000000001
         -0.0060000797381859           0.2232992048444295          -0.1908577702234003
          0.0000000000000000           0.0000000000000000           0.0000000000000000
          0.0000000000000002          -0.0000000000000003          -0.0000000000000003
          0.0438796952322080           0.5721738166249808          -0.4736303504156106
          0.0000000000000000           0.0000000000000000           0.0000000000000000
          0.0000000000000001          -0.0000000000000000          -0.0000000000000001
          0.0033049967907020           0.1915105671396825          -0.1584559513541459
          0.0000000000000000           0.0000000000000000           0.0000000000000000
          0.0000000000000001           0.0000000000000000          -0.0000000000000001
          0.0576152116835572           0.4301235959405519          -0.3522419260828355
          0.0000000000000000           0.0000000000000000           0.0000000000000000
         -0.0000000000000002           0.0000000000000002           0.0000000000000000
          0.4753971917649391           1.7232425320520615          -1.4193641926689824
          0.0000000000000000           0.0000000000000000           0.0000000000000000
         -0.0000000000005316          -0.0000000000002175           0.0000000000002370
        957.7972772523229423        1918.0123835731149029       -1391.6941730472899508
          0.0000000000000000           0.0000000000000000           0.0000000000000000
          0.0000000000000000           0.0000000000000000           0.0000000000000000
          0.0099036174359207           0.1292796461585019          -0.1039696598074248
          0.0000000000000000           0.0000000000000000           0.0000000000000000
          0.0000000000000000          -0.0000000000000000          -0.0000000000000000
          0.0505863523678380           0.2601150471535276          -0.2116476241965124
          0.0000000000000000           0.0000000000000000           0.0000000000000000
         -0.0000000000000001          -0.0000000000000001          -0.0000000000000002
          0.3115695924274213           0.9119600791950622          -0.7602044695150817
          0.0000000000000000           0.0000000000000000           0.0000000000000000
          0.0000000000000270           0.0000000000000500           0.0000000000000812
        390.5660924636589471         698.4813114542438370        -514.3003142590614516
          0.0000000000000000           0.0000000000000000           0.0000000000000000
         -0.0000000000000000          -0.0000000000000000          -0.0000000000000000
          0.0070522021209689           0.0440801998128155          -0.0341237202365354
          0.0000000000000000           0.0000000000000000           0.0000000000000000
          0.0000000000000000          -0.0000000000000000          -0.0000000000000000
          0.0211733891613729           0.0796097512546531          -0.0636500696991017
          0.0000000000000000           0.0000000000000000           0.0000000000000000
          0.0000000000000000           0.0000000000000000           0.0000000000000000
          0.0987091856195664           0.2421012268682185          -0.2018820794177460
          0.0000000000000000           0.0000000000000000           0.0000000000000000
          0.0000000000000018           0.0000000000000035          -0.0000000000000025
         71.8760015031979549         114.5056221661963463         -90.2248740356156276
          0.0000000000000000           0.0000000000000000           0.0000000000000000
