1  82   2   1   2   -6.346365   0.000000
  0 
./DATA/100/00/GA/G008/M025/
0
          4.1935817239352113
          5.3964266642763565
          2.7779759336099006
          3.7984688229307983
          1.8290415466369971
          2.6695050913165543
          1.0379015191354957
          1.6567331168911297
          0.4482895336453790
          0.8100062951732788
          0.1337057790051004
          0.2810497505918333
          0.0079494459253369
          0.0224030004804231
          0.0000335329427936
          0.0001584575355416
          1.3002788055787984
          5.2909587475525699
          3.3819919853244063
          3.6063288889730640
         16.4277762743158604
          7.4773755256098093
          0.9694724272500056
          3.9111734041581476
          2.9403586768975640
          5.5815725940385361
         26.1848084576847171
         11.1311257574683768
          0.8860349016014685
          3.7879166514316602
          2.4233978072151605
          2.4589292241114915
         11.8144353834771110
          5.3777782102392218
          0.6597444931093484
          2.7460396270381571
          2.0778241536524895
          3.8055331381293946
         18.7990770911290674
          7.9865849597006164
          1.2959164573489121
          6.8331713357403538
          3.1135705657097197
          2.0051025807769887
         10.8359269654109642
          4.6058850349156506
          0.5461123197419915
          3.2976570645736487
          1.5071049968746044
          0.8444873677379851
          5.2019763333465887
          2.2186367113842560
          2.2124488535137439
         13.7126607070885704
          5.2409388545742930
       1467.4240087105436032
      10107.5467342885240214
       2813.8981239206868850
          0.1660584669139519
          1.2380003384278913
          0.5692750527763492
          0.2565358938685355
          1.9383820529926290
          0.8336008125153032
          0.6699316663638144
          4.9758147119946834
          1.9154477165674120
        417.8865438874485676
       3015.7265931096908389
        810.4547278034650617
          0.0166236396562496
          0.2021583241421099
          0.0942085478144547
          0.0256344395377280
          0.3127593949845926
          0.1372115757245779
          0.0665297462436008
          0.7696025303317917
          0.3032237809594964
         38.1624731010801099
        313.9858469479685255
         78.3258016662856988
1
          5.3964266642763565
          4.1935817239352113
          3.7984688229307970
          2.7779759336099010
          2.6695050913165548
          1.8290415466369974
          1.6567331168911295
          1.0379015191354957
          0.8100062951732789
          0.4482895336453791
          0.2810497505918332
          0.1337057790051004
          0.0224030004804231
          0.0079494459253369
          0.0001584575355416
          0.0000335329427936
          3.3819919853244076
          5.2909587475525726
          1.3002788055787982
          7.4773755256098102
         16.4277762743158497
          3.6063288889730640
          2.9403586768975640
          3.9111734041581503
          0.9694724272500057
         11.1311257574683751
         26.1848084576847278
          5.5815725940385361
          2.4233978072151601
          3.7879166514316593
          0.8860349016014688
          5.3777782102392226
         11.8144353834771145
          2.4589292241114920
          2.0778241536524908
          2.7460396270381575
          0.6597444931093486
          7.9865849597006200
         18.7990770911290568
          3.8055331381293942
          3.1135705657097179
          6.8331713357403485
          1.2959164573489124
          4.6058850349156515
         10.8359269654109678
          2.0051025807769882
          1.5071049968746029
          3.2976570645736487
          0.5461123197419914
          2.2186367113842564
          5.2019763333465843
          0.8444873677379851
          5.2409388545742965
         13.7126607070885793
          2.2124488535137439
       2813.8981239206864302
      10107.5467342885222024
       1467.4240087105438306
          0.5692750527763494
          1.2380003384278917
          0.1660584669139519
          0.8336008125153029
          1.9383820529926288
          0.2565358938685355
          1.9154477165674122
          4.9758147119946869
          0.6699316663638146
        810.4547278034646070
       3015.7265931096935674
        417.8865438874485676
          0.0942085478144548
          0.2021583241421100
          0.0166236396562496
          0.1372115757245779
          0.3127593949845924
          0.0256344395377280
          0.3032237809594964
          0.7696025303317913
          0.0665297462436008
         78.3258016662856704
        313.9858469479682412
         38.1624731010801170
   0    2 -0.110640 -0.073448  0.457475 
          0.0000000000000001           0.0000000000000000           0.0000000000000000
         -0.0189139064518010          -0.0744468542669639           0.0220791854728756
          0.0000000000000000           0.0000000000000000           0.0000000000000000
         -0.0046931245280453          -0.0211188772238804          -0.0004015534037433
          0.0000000000000000           0.0000000000000000           0.0000000000000000
         -0.0057227120458349           0.0317951686661289          -0.0211569056149339
          0.0000000000000000           0.0000000000000000           0.0000000000000000
         -0.0150842323208684           0.0782238353071530          -0.0488430707572486
         -0.0000000000000000           0.0000000000000000           0.0000000000000000
         -0.0221103353337562           0.0879316012538237          -0.0734050757349492
          0.0000000000000000           0.0000000000000000           0.0000000000000000
         -0.0134420676467911           0.0510225979611534          -0.0637452907998796
         -0.0000000000000000          -0.0000000000000000           0.0000000000000000
          0.0006485913084115           0.0060735183582751          -0.0143263501996149
          0.0000000000000000           0.0000000000000000           0.0000000000000000
          0.0001117800310835           0.0000823411850557          -0.0002618418565418
         -0.0000000000000001          -0.0000000000000000           0.0000000000000001
         -0.0293747069843443           0.0753482043774661          -0.0853929102712916
         -0.0387667268148852           0.2460252454136965          -0.1298345135271157
          0.0000000000000002           0.0000000000000002          -0.0000000000000005
          0.0014718673839581          -0.0790765279479865           0.0130203214212328
          0.0108638872145005          -0.2497535689842170           0.0574619246770575
         -0.0000000000000001           0.0000000000000000          -0.0000000000000000
         -0.0504493347055408           0.1062869885033243          -0.0697824189499731
         -0.0762645111472767           0.3241860397797652          -0.2377362522575195
          0.0000000000000006          -0.0000000000000001          -0.0000000000000004
          0.0112438140310661          -0.2025624761475794           0.1270440444350762
          0.0229967169114946          -0.6673715890160634           0.1368566241508271
          0.0000000000000000           0.0000000000000000          -0.0000000000000000
         -0.0258677539362246           0.0704525866864879          -0.0828934673180919
         -0.0397386935860025           0.2422234398893081          -0.1260633686266123
          0.0000000000000005          -0.0000000000000000           0.0000000000000002
          0.0015984967434928           0.0346337837684723          -0.0153112694805815
          0.0154694363932718          -0.1371370694343492           0.0278586318279399
          0.0000000000000001          -0.0000000000000000          -0.0000000000000000
         -0.0398483199839516           0.0681565997260458          -0.0653178833093227
         -0.0682258019895708           0.2946564869640569          -0.2117726549130925
         -0.0000000000000003           0.0000000000000001          -0.0000000000000001
          0.0150841813754843          -0.0034810061099867           0.0698465123656957
          0.0421904579689782          -0.4640645316832594           0.0960713459960120
         -0.0000000000000001           0.0000000000000000           0.0000000000000000
         -0.0069970717776199           0.1361835554616277          -0.0407711277814821
          0.0094852422521427          -0.0138143203802540          -0.0053242706644352
         -0.0000000000000000           0.0000000000000000          -0.0000000000000001
          0.0019381749862009           0.1807177862035236           0.0123274013507037
          0.0403056831092838          -0.2174683634954143           0.0459690827959877
         -0.0000000000000000          -0.0000000000000000          -0.0000000000000000
         -0.0177512414978982           0.1657745111353880          -0.0503601362832543
         -0.0027926219234883           0.0597929354906872          -0.0276598020904572
         -0.0000000000000001          -0.0000000000000000           0.0000000000000001
         -0.0189390212901723           0.2456483967110687          -0.0228721151681106
          0.0188330077119077          -0.0351359935729370           0.0033966870007984
         -0.0000000000000000           0.0000000000000001          -0.0000000000000002
          0.0235496939798446           0.3471467474513080           0.1264705585366470
          0.1076608429776900          -0.4589950758837704           0.0789068162819446
          0.0000000000000107          -0.0000000000000034          -0.0000000000000380
        103.4905499206098085        -993.3502335338949933        -624.3838939895646263
       -184.5120594489179666         278.5895982609030739        -303.4478062401526017
         -0.0000000000000000          -0.0000000000000000           0.0000000000000000
         -0.0209872798005992           0.1269963662812137          -0.0427170165277918
         -0.0108015172531180           0.0715155050412789          -0.0327692199670014
         -0.0000000000000001           0.0000000000000000           0.0000000000000000
         -0.0294960307712180           0.1948166568599576          -0.0331144956722222
         -0.0024570541615005           0.0471892109365622          -0.0208850791523431
         -0.0000000000000002          -0.0000000000000000           0.0000000000000000
         -0.0397346647212574           0.3861976293625164           0.0320453810123912
          0.0425025245672611          -0.0935421853462100           0.0192810207897685
          0.0000000000000220          -0.0000000000000011           0.0000000000000068
         84.9305312980230553        -287.6098730877001231        -263.5083166864965847
        -20.6101730870028952          13.5898226300749148        -110.5055902515523343
          0.0000000000000000           0.0000000000000000           0.0000000000000000
         -0.0109909658017045           0.0434905137544250          -0.0181345644497456
         -0.0075518574437674           0.0311922882562587          -0.0168611021642939
         -0.0000000000000000          -0.0000000000000000          -0.0000000000000000
         -0.0175361189552209           0.0677169694353667          -0.0182341075876097
         -0.0080028182256868           0.0345201812451604          -0.0171472271699845
         -0.0000000000000000          -0.0000000000000000          -0.0000000000000000
         -0.0396115957571697           0.1537032018119520          -0.0082638770367820
         -0.0045841021097200           0.0339603773467844          -0.0140679849810149
          0.0000000000000051           0.0000000000000010          -0.0000000000000030
         16.7660961174148753         -14.4688137586934733         -32.8743835818247518
          7.3249321167497214         -12.0726236050578315         -11.0039437706616336
   1
         -0.0189139064518011          -0.0744468542669638           0.0220791854728756
          0.0000000000000000           0.0000000000000000           0.0000000000000000
         -0.0046931245280453          -0.0211188772238804          -0.0004015534037432
          0.0000000000000000           0.0000000000000000           0.0000000000000000
         -0.0057227120458349           0.0317951686661289          -0.0211569056149339
          0.0000000000000000           0.0000000000000000           0.0000000000000000
         -0.0150842323208683           0.0782238353071531          -0.0488430707572486
          0.0000000000000000           0.0000000000000000           0.0000000000000000
         -0.0221103353337562           0.0879316012538236          -0.0734050757349493
          0.0000000000000000           0.0000000000000000           0.0000000000000000
         -0.0134420676467912           0.0510225979611534          -0.0637452907998796
          0.0000000000000000           0.0000000000000000           0.0000000000000000
          0.0006485913084115           0.0060735183582751          -0.0143263501996149
          0.0000000000000000           0.0000000000000000           0.0000000000000000
          0.0001117800310835           0.0000823411850557          -0.0002618418565418
          0.0000000000000000           0.0000000000000000           0.0000000000000000
         -0.0387667268148858           0.2460252454136971          -0.1298345135271156
         -0.0091002903783325          -0.2115964226642471          -0.0031373593484351
          0.0000000000000000           0.0000000000000000           0.0000000000000000
          0.0108638872144999          -0.2497535689842166           0.0574619246770579
         -0.0467053888224387           0.2041397755232071          -0.1416078183516805
          0.0000000000000000           0.0000000000000000           0.0000000000000000
         -0.0762645111472778           0.3241860397797655          -0.2377362522575185
         -0.0978256114778503          -0.0724700018865919          -0.1632897227942618
          0.0000000000000000           0.0000000000000000           0.0000000000000000
          0.0229967169114922          -0.6673715890160634           0.1368566241508261
         -0.1730358083660676           0.7590023944883156          -0.4402306408007548
          0.0000000000000000           0.0000000000000000           0.0000000000000000
         -0.0397386935860030           0.2422234398893089          -0.1260633686266119
          0.0035993353935312          -0.1393840892671620          -0.0108892151169316
          0.0000000000000000           0.0000000000000000           0.0000000000000000
          0.0154694363932725          -0.1371370694343493           0.0278586318279392
         -0.0521378497789961           0.3495568301770815          -0.1855202584804124
          0.0000000000000000           0.0000000000000000           0.0000000000000000
         -0.0682258019895712           0.2946564869640574          -0.2117726549130938
         -0.0538208920302201          -0.0854325971006685          -0.1322496356882799
          0.0000000000000000           0.0000000000000000           0.0000000000000000
          0.0421904579689767          -0.4640645316832586           0.0960713459960097
         -0.1652952623752733           0.8924492417878170          -0.4815117224152414
          0.0000000000000000           0.0000000000000000           0.0000000000000000
          0.0094852422521438          -0.0138143203802535          -0.0053242706644352
         -0.0640801856055754           0.4485801717282375          -0.2155826970026212
          0.0000000000000000           0.0000000000000000           0.0000000000000000
          0.0403056831092833          -0.2174683634954141           0.0459690827959890
         -0.1586935341202534           0.9265789251354646          -0.4819545576732344
          0.0000000000000000           0.0000000000000000           0.0000000000000000
         -0.0027926219234879           0.0597929354906870          -0.0276598020904572
         -0.0689524262790326           0.4211947342548797          -0.2039894378030743
          0.0000000000000000           0.0000000000000000           0.0000000000000000
          0.0188330077119069          -0.0351359935729365           0.0033966870007975
         -0.1407814697015408           0.7794347313185518          -0.4104577661744015
          0.0000000000000000           0.0000000000000000           0.0000000000000000
          0.1076608429776875          -0.4589950758837705           0.0789068162819409
         -0.4794713547240879           2.3046478873168330          -1.6648240944951975
          0.0000000000000000           0.0000000000000000           0.0000000000000000
       -184.5120594489175119         278.5895982609033013        -303.4478062401517491
       -285.5367071254343045         297.9336266517127001       -2860.4364916210888623
          0.0000000000000000           0.0000000000000000           0.0000000000000000
         -0.0108015172531180           0.0715155050412788          -0.0327692199670014
         -0.0562621729283157           0.2873340113943720          -0.1488697106463173
          0.0000000000000000           0.0000000000000000           0.0000000000000000
         -0.0024570541615002           0.0471892109365620          -0.0208850791523431
         -0.1012831626307188           0.4976275138652160          -0.2764185674007575
          0.0000000000000000           0.0000000000000000           0.0000000000000000
          0.0425025245672598          -0.0935421853462098           0.0192810207897692
         -0.2866881753189263           1.3708353667815996          -0.9691399472872493
          0.0000000000000000           0.0000000000000000           0.0000000000000000
        -20.6101730870030977          13.5898226300750213        -110.5055902515523911
        -20.2384317179381519         215.9060988165882407       -1183.4585271527039367
          0.0000000000000000           0.0000000000000000           0.0000000000000000
         -0.0075518574437673           0.0311922882562587          -0.0168611021642940
         -0.0228756061223355           0.0914256982200715          -0.0549152235729440
          0.0000000000000000           0.0000000000000000           0.0000000000000000
         -0.0080028182256867           0.0345201812451604          -0.0171472271699843
         -0.0374853033697035           0.1502541712150466          -0.0944932532849994
          0.0000000000000000           0.0000000000000000           0.0000000000000000
         -0.0045841021097202           0.0339603773467844          -0.0140679849810150
         -0.0917393110297066           0.3912001149191847          -0.2845642921988371
          0.0000000000000000           0.0000000000000000           0.0000000000000000
          7.3249321167496975         -12.0726236050578368         -11.0039437706615750
         14.8168100478375067          84.5088647474390910        -209.4805002768843849
          0.0000000000000000           0.0000000000000000           0.0000000000000000
   0
         -0.0000000000000001          -0.0000000000000000           0.0000000000000000
          0.0000000000000000           0.0000000000000000           0.0000000000000000
         -0.0000000000000000          -0.0000000000000000          -0.0000000000000000
          0.0000000000000000           0.0000000000000000           0.0000000000000000
          0.0000000000000000           0.0000000000000000          -0.0000000000000000
          0.0000000000000000           0.0000000000000000           0.0000000000000000
          0.0000000000000000           0.0000000000000000          -0.0000000000000000
          0.0000000000000000           0.0000000000000000           0.0000000000000000
          0.0000000000000000          -0.0000000000000000           0.0000000000000000
          0.0000000000000000           0.0000000000000000           0.0000000000000000
          0.0000000000000000          -0.0000000000000000           0.0000000000000000
          0.0000000000000000           0.0000000000000000           0.0000000000000000
          0.0000000000000000           0.0000000000000000          -0.0000000000000000
          0.0000000000000000           0.0000000000000000           0.0000000000000000
          0.0000000000000000           0.0000000000000000           0.0000000000000000
          0.0000000000000000           0.0000000000000000           0.0000000000000000
          0.0000000000000000          -0.0000000000000001          -0.0000000000000002
          0.0202744166060125          -0.2869446270417126           0.0822555509228561
          0.0000000000000000           0.0000000000000000           0.0000000000000000
         -0.0000000000000000          -0.0000000000000001          -0.0000000000000001
         -0.0481772562063995           0.2832163034711945          -0.1546281397729143
          0.0000000000000000           0.0000000000000000           0.0000000000000000
          0.0000000000000000           0.0000000000000000           0.0000000000000001
         -0.0473762767723098          -0.1787569903899160          -0.0935073038442894
          0.0000000000000000           0.0000000000000000           0.0000000000000000
         -0.0000000000000002           0.0000000000000005          -0.0000000000000007
         -0.1842796223971337           0.9615648706358978          -0.5672746852358316
          0.0000000000000000           0.0000000000000000           0.0000000000000000
         -0.0000000000000000           0.0000000000000001           0.0000000000000001
          0.0294670893297557          -0.2098366759536497           0.0720042522011596
          0.0000000000000000           0.0000000000000000           0.0000000000000000
         -0.0000000000000001           0.0000000000000000           0.0000000000000001
         -0.0537363465224868           0.3149230464086101          -0.1702089889998319
          0.0000000000000000           0.0000000000000000           0.0000000000000000
          0.0000000000000001          -0.0000000000000001          -0.0000000000000000
         -0.0139725720462686          -0.1535891968267138          -0.0669317523789578
          0.0000000000000000           0.0000000000000000           0.0000000000000000
         -0.0000000000000004          -0.0000000000000001           0.0000000000000004
         -0.1803794437507546           0.8959302478978060          -0.5513582347809409
          0.0000000000000000           0.0000000000000000           0.0000000000000000
          0.0000000000000002           0.0000000000000001          -0.0000000000000001
         -0.0570831138279561           0.3123966162666099          -0.1748115692211379
          0.0000000000000000           0.0000000000000000           0.0000000000000000
          0.0000000000000002          -0.0000000000000002          -0.0000000000000002
         -0.1606317091064544           0.7458611389319418          -0.4942819590239373
          0.0000000000000000           0.0000000000000000           0.0000000000000000
         -0.0000000000000002          -0.0000000000000000          -0.0000000000000000
         -0.0512011847811346           0.2554202231194920          -0.1536293015198197
          0.0000000000000000           0.0000000000000000           0.0000000000000000
         -0.0000000000000000           0.0000000000000000           0.0000000000000000
         -0.1218424484113687           0.5337863346074814          -0.3875856510062915
          0.0000000000000000           0.0000000000000000           0.0000000000000000
         -0.0000000000000000           0.0000000000000002          -0.0000000000000002
         -0.5030210487039337           1.9575011398655238          -1.7912946530318430
          0.0000000000000000           0.0000000000000000           0.0000000000000000
         -0.0000000000001065          -0.0000000000000427          -0.0000000000000437
       -389.0272570460410293        1291.2838601856090008       -2236.0525976315275329
          0.0000000000000000           0.0000000000000000           0.0000000000000000
         -0.0000000000000000          -0.0000000000000000           0.0000000000000000
         -0.0352748931277162           0.1603376451131579          -0.1061526941185252
          0.0000000000000000           0.0000000000000000           0.0000000000000000
          0.0000000000000000          -0.0000000000000000           0.0000000000000000
         -0.0717871318595004           0.3028108570052583          -0.2433040717285349
          0.0000000000000000           0.0000000000000000           0.0000000000000000
         -0.0000000000000000           0.0000000000000000          -0.0000000000000001
         -0.2469535105976682           0.9846377374190840          -1.0011853282996417
          0.0000000000000000           0.0000000000000000           0.0000000000000000
         -0.0000000000000570           0.0000000000000386           0.0000000000000106
       -105.1689630159613955         503.5159719042892448        -919.9502104662084321
          0.0000000000000000           0.0000000000000000           0.0000000000000000
         -0.0000000000000000          -0.0000000000000000          -0.0000000000000000
         -0.0118846403206310           0.0479351844656464          -0.0367806591231984
          0.0000000000000000           0.0000000000000000           0.0000000000000000
          0.0000000000000000          -0.0000000000000000          -0.0000000000000000
         -0.0199491844144825           0.0825372017796800          -0.0762591456973897
          0.0000000000000000           0.0000000000000000           0.0000000000000000
         -0.0000000000000000           0.0000000000000000          -0.0000000000000000
         -0.0521277152725368           0.2374969131072331          -0.2763004151620551
          0.0000000000000000           0.0000000000000000           0.0000000000000000
          0.0000000000000136           0.0000000000000048          -0.0000000000000027
         -1.9492860695771790          98.9776785061325199        -176.6061166950596828
          0.0000000000000000           0.0000000000000000           0.0000000000000000
