1  82   2   1   2   -5.806679   0.000000
  0 
./DATA/100/00/GA/G014/M024/
0
          5.4230676728245166
          3.6717469144653352
          2.4995989449111495
          1.5032286809971305
          0.7131156325295310
          0.2392664327994899
          0.0176022198111543
          0.0001139188514518
          2.5911807700253426
          7.0996052292509164
          1.0540144932849829
          5.5624389525105622
          1.8234730226682185
          5.0260581039008780
          0.7252557689051380
          3.9278408501378004
          2.8597890378057094
          2.2238928727594707
          1.3744180908297534
          1.0610996480175861
          0.6710346250265370
          0.1205773446193796
          0.5251988759703439
          0.4017644036006402
          0.2453235626095075
          0.0330265162929890
          0.0905458456368977
          0.0684804239414718
          0.0399901519272554
          0.0030860019537401
          6.7592369948711326
          4.7669426090714051
          3.3533348007856141
          2.0914239624156790
          1.0498931606909188
          0.3965544194751310
          0.0437354212100154
          0.0006907481053417
          9.5369576572853187
         27.4144508759733725
          3.7666732581805689
         21.6441664768686053
          6.9514824054298332
         19.9651944933668517
          2.7195943710998813
         15.7333064590369212
         11.8238207669403188
          9.2871866061865926
          5.9149142502899466
          4.6255805434620596
          3.0740159718149256
          0.6438093357033474
          2.3434811559645086
          1.8227217363674173
          1.1856432377038892
          0.2138765882899001
          0.4268508621086387
          0.3296426831098758
          0.2071823394113123
          0.0274027692643620
          5.3161063336851635
         13.1595979329441661
          2.3024219106523747
         10.1459135099113809
          3.8421291517546607
          9.6162092976436728
          1.6371543270099636
          7.4112344728989852
          5.7197758021395240
          4.4000033071118674
          2.8710239745815573
          2.1986571562805386
          1.3887964544484774
          0.2089366221272067
          1.1383242974899652
          0.8644247705760334
          0.5305013314378760
          0.0668187012321751
          0.2060304225281215
          0.1537191376400847
          0.0893877003531785
          0.0077661209517245
1
          5.4230676728245166
          3.6717469144653356
          2.4995989449111491
          1.5032286809971305
          0.7131156325295314
          0.2392664327994900
          0.0176022198111543
          0.0001139188514518
          2.5911807700253422
          7.0996052292509155
          1.0540144932849822
          5.5624389525105604
          1.8234730226682183
          5.0260581039008825
          0.7252557689051379
          3.9278408501377999
          2.8597890378057103
          2.2238928727594716
          1.3744180908297525
          1.0610996480175856
          0.6710346250265369
          0.1205773446193796
          0.5251988759703434
          0.4017644036006401
          0.2453235626095075
          0.0330265162929889
          0.0905458456368978
          0.0684804239414719
          0.0399901519272554
          0.0030860019537401
          6.7592369948711335
          4.7669426090714051
          3.3533348007856141
          2.0914239624156794
          1.0498931606909185
          0.3965544194751310
          0.0437354212100154
          0.0006907481053417
          9.5369576572853134
         27.4144508759733689
          3.7666732581805720
         21.6441664768686159
          6.9514824054298350
         19.9651944933668588
          2.7195943710998844
         15.7333064590369052
         11.8238207669403206
          9.2871866061866033
          5.9149142502899412
          4.6255805434620525
          3.0740159718149282
          0.6438093357033480
          2.3434811559645068
          1.8227217363674173
          1.1856432377038870
          0.2138765882899001
          0.4268508621086384
          0.3296426831098757
          0.2071823394113121
          0.0274027692643620
          5.3161063336851653
         13.1595979329441679
          2.3024219106523769
         10.1459135099113791
          3.8421291517546594
          9.6162092976436870
          1.6371543270099613
          7.4112344728989878
          5.7197758021395311
          4.4000033071118647
          2.8710239745815551
          2.1986571562805390
          1.3887964544484761
          0.2089366221272067
          1.1383242974899654
          0.8644247705760341
          0.5305013314378757
          0.0668187012321751
          0.2060304225281215
          0.1537191376400847
          0.0893877003531787
          0.0077661209517245
   0    2 -1.480802  0.706709  1.011049 
          0.0000000000000001           0.0000000000000001          -0.0000000000000001
          0.0000000000000000          -0.0000000000000001           0.0000000000000000
         -0.0000000000000001          -0.0000000000000001           0.0000000000000000
          0.0000000000000001           0.0000000000000000          -0.0000000000000001
         -0.0000000000000001           0.0000000000000000          -0.0000000000000001
         -0.0000000000000000           0.0000000000000000          -0.0000000000000000
          0.0000000000000000           0.0000000000000000           0.0000000000000000
          0.0000000000000000           0.0000000000000000          -0.0000000000000000
          0.0000000000000000           0.0000000000000001           0.0000000000000000
         -0.0000000000000010          -0.0000000000000009           0.0000000000000003
          0.0000000000000000           0.0000000000000000           0.0000000000000001
         -0.0000000000000007           0.0000000000000001          -0.0000000000000009
          0.0000000000000003           0.0000000000000001          -0.0000000000000001
         -0.0000000000000004           0.0000000000000004          -0.0000000000000006
          0.0000000000000001           0.0000000000000000          -0.0000000000000001
         -0.0000000000000002          -0.0000000000000002           0.0000000000000004
         -0.0000000000000002          -0.0000000000000005          -0.0000000000000004
         -0.0000000000000003           0.0000000000000000          -0.0000000000000000
         -0.0000000000000000           0.0000000000000001          -0.0000000000000003
          0.0000000000000002           0.0000000000000001           0.0000000000000002
          0.0000000000000000          -0.0000000000000000          -0.0000000000000000
          0.0000000000000000           0.0000000000000000           0.0000000000000000
          0.0000000000000000          -0.0000000000000000           0.0000000000000001
         -0.0000000000000000          -0.0000000000000000           0.0000000000000000
          0.0000000000000000           0.0000000000000000          -0.0000000000000000
         -0.0000000000000000           0.0000000000000000          -0.0000000000000000
         -0.0000000000000000          -0.0000000000000000          -0.0000000000000000
         -0.0000000000000000           0.0000000000000000           0.0000000000000000
          0.0000000000000000           0.0000000000000000           0.0000000000000000
         -0.0000000000000000          -0.0000000000000000           0.0000000000000000
         -0.0475159243456868           0.0155862651696738          -0.0107948892873059
         -0.0127663570332572           0.0052035043940556          -0.0024888229682534
          0.0167661698799233          -0.0002605659058745          -0.0178000165380393
          0.0484853242419088          -0.0035008926411839          -0.0431961631292289
          0.0743024118690039          -0.0089279655536390          -0.0608752096251868
          0.0730768750025939          -0.0170229232049934          -0.0532683884946915
          0.0279469327198149          -0.0112357547643691          -0.0190631531804014
          0.0014785722829018          -0.0006211482925512          -0.0011216226193827
          0.1284249010826624          -0.0217567122141086          -0.1052390155694277
         -0.1194357085127271           0.0449666604567381           0.0370295770167798
          0.1138456538316135          -0.0037230585411124          -0.1018871663509235
         -0.1340149557637740           0.0630003141297345           0.0403814262352748
          0.1202175269511024          -0.0232239728506239          -0.0933956787776449
         -0.0347062608921422           0.0272883920369462          -0.0084113909783527
          0.0939077204205262          -0.0065090632681162          -0.0789035154282483
         -0.0610160674227200           0.0440033016194530           0.0060807723710432
          0.0492407298489433           0.0146636495735616          -0.0674355886666008
          0.0133446375090779           0.0287077467618863          -0.0422533982250365
          0.0923880763232721           0.0113161503287145          -0.1023571123633178
          0.0553847423716146           0.0220603712942936          -0.0740295576118315
          0.0143196741575895           0.0144573237774232          -0.0269849142115032
         -0.0306729172900242          -0.0346828789241639           0.0499939571946399
          0.0900432261421632           0.0110290387521236          -0.0955270345676196
          0.0609671145904386           0.0182267721416896          -0.0727014477484485
          0.0288395780322755           0.0143984303395455          -0.0389469098241264
         -0.0099908992496429          -0.0166680066543197           0.0182733947618348
          0.0436329969611538           0.0069794657716502          -0.0440720193774797
          0.0315001213001491           0.0098239287134406          -0.0345528012076056
          0.0176127434042857           0.0088991847860981          -0.0213466634629796
         -0.0006665222366711          -0.0029002519531977           0.0016328650256053
          0.1566083942970511          -0.0023842208789360          -0.1487184945405401
         -0.1476192017271155           0.0255941691215629           0.0805090559878821
          0.1071701742817096          -0.0257437934540266          -0.0793621306092598
         -0.1970574217424592           0.0022345965464718           0.1498654199191627
          0.1593420581336301          -0.0018842102338906          -0.1502720407310421
         -0.0738307920746702           0.0059486294202144           0.0484649709750455
          0.1009796665489236          -0.0209622317373922          -0.0765949870199348
         -0.1321931836593773          -0.0131293920832869           0.1221420246861527
          0.0049663893736957          -0.0084966464296493          -0.0045477212091622
         -0.0576999753703262          -0.0224119145204799           0.0681756665197655
          0.0537508452298925          -0.0111462305333795          -0.0474524306940181
         -0.0029207877464883          -0.0201816868878943           0.0143241691308377
         -0.0280890234306416          -0.0184646831458217           0.0404324901429108
          0.0047193684358410           0.0108288066201304          -0.0091070802492724
          0.0643040396218675          -0.0067874888397438          -0.0586387288148787
          0.0233724014322697          -0.0115585296012217          -0.0165227881827458
         -0.0030040926826519          -0.0120603649439532           0.0099300048348213
          0.0012890989874248           0.0020943016173797          -0.0019059093866636
          0.0343164882263724          -0.0008674516954372          -0.0310390949644642
          0.0182094818337546          -0.0021997148625404          -0.0155326600413830
          0.0052010041492045          -0.0030108521436531          -0.0031018862980904
          0.0002732191748106          -0.0002390364881374          -0.0002849002064665
   1
          0.0000000000000000           0.0000000000000000           0.0000000000000000
          0.0000000000000000           0.0000000000000000           0.0000000000000000
          0.0000000000000000           0.0000000000000000           0.0000000000000000
          0.0000000000000000           0.0000000000000000           0.0000000000000000
          0.0000000000000000           0.0000000000000000           0.0000000000000000
          0.0000000000000000           0.0000000000000000           0.0000000000000000
          0.0000000000000000           0.0000000000000000           0.0000000000000000
          0.0000000000000000           0.0000000000000000           0.0000000000000000
          0.0000000000000000           0.0000000000000000           0.0000000000000000
          0.0000000000000000           0.0000000000000000           0.0000000000000000
          0.0000000000000000           0.0000000000000000           0.0000000000000000
          0.0000000000000000           0.0000000000000000           0.0000000000000000
          0.0000000000000000           0.0000000000000000           0.0000000000000000
          0.0000000000000000           0.0000000000000000           0.0000000000000000
          0.0000000000000000           0.0000000000000000           0.0000000000000000
          0.0000000000000000           0.0000000000000000           0.0000000000000000
          0.0000000000000000           0.0000000000000000           0.0000000000000000
          0.0000000000000000           0.0000000000000000           0.0000000000000000
          0.0000000000000000           0.0000000000000000           0.0000000000000000
          0.0000000000000000           0.0000000000000000           0.0000000000000000
          0.0000000000000000           0.0000000000000000           0.0000000000000000
          0.0000000000000000           0.0000000000000000           0.0000000000000000
          0.0000000000000000           0.0000000000000000           0.0000000000000000
          0.0000000000000000           0.0000000000000000           0.0000000000000000
          0.0000000000000000           0.0000000000000000           0.0000000000000000
          0.0000000000000000           0.0000000000000000           0.0000000000000000
          0.0000000000000000           0.0000000000000000           0.0000000000000000
          0.0000000000000000           0.0000000000000000           0.0000000000000000
          0.0000000000000000           0.0000000000000000           0.0000000000000000
          0.0000000000000000           0.0000000000000000           0.0000000000000000
         -0.0475159243456869           0.0155862651696737          -0.0107948892873060
         -0.0127663570332574           0.0052035043940557          -0.0024888229682533
          0.0167661698799232          -0.0002605659058746          -0.0178000165380394
          0.0484853242419087          -0.0035008926411838          -0.0431961631292288
          0.0743024118690039          -0.0089279655536390          -0.0608752096251867
          0.0730768750025939          -0.0170229232049934          -0.0532683884946915
          0.0279469327198149          -0.0112357547643691          -0.0190631531804014
          0.0014785722829018          -0.0006211482925512          -0.0011216226193827
         -0.0733693626643049           0.0018127803143518           0.0369983817554707
          0.0913477478041728           0.0446071161709009          -0.1734172588607896
          0.0571085382578870           0.0036516738538993          -0.0789353033400474
          0.2218256487263675           0.0464460097104520          -0.2893509439563097
         -0.0325532099567113          -0.0134121448674422           0.0309512447798509
          0.2035757420746297           0.0215409832400877          -0.2345653842918466
          0.0503388068267358          -0.0096245719674235          -0.0436921181535607
          0.2864677588580778           0.0253285561401091          -0.3092087472252574
          0.2978578141139966           0.0049908007697692          -0.2958283355829281
          0.3269735944952870           0.0079664205274079          -0.3192801135449686
          0.3145340519248167           0.0003997880531025          -0.3019075560165629
          0.3061330399829610           0.0008859672617584          -0.2890855706744420
          0.2879373197006687          -0.0276360986954122          -0.2426272093181905
          0.1136250823660537          -0.0863829253196855          -0.0396855014567744
          0.2497116918597433           0.0014923771601692          -0.2356610501870740
          0.2261993186247287           0.0003167284552369          -0.2102925064863840
          0.1910688911741224          -0.0166926486746763          -0.1624750439968407
          0.0577338645727180          -0.0426668792485138          -0.0224932970541126
          0.1058620032295833           0.0026081244701703          -0.0974042649818343
          0.0907189003363567           0.0015326908088519          -0.0827689541491762
          0.0695178638372420          -0.0037696814304831          -0.0601655673148917
          0.0151735428910101          -0.0091322667452455          -0.0080599240648099
          0.1566083942970514          -0.0023842208789360          -0.1487184945405411
         -0.1476192017271159           0.0255941691215635           0.0805090559878811
          0.1071701742817083          -0.0257437934540256          -0.0793621306092600
         -0.1970574217424579           0.0022345965464706           0.1498654199191624
          0.1593420581336303          -0.0018842102338909          -0.1502720407310421
         -0.0738307920746704           0.0059486294202142           0.0484649709750459
          0.1009796665489237          -0.0209622317373923          -0.0765949870199349
         -0.1321931836593750          -0.0131293920832855           0.1221420246861548
          0.0049663893736933          -0.0084966464296462          -0.0045477212091629
         -0.0576999753703270          -0.0224119145204795           0.0681756665197650
          0.0537508452298927          -0.0111462305333790          -0.0474524306940180
         -0.0029207877464889          -0.0201816868878941           0.0143241691308373
         -0.0280890234306415          -0.0184646831458222           0.0404324901429110
          0.0047193684358411           0.0108288066201303          -0.0091070802492724
          0.0643040396218674          -0.0067874888397435          -0.0586387288148787
          0.0233724014322692          -0.0115585296012220          -0.0165227881827460
         -0.0030040926826517          -0.0120603649439534           0.0099300048348213
          0.0012890989874248           0.0020943016173797          -0.0019059093866636
          0.0343164882263724          -0.0008674516954371          -0.0310390949644642
          0.0182094818337546          -0.0021997148625404          -0.0155326600413831
          0.0052010041492044          -0.0030108521436530          -0.0031018862980904
          0.0002732191748106          -0.0002390364881374          -0.0002849002064665
   0
         -0.0000000000000001          -0.0000000000000001           0.0000000000000001
          0.0000000000000000           0.0000000000000001          -0.0000000000000000
          0.0000000000000001           0.0000000000000001           0.0000000000000000
         -0.0000000000000001           0.0000000000000000           0.0000000000000001
          0.0000000000000001           0.0000000000000000           0.0000000000000001
          0.0000000000000000           0.0000000000000000           0.0000000000000000
         -0.0000000000000000          -0.0000000000000000          -0.0000000000000000
         -0.0000000000000000           0.0000000000000000           0.0000000000000000
          0.0000000000000001           0.0000000000000014           0.0000000000000019
         -0.0000000000000003          -0.0000000000000008           0.0000000000000011
         -0.0000000000000001           0.0000000000000004           0.0000000000000006
          0.0000000000000032          -0.0000000000000003           0.0000000000000044
         -0.0000000000000007          -0.0000000000000003          -0.0000000000000004
          0.0000000000000015          -0.0000000000000002           0.0000000000000015
          0.0000000000000005           0.0000000000000001          -0.0000000000000005
          0.0000000000000008          -0.0000000000000004          -0.0000000000000011
         -0.0000000000000006          -0.0000000000000002          -0.0000000000000002
         -0.0000000000000005          -0.0000000000000008          -0.0000000000000016
          0.0000000000000006          -0.0000000000000006           0.0000000000000006
         -0.0000000000000000          -0.0000000000000001          -0.0000000000000000
          0.0000000000000004           0.0000000000000001          -0.0000000000000003
          0.0000000000000001          -0.0000000000000000          -0.0000000000000001
         -0.0000000000000003          -0.0000000000000004          -0.0000000000000002
         -0.0000000000000003          -0.0000000000000000           0.0000000000000004
         -0.0000000000000001           0.0000000000000001          -0.0000000000000002
         -0.0000000000000000           0.0000000000000000          -0.0000000000000000
         -0.0000000000000001          -0.0000000000000000          -0.0000000000000000
         -0.0000000000000000          -0.0000000000000000          -0.0000000000000000
          0.0000000000000000          -0.0000000000000000          -0.0000000000000000
         -0.0000000000000000          -0.0000000000000000           0.0000000000000000
          0.0000000000000000           0.0000000000000000           0.0000000000000000
          0.0000000000000000           0.0000000000000000           0.0000000000000000
          0.0000000000000000           0.0000000000000000           0.0000000000000000
          0.0000000000000000           0.0000000000000000           0.0000000000000000
          0.0000000000000000           0.0000000000000000           0.0000000000000000
          0.0000000000000000           0.0000000000000000           0.0000000000000000
          0.0000000000000000           0.0000000000000000           0.0000000000000000
          0.0000000000000000           0.0000000000000000           0.0000000000000000
         -0.2017942637469674           0.0235694925284592           0.1422373973249020
          0.2107834563169035          -0.0003595442858344          -0.2104468358775628
         -0.0567371155737272           0.0073747323950113           0.0229518630108759
          0.3558406044901409          -0.0165543044192796          -0.3297323701915892
         -0.1527707369078124           0.0098118279831797           0.1243469235574957
          0.2382820029667745          -0.0057474087968558          -0.2261539933134997
         -0.0435689135937898          -0.0031155086993081           0.0352113972746875
          0.3474838262807950          -0.0186747454793471          -0.3152895195963014
          0.2486170842650537          -0.0096728488037920          -0.2283927469163300
          0.3136289569862103          -0.0207413262344774          -0.2770267153199303
          0.2221459756015431          -0.0109163622756123          -0.1995504436532449
          0.2507482976113450          -0.0211744040325338          -0.2150560130626112
          0.2736176455430794          -0.0420934224728348          -0.2156422951066872
          0.1442979996560776          -0.0517000463955214          -0.0896794586514141
          0.1596684657175801          -0.0095366615919545          -0.1401340156194538
          0.1652322040342901          -0.0179100436864524          -0.1375910587379353
          0.1622293131418471          -0.0310910790142215          -0.1235281341727138
          0.0677247638223610          -0.0259988725941941          -0.0407666918159474
          0.0622290062684297          -0.0043713413014801          -0.0533322456043545
          0.0592187790362078          -0.0082912379045887          -0.0482161529415706
          0.0519051204329563          -0.0126688662165813          -0.0388189038519122
          0.0158400651276812          -0.0062320147920478          -0.0096927890904152
          0.0000000000000000           0.0000000000000000           0.0000000000000000
          0.0000000000000000           0.0000000000000000           0.0000000000000000
          0.0000000000000000           0.0000000000000000           0.0000000000000000
          0.0000000000000000           0.0000000000000000           0.0000000000000000
          0.0000000000000000           0.0000000000000000           0.0000000000000000
          0.0000000000000000           0.0000000000000000           0.0000000000000000
          0.0000000000000000           0.0000000000000000           0.0000000000000000
          0.0000000000000000           0.0000000000000000           0.0000000000000000
          0.0000000000000000           0.0000000000000000           0.0000000000000000
          0.0000000000000000           0.0000000000000000           0.0000000000000000
          0.0000000000000000           0.0000000000000000           0.0000000000000000
          0.0000000000000000           0.0000000000000000           0.0000000000000000
          0.0000000000000000           0.0000000000000000           0.0000000000000000
          0.0000000000000000           0.0000000000000000           0.0000000000000000
          0.0000000000000000           0.0000000000000000           0.0000000000000000
          0.0000000000000000           0.0000000000000000           0.0000000000000000
          0.0000000000000000           0.0000000000000000           0.0000000000000000
          0.0000000000000000           0.0000000000000000           0.0000000000000000
          0.0000000000000000           0.0000000000000000           0.0000000000000000
          0.0000000000000000           0.0000000000000000           0.0000000000000000
          0.0000000000000000           0.0000000000000000           0.0000000000000000
          0.0000000000000000           0.0000000000000000           0.0000000000000000
