1  82   2   1   2   -6.351542   0.000000
  0 
./DATA/100/00/GA/G009/M023/
0
          4.6077028302930989
          3.0296660239697548
          1.9816680493938164
          1.1163404615710033
          0.4791436596914952
          0.1439468818918570
          0.0095384754545872
          0.0000581416453476
          1.5828287637508296
          4.3777256487068277
          0.6001154643451271
          3.3950123493011239
          1.0652907686607560
          2.9510911731841056
          0.4013846891177461
          2.2871850936410967
          1.5288769131682107
          1.1833042765127626
          0.6334724825737319
          0.4891770954714065
          0.3168325578195534
          0.0562542663325736
          0.1911005477893434
          0.1470713507535336
          0.0940740853239659
          0.0150118377273249
          0.0198031572010937
          0.0151541501454112
          0.0094901901299583
          0.0012460320690863
          5.7124154036245658
          4.0713685210242101
          2.8996864271426852
          1.8294123426747575
          0.9103230210341128
          0.3208614240404352
          0.0269073489968081
          0.0002355976809859
          6.0481791388559927
         19.5817373072132881
          2.1882231981415328
         15.7217813664988046
          4.3669110117280514
         14.2034557165418036
          1.5454915037133408
         11.3820362085270812
          8.3306240204271358
          6.6511784361567088
          4.0885803893487882
          3.2461231184803272
          2.1560678282138031
          0.3820576146732174
          1.5610865530611036
          1.2296714571910141
          0.7965150138786424
          0.1182124742173229
          0.2577615847271791
          0.2003665672649564
          0.1246893816071096
          0.0133202624526168
          4.1889589387208765
          8.6259992843137585
          1.8678669393846290
          6.3049072849775065
          3.0264085005628814
          6.2587748635720439
          1.3305462639718983
          4.5629126269810589
          3.6783177159878839
          2.6715979512788506
          1.8145833303793106
          1.3130226672551708
          0.7585209899936372
          0.1001567833560636
          0.6998153148473646
          0.5050931107176002
          0.2853340947937680
          0.0301033265779480
          0.1181591700968898
          0.0854196079661844
          0.0470855739492901
          0.0032316696701385
1
          4.6077028302930980
          3.0296660239697544
          1.9816680493938161
          1.1163404615710031
          0.4791436596914952
          0.1439468818918571
          0.0095384754545872
          0.0000581416453476
          1.5828287637508296
          4.3777256487068277
          0.6001154643451269
          3.3950123493011231
          1.0652907686607562
          2.9510911731841065
          0.4013846891177462
          2.2871850936410971
          1.5288769131682107
          1.1833042765127630
          0.6334724825737320
          0.4891770954714065
          0.3168325578195534
          0.0562542663325737
          0.1911005477893433
          0.1470713507535336
          0.0940740853239659
          0.0150118377273249
          0.0198031572010937
          0.0151541501454112
          0.0094901901299583
          0.0012460320690863
          5.7124154036245640
          4.0713685210242101
          2.8996864271426843
          1.8294123426747573
          0.9103230210341130
          0.3208614240404351
          0.0269073489968081
          0.0002355976809859
          6.0481791388559945
         19.5817373072132774
          2.1882231981415319
         15.7217813664988046
          4.3669110117280523
         14.2034557165417841
          1.5454915037133419
         11.3820362085270741
          8.3306240204271322
          6.6511784361567079
          4.0885803893487873
          3.2461231184803294
          2.1560678282138048
          0.3820576146732175
          1.5610865530611024
          1.2296714571910139
          0.7965150138786423
          0.1182124742173229
          0.2577615847271789
          0.2003665672649561
          0.1246893816071096
          0.0133202624526168
          4.1889589387208801
          8.6259992843137567
          1.8678669393846283
          6.3049072849775047
          3.0264085005628809
          6.2587748635720430
          1.3305462639718995
          4.5629126269810607
          3.6783177159878826
          2.6715979512788497
          1.8145833303793097
          1.3130226672551712
          0.7585209899936365
          0.1001567833560636
          0.6998153148473651
          0.5050931107176007
          0.2853340947937681
          0.0301033265779480
          0.1181591700968898
          0.0854196079661844
          0.0470855739492901
          0.0032316696701385
   0    2  0.545424 -0.406554 -0.283437 
          0.0000000000000000           0.0000000000000001          -0.0000000000000000
         -0.0000000000000000           0.0000000000000001           0.0000000000000001
          0.0000000000000000           0.0000000000000001           0.0000000000000001
          0.0000000000000000           0.0000000000000000          -0.0000000000000000
          0.0000000000000000           0.0000000000000000           0.0000000000000000
          0.0000000000000000           0.0000000000000000           0.0000000000000000
         -0.0000000000000000           0.0000000000000000           0.0000000000000000
          0.0000000000000000           0.0000000000000000           0.0000000000000000
         -0.0000000000000000          -0.0000000000000000           0.0000000000000001
         -0.0000000000000000           0.0000000000000003           0.0000000000000004
         -0.0000000000000000          -0.0000000000000000          -0.0000000000000000
         -0.0000000000000001           0.0000000000000001           0.0000000000000001
         -0.0000000000000000           0.0000000000000000          -0.0000000000000000
          0.0000000000000000           0.0000000000000001           0.0000000000000004
          0.0000000000000000           0.0000000000000000           0.0000000000000000
          0.0000000000000000           0.0000000000000002           0.0000000000000002
          0.0000000000000001           0.0000000000000000           0.0000000000000000
          0.0000000000000000           0.0000000000000001           0.0000000000000001
          0.0000000000000000           0.0000000000000000          -0.0000000000000000
          0.0000000000000000          -0.0000000000000001           0.0000000000000000
          0.0000000000000000           0.0000000000000000          -0.0000000000000000
         -0.0000000000000000           0.0000000000000000           0.0000000000000000
          0.0000000000000000          -0.0000000000000000          -0.0000000000000000
          0.0000000000000000          -0.0000000000000000           0.0000000000000000
         -0.0000000000000000           0.0000000000000000           0.0000000000000000
          0.0000000000000000          -0.0000000000000000          -0.0000000000000000
         -0.0000000000000000           0.0000000000000000           0.0000000000000000
         -0.0000000000000000          -0.0000000000000000           0.0000000000000000
          0.0000000000000000           0.0000000000000000           0.0000000000000000
          0.0000000000000000          -0.0000000000000000           0.0000000000000000
         -0.0581653253698436           0.0009789680815327          -0.0144319791850303
         -0.0202785162016490          -0.0036472390586977          -0.0099881141974430
         -0.0017294275180400           0.0009003598611865           0.0112496790916023
         -0.0044599442739935           0.0090933858355351           0.0417553410186909
         -0.0286786095505737           0.0181615866240903           0.0635569668394689
         -0.0410008813888322           0.0224202866471462           0.0514657748989014
         -0.0132629449451914           0.0094933655268676           0.0099393690651865
         -0.0003352097480193           0.0003354670959921           0.0001409018516259
         -0.0493268265974851           0.0220274961439636           0.0667016189816419
         -0.0440925935173337          -0.0461997280774369          -0.0858770005272188
         -0.0218193109822039           0.0135823795426948           0.0491685152990341
         -0.0165850779020518          -0.0546448446787059          -0.1034101042098299
         -0.0483214857704829           0.0225720507544483           0.0640209444181426
          0.0173767984075068          -0.0309589090277176          -0.0346374276176016
         -0.0281990258220214           0.0125572293500045           0.0399030939070680
          0.0374992583559678          -0.0409737304321611          -0.0587552781286756
          0.0575188886909029          -0.0116760544478242           0.0260413896024034
          0.0725002912343372          -0.0227561557568998          -0.0030821019918128
          0.0539850283290554           0.0005624183725670           0.0624239204718059
          0.0666028389852386          -0.0096047871134656           0.0343687241756648
          0.0531358767424067          -0.0119566065855823          -0.0005883277889845
         -0.0342903952379994           0.0082962806492970          -0.0106495689317736
          0.0265385155855578           0.0032363691495454           0.0626189329308913
          0.0363916041650886          -0.0039425902841795           0.0420571922042895
          0.0340865895270570          -0.0064168892438845           0.0162631980341822
         -0.0094343915990466           0.0048723287158368          -0.0032739922450676
          0.0005494124803489           0.0003610256050660           0.0275646887272961
          0.0048757408513135          -0.0022053085111440           0.0200668282494505
          0.0071733878502996          -0.0031319988507797           0.0104832178237129
         -0.0002542425729263           0.0010717440265355          -0.0001019985097857
          0.0122092495655757           0.0175093339097057           0.1219560353122155
         -0.1056286696803936          -0.0416815658431780          -0.1411314168577982
         -0.0428617057900577           0.0322423301703521           0.1094709406037675
         -0.1606996250360269          -0.0269485695825315          -0.1536165115662448
          0.0123607091754918           0.0194523747344888           0.1265192476103068
         -0.0433053965384682          -0.0278392330077582          -0.0971357308097650
         -0.0361748023107970           0.0288136477522257           0.1017936770750637
         -0.0918409080247572          -0.0184779599900215          -0.1218613013450079
          0.0053997079045957          -0.0086748360335966          -0.0356996794522111
         -0.0286780281656973          -0.0050820135369914          -0.0709639782180494
          0.0175748244667518           0.0044320514391411           0.0135705740337132
          0.0005624192711642           0.0044596365693554          -0.0226046652011686
         -0.0140651975056708           0.0065827718355928          -0.0310777725112381
         -0.0062936963155222          -0.0053333642162747           0.0072918072156478
          0.0077149281459219           0.0073912332059153           0.0338726313250926
          0.0038686204027080           0.0062341885009117           0.0069594187060823
         -0.0008295342862497           0.0062147803696722          -0.0084215479511697
         -0.0023335991396533          -0.0010471315097248           0.0013977677076822
         -0.0034399159665778           0.0028107896626547           0.0200457018930089
         -0.0017372213870800           0.0022030821880555           0.0104292371217576
         -0.0002958155492915           0.0019292557824898           0.0023755998642954
         -0.0001562410423208           0.0001760790535622          -0.0000816559280886
   1
          0.0000000000000000           0.0000000000000000           0.0000000000000000
          0.0000000000000000           0.0000000000000000           0.0000000000000000
          0.0000000000000000           0.0000000000000000           0.0000000000000000
          0.0000000000000000           0.0000000000000000           0.0000000000000000
          0.0000000000000000           0.0000000000000000           0.0000000000000000
          0.0000000000000000           0.0000000000000000           0.0000000000000000
          0.0000000000000000           0.0000000000000000           0.0000000000000000
          0.0000000000000000           0.0000000000000000           0.0000000000000000
          0.0000000000000000           0.0000000000000000           0.0000000000000000
          0.0000000000000000           0.0000000000000000           0.0000000000000000
          0.0000000000000000           0.0000000000000000           0.0000000000000000
          0.0000000000000000           0.0000000000000000           0.0000000000000000
          0.0000000000000000           0.0000000000000000           0.0000000000000000
          0.0000000000000000           0.0000000000000000           0.0000000000000000
          0.0000000000000000           0.0000000000000000           0.0000000000000000
          0.0000000000000000           0.0000000000000000           0.0000000000000000
          0.0000000000000000           0.0000000000000000           0.0000000000000000
          0.0000000000000000           0.0000000000000000           0.0000000000000000
          0.0000000000000000           0.0000000000000000           0.0000000000000000
          0.0000000000000000           0.0000000000000000           0.0000000000000000
          0.0000000000000000           0.0000000000000000           0.0000000000000000
          0.0000000000000000           0.0000000000000000           0.0000000000000000
          0.0000000000000000           0.0000000000000000           0.0000000000000000
          0.0000000000000000           0.0000000000000000           0.0000000000000000
          0.0000000000000000           0.0000000000000000           0.0000000000000000
          0.0000000000000000           0.0000000000000000           0.0000000000000000
          0.0000000000000000           0.0000000000000000           0.0000000000000000
          0.0000000000000000           0.0000000000000000           0.0000000000000000
          0.0000000000000000           0.0000000000000000           0.0000000000000000
          0.0000000000000000           0.0000000000000000           0.0000000000000000
         -0.0581653253698436           0.0009789680815328          -0.0144319791850304
         -0.0202785162016490          -0.0036472390586979          -0.0099881141974433
         -0.0017294275180400           0.0009003598611866           0.0112496790916024
         -0.0044599442739936           0.0090933858355352           0.0417553410186910
         -0.0286786095505737           0.0181615866240903           0.0635569668394688
         -0.0410008813888322           0.0224202866471462           0.0514657748989014
         -0.0132629449451914           0.0094933655268676           0.0099393690651865
         -0.0003352097480193           0.0003354670959921           0.0001409018516259
         -0.1626177447057123          -0.0097449375803732          -0.0726598936802128
         -0.0242210955239236          -0.0385995262865712           0.0343091305890497
         -0.1565368579351606           0.0183579649145844           0.0518623931460947
         -0.0181402087533721          -0.0104966237916159           0.1588314174153545
         -0.0993443334280229          -0.0045186162154770          -0.0565581218692222
          0.0374549587020706          -0.0122551003310636           0.1153251554703049
         -0.1186969005020096           0.0150298022380414           0.0291180305731020
          0.0181023916280833           0.0072933181224554           0.2010013079126307
          0.0632080827611156           0.0166486662346692           0.1943769086633785
          0.0310219796101976           0.0257264042080530           0.2318101297503400
          0.0403515696489305           0.0299060634370482           0.2162487676411553
          0.0150011339715478           0.0317711201881521           0.2175256761528312
         -0.0487294814170967           0.0473894156241913           0.2007137299106043
         -0.1132169438406253           0.0508592199758152           0.0573992615593802
          0.0036275491660033           0.0249552329340408           0.1701187908386651
         -0.0067390711062416           0.0240020870806855           0.1554736233885926
         -0.0295907958657466           0.0295007601479191           0.1254318213356953
         -0.0432866571255574           0.0249930411491611           0.0256468490234115
         -0.0134253676359981           0.0081096360143200           0.0645026575089862
         -0.0125719515282680           0.0074784801205910           0.0546831289902830
         -0.0119862119470702           0.0081519090455114           0.0391160023419894
         -0.0063959139788844           0.0053913120709899           0.0054607170445129
          0.0122092495655758           0.0175093339097053           0.1219560353122141
         -0.1056286696803939          -0.0416815658431783          -0.1411314168577961
         -0.0428617057900577           0.0322423301703523           0.1094709406037676
         -0.1606996250360267          -0.0269485695825321          -0.1536165115662462
          0.0123607091754922           0.0194523747344879           0.1265192476103058
         -0.0433053965384683          -0.0278392330077566          -0.0971357308097637
         -0.0361748023107968           0.0288136477522259           0.1017936770750643
         -0.0918409080247571          -0.0184779599900202          -0.1218613013450079
          0.0053997079045958          -0.0086748360335976          -0.0356996794522106
         -0.0286780281656971          -0.0050820135369916          -0.0709639782180492
          0.0175748244667519           0.0044320514391412           0.0135705740337126
          0.0005624192711642           0.0044596365693550          -0.0226046652011684
         -0.0140651975056709           0.0065827718355928          -0.0310777725112381
         -0.0062936963155222          -0.0053333642162746           0.0072918072156478
          0.0077149281459218           0.0073912332059153           0.0338726313250927
          0.0038686204027080           0.0062341885009114           0.0069594187060821
         -0.0008295342862497           0.0062147803696723          -0.0084215479511697
         -0.0023335991396533          -0.0010471315097248           0.0013977677076822
         -0.0034399159665779           0.0028107896626547           0.0200457018930088
         -0.0017372213870800           0.0022030821880556           0.0104292371217576
         -0.0002958155492915           0.0019292557824898           0.0023755998642954
         -0.0001562410423208           0.0001760790535622          -0.0000816559280886
   0
         -0.0000000000000000          -0.0000000000000001           0.0000000000000000
          0.0000000000000000          -0.0000000000000001          -0.0000000000000001
         -0.0000000000000000          -0.0000000000000001          -0.0000000000000001
         -0.0000000000000000           0.0000000000000000           0.0000000000000000
         -0.0000000000000000           0.0000000000000000           0.0000000000000000
         -0.0000000000000000          -0.0000000000000000           0.0000000000000000
          0.0000000000000000          -0.0000000000000000           0.0000000000000000
         -0.0000000000000000           0.0000000000000000          -0.0000000000000000
          0.0000000000000000           0.0000000000000006          -0.0000000000000002
         -0.0000000000000003          -0.0000000000000001          -0.0000000000000004
          0.0000000000000000          -0.0000000000000000          -0.0000000000000002
          0.0000000000000000          -0.0000000000000002           0.0000000000000005
          0.0000000000000000           0.0000000000000002          -0.0000000000000000
          0.0000000000000001          -0.0000000000000001           0.0000000000000003
         -0.0000000000000000          -0.0000000000000001          -0.0000000000000000
         -0.0000000000000001          -0.0000000000000000           0.0000000000000001
          0.0000000000000001          -0.0000000000000001           0.0000000000000001
         -0.0000000000000001           0.0000000000000002          -0.0000000000000001
          0.0000000000000001          -0.0000000000000001          -0.0000000000000000
         -0.0000000000000000           0.0000000000000001          -0.0000000000000000
          0.0000000000000000          -0.0000000000000000          -0.0000000000000000
         -0.0000000000000000           0.0000000000000000          -0.0000000000000000
         -0.0000000000000000          -0.0000000000000000          -0.0000000000000000
          0.0000000000000000          -0.0000000000000000           0.0000000000000000
          0.0000000000000000          -0.0000000000000000          -0.0000000000000000
          0.0000000000000000          -0.0000000000000000           0.0000000000000000
          0.0000000000000000          -0.0000000000000000           0.0000000000000000
          0.0000000000000000          -0.0000000000000000          -0.0000000000000000
          0.0000000000000000           0.0000000000000000          -0.0000000000000000
          0.0000000000000000           0.0000000000000000          -0.0000000000000000
          0.0000000000000000           0.0000000000000000           0.0000000000000000
          0.0000000000000000           0.0000000000000000           0.0000000000000000
          0.0000000000000000           0.0000000000000000           0.0000000000000000
          0.0000000000000000           0.0000000000000000           0.0000000000000000
          0.0000000000000000           0.0000000000000000           0.0000000000000000
          0.0000000000000000           0.0000000000000000           0.0000000000000000
          0.0000000000000000           0.0000000000000000           0.0000000000000000
          0.0000000000000000           0.0000000000000000           0.0000000000000000
         -0.1132909181082271          -0.0317724337243364          -0.1393615126618533
          0.0198714979934099           0.0076002017908632           0.1201861311162717
         -0.1347175469529565           0.0047755853718889           0.0026938778470613
         -0.0015551308513194           0.0441482208870922           0.2622415216251870
         -0.0510228476575399          -0.0270906669699246          -0.1205790662873645
          0.0200781602945647           0.0187038086966547           0.1499625830879070
         -0.0904978746799883           0.0024725728880370          -0.0107850633339659
         -0.0193968667278850           0.0482670485546171           0.2597565860413056
          0.0056891940702131           0.0283247206824911           0.1683355190609719
         -0.0414783116241399           0.0484825599649523           0.2348922317421525
         -0.0136334586801251           0.0293436450644809           0.1538248471693493
         -0.0516017050136903           0.0413759073016172           0.1831569519771664
         -0.1018653581595032           0.0593460222097737           0.2013020576995880
         -0.0789265486026258           0.0425629393265183           0.0680488304911536
         -0.0229109664195546           0.0217188637844955           0.1074998579077736
         -0.0431306752713303           0.0279446773648651           0.1134164311843031
         -0.0636773853928036           0.0359176493918035           0.1091686233015138
         -0.0338522655265108           0.0201207124333243           0.0289208412684790
         -0.0139747801163470           0.0077486104092540           0.0369379687816899
         -0.0174476923795815           0.0096837886317349           0.0346163007408324
         -0.0191595997973699           0.0112839078962911           0.0286327845182766
         -0.0061416714059581           0.0043195680444544           0.0055627155542986
          0.0000000000000000           0.0000000000000000           0.0000000000000000
          0.0000000000000000           0.0000000000000000           0.0000000000000000
          0.0000000000000000           0.0000000000000000           0.0000000000000000
          0.0000000000000000           0.0000000000000000           0.0000000000000000
          0.0000000000000000           0.0000000000000000           0.0000000000000000
          0.0000000000000000           0.0000000000000000           0.0000000000000000
          0.0000000000000000           0.0000000000000000           0.0000000000000000
          0.0000000000000000           0.0000000000000000           0.0000000000000000
          0.0000000000000000           0.0000000000000000           0.0000000000000000
          0.0000000000000000           0.0000000000000000           0.0000000000000000
          0.0000000000000000           0.0000000000000000           0.0000000000000000
          0.0000000000000000           0.0000000000000000           0.0000000000000000
          0.0000000000000000           0.0000000000000000           0.0000000000000000
          0.0000000000000000           0.0000000000000000           0.0000000000000000
          0.0000000000000000           0.0000000000000000           0.0000000000000000
          0.0000000000000000           0.0000000000000000           0.0000000000000000
          0.0000000000000000           0.0000000000000000           0.0000000000000000
          0.0000000000000000           0.0000000000000000           0.0000000000000000
          0.0000000000000000           0.0000000000000000           0.0000000000000000
          0.0000000000000000           0.0000000000000000           0.0000000000000000
          0.0000000000000000           0.0000000000000000           0.0000000000000000
          0.0000000000000000           0.0000000000000000           0.0000000000000000
