1  82   2   1   2   -6.374224   0.000000
  0 
./DATA/100/00/GA/G023/M023/
0
          4.7046983675583185
          3.1056602029351916
          2.0413248167316000
          1.1568943735287944
          0.4974644950103065
          0.1468611109767542
          0.0089422274783548
          0.0000457771844222
          1.6737478891270692
          4.6469630940384326
          0.6268663392878473
          3.6000815441992073
          1.1330727194962904
          3.1546384818278335
          0.4196474452709937
          2.4412132076025386
          1.6590144861376279
          1.2809609335064078
          0.7060498424748808
          0.5433020716899952
          0.3458202459907509
          0.0550285007915060
          0.2233424294417524
          0.1710636983120827
          0.1068816785512452
          0.0145567911664850
          0.0258564613633444
          0.0196705603656496
          0.0119589231564113
          0.0012399705148844
          5.8285667286280454
          4.1528507796652088
          2.9566177009314396
          1.8665765385296733
          0.9339375177827777
          0.3343224943840553
          0.0289273983698342
          0.0002481698945584
          6.3916097821543048
         20.4774009583964833
          2.3347267116859740
         16.4205178879281348
          4.6204135995682796
         14.8740941096551893
          1.6533776241558129
         11.9070581342427193
          8.7457809771660742
          6.9788934955519997
          4.3079377340941436
          3.4217976703617556
          2.2824720488480024
          0.4086296999278551
          1.6535375658856630
          1.3053518159111406
          0.8515744120844376
          0.1270961096965789
          0.2756590757008681
          0.2155582436044806
          0.1359273047471173
          0.0145799417930393
          4.3476735591139031
          9.0868318111614705
          1.9346836797560771
          6.6738419318036426
          3.1466959096966254
          6.6005579449151028
          1.3796116483567475
          4.8334736835752246
          3.8839689344774948
          2.8303052051521842
          1.9170455922314842
          1.3884834569461708
          0.8025919122994554
          0.1036909386157064
          0.7387111008797127
          0.5313933892448881
          0.2985674392808546
          0.0311554947337529
          0.1242270627746261
          0.0887078113090631
          0.0479413247499023
          0.0032912050511431
1
          4.7046983675583185
          3.1056602029351916
          2.0413248167315996
          1.1568943735287944
          0.4974644950103065
          0.1468611109767542
          0.0089422274783548
          0.0000457771844222
          1.6737478891270694
          4.6469630940384334
          0.6268663392878470
          3.6000815441992069
          1.1330727194962904
          3.1546384818278335
          0.4196474452709936
          2.4412132076025381
          1.6590144861376275
          1.2809609335064072
          0.7060498424748808
          0.5433020716899952
          0.3458202459907509
          0.0550285007915060
          0.2233424294417524
          0.1710636983120826
          0.1068816785512452
          0.0145567911664850
          0.0258564613633444
          0.0196705603656496
          0.0119589231564113
          0.0012399705148844
          5.8285667286280445
          4.1528507796652088
          2.9566177009314396
          1.8665765385296733
          0.9339375177827778
          0.3343224943840553
          0.0289273983698342
          0.0002481698945584
          6.3916097821543030
         20.4774009583964727
          2.3347267116859753
         16.4205178879281419
          4.6204135995682805
         14.8740941096551804
          1.6533776241558145
         11.9070581342426998
          8.7457809771660742
          6.9788934955519952
          4.3079377340941436
          3.4217976703617548
          2.2824720488479997
          0.4086296999278545
          1.6535375658856624
          1.3053518159111399
          0.8515744120844380
          0.1270961096965790
          0.2756590757008681
          0.2155582436044808
          0.1359273047471173
          0.0145799417930393
          4.3476735591139057
          9.0868318111614723
          1.9346836797560774
          6.6738419318036444
          3.1466959096966272
          6.6005579449151064
          1.3796116483567480
          4.8334736835752254
          3.8839689344774944
          2.8303052051521811
          1.9170455922314851
          1.3884834569461710
          0.8025919122994543
          0.1036909386157065
          0.7387111008797127
          0.5313933892448885
          0.2985674392808543
          0.0311554947337529
          0.1242270627746262
          0.0887078113090631
          0.0479413247499023
          0.0032912050511431
   0    2 -0.293885  0.155481 -0.867636 
         -0.0000000000000000           0.0000000000000001          -0.0000000000000001
         -0.0000000000000000           0.0000000000000001           0.0000000000000001
          0.0000000000000000           0.0000000000000001          -0.0000000000000000
          0.0000000000000000          -0.0000000000000001          -0.0000000000000000
          0.0000000000000000           0.0000000000000000           0.0000000000000000
         -0.0000000000000000           0.0000000000000000           0.0000000000000000
         -0.0000000000000000           0.0000000000000000          -0.0000000000000000
          0.0000000000000000           0.0000000000000000          -0.0000000000000000
          0.0000000000000000          -0.0000000000000000           0.0000000000000002
         -0.0000000000000000           0.0000000000000003          -0.0000000000000003
          0.0000000000000000          -0.0000000000000000          -0.0000000000000000
          0.0000000000000001          -0.0000000000000004          -0.0000000000000001
         -0.0000000000000000          -0.0000000000000001          -0.0000000000000001
         -0.0000000000000001          -0.0000000000000001           0.0000000000000000
          0.0000000000000000          -0.0000000000000000          -0.0000000000000000
         -0.0000000000000001          -0.0000000000000004           0.0000000000000000
         -0.0000000000000000          -0.0000000000000000           0.0000000000000002
          0.0000000000000000          -0.0000000000000000           0.0000000000000001
         -0.0000000000000000           0.0000000000000000          -0.0000000000000000
          0.0000000000000000          -0.0000000000000000           0.0000000000000000
          0.0000000000000000          -0.0000000000000000          -0.0000000000000000
         -0.0000000000000000           0.0000000000000000          -0.0000000000000000
         -0.0000000000000000          -0.0000000000000000           0.0000000000000000
          0.0000000000000000           0.0000000000000000           0.0000000000000000
          0.0000000000000000          -0.0000000000000000           0.0000000000000000
          0.0000000000000000          -0.0000000000000000           0.0000000000000000
          0.0000000000000000           0.0000000000000000           0.0000000000000000
          0.0000000000000000           0.0000000000000000           0.0000000000000000
         -0.0000000000000000          -0.0000000000000000          -0.0000000000000000
          0.0000000000000000           0.0000000000000000           0.0000000000000000
          0.0558678325119684           0.0017899319597960          -0.0250982442223772
          0.0248680401160520          -0.0120569809907018          -0.0101990049509487
          0.0061891287288696          -0.0040649117938005           0.0110967090342520
          0.0082364016938891           0.0055044078064197           0.0389730347560129
          0.0314459672234048           0.0018216630973641           0.0642401933201384
          0.0384468356963601          -0.0078767191660484           0.0638904200016824
          0.0086106774907807          -0.0031934700906985           0.0207835386860953
          0.0000550572823975          -0.0000541455973340           0.0006431777971939
          0.0469293551289500          -0.0045710464392923           0.0784802379964037
          0.0990428060663647          -0.0958909381072857          -0.0882059220931510
          0.0115301109225772           0.0300073838440827           0.0671899266269743
          0.0636435618599946          -0.0613125078239103          -0.0994962334625809
          0.0439370738438107          -0.0066946005112891           0.0730936776777346
          0.0256647789163506          -0.0539336012416110          -0.0351326614039938
          0.0165811289082888           0.0175081806745739           0.0547757011626050
         -0.0016911660191721          -0.0297308200557470          -0.0534506379191268
         -0.0296381599180586          -0.0011193356891318           0.0220998612838843
         -0.0508260615827008           0.0117581231347978          -0.0018373803947267
         -0.0366746321165946           0.0308189013545932           0.0543727333960968
         -0.0545198693885820           0.0363791877486889           0.0303476464856130
         -0.0524819702105321           0.0163488914812669           0.0045128666212487
          0.0346781742930332          -0.0313539103384419          -0.0165553044688659
         -0.0144625925797761           0.0327601043353140           0.0551798027131137
         -0.0284933902764023           0.0349514934365919           0.0368464137680626
         -0.0332304620349219           0.0225298775176239           0.0164173743766001
          0.0103156015852369          -0.0117711389745041          -0.0048264289812320
          0.0064319339361729           0.0122623327347172           0.0260596508565833
         -0.0000998846348773           0.0129836337338397           0.0187469180019882
         -0.0055239575918651           0.0098499116409888           0.0101493685690558
          0.0004320111273021          -0.0012102093340014          -0.0001703341648204
          0.0098317503712084           0.0113076169639880           0.1093402430930248
          0.1361404108241067          -0.1117696015105656          -0.1190659271897733
          0.0409111827492591          -0.0000710732272558           0.0923468935134435
          0.1672198432021567          -0.1231482917018097          -0.1360592767693544
          0.0078715451665904           0.0196538922215551           0.1133806474772864
          0.0617303075935720          -0.0802820939744558          -0.0754196312035481
          0.0365699464606065           0.0027120790553684           0.0870170240912247
          0.0904287088875882          -0.0972239071406431          -0.1017832545896094
         -0.0006878486487645          -0.0334450453201969          -0.0223111700311656
          0.0180649681429877          -0.0528677877704408          -0.0560959714765430
         -0.0188991889640932           0.0019345725874234           0.0160500653308333
         -0.0134697365926163          -0.0139802997329051          -0.0174152833782318
         -0.0027068975964542          -0.0268137857605642          -0.0228765352214129
          0.0178388703997963          -0.0025877970268957           0.0063292976077923
         -0.0070817335738513           0.0140084083753678           0.0302552260386363
         -0.0112135133660458           0.0050751654114194           0.0051017047215656
         -0.0110042523988336          -0.0049427122763592          -0.0067546874950511
          0.0053102357482572          -0.0028626647908543           0.0021103310181246
          0.0072438542137284           0.0066645942368669           0.0180504210111528
          0.0022010295093814           0.0047216990240840           0.0082315171046398
         -0.0021119332101744           0.0018264519620889           0.0011598820429042
          0.0000545303736078          -0.0006470127812047           0.0002655372686543
   1
          0.0000000000000000           0.0000000000000000           0.0000000000000000
          0.0000000000000000           0.0000000000000000           0.0000000000000000
          0.0000000000000000           0.0000000000000000           0.0000000000000000
          0.0000000000000000           0.0000000000000000           0.0000000000000000
          0.0000000000000000           0.0000000000000000           0.0000000000000000
          0.0000000000000000           0.0000000000000000           0.0000000000000000
          0.0000000000000000           0.0000000000000000           0.0000000000000000
          0.0000000000000000           0.0000000000000000           0.0000000000000000
          0.0000000000000000           0.0000000000000000           0.0000000000000000
          0.0000000000000000           0.0000000000000000           0.0000000000000000
          0.0000000000000000           0.0000000000000000           0.0000000000000000
          0.0000000000000000           0.0000000000000000           0.0000000000000000
          0.0000000000000000           0.0000000000000000           0.0000000000000000
          0.0000000000000000           0.0000000000000000           0.0000000000000000
          0.0000000000000000           0.0000000000000000           0.0000000000000000
          0.0000000000000000           0.0000000000000000           0.0000000000000000
          0.0000000000000000           0.0000000000000000           0.0000000000000000
          0.0000000000000000           0.0000000000000000           0.0000000000000000
          0.0000000000000000           0.0000000000000000           0.0000000000000000
          0.0000000000000000           0.0000000000000000           0.0000000000000000
          0.0000000000000000           0.0000000000000000           0.0000000000000000
          0.0000000000000000           0.0000000000000000           0.0000000000000000
          0.0000000000000000           0.0000000000000000           0.0000000000000000
          0.0000000000000000           0.0000000000000000           0.0000000000000000
          0.0000000000000000           0.0000000000000000           0.0000000000000000
          0.0000000000000000           0.0000000000000000           0.0000000000000000
          0.0000000000000000           0.0000000000000000           0.0000000000000000
          0.0000000000000000           0.0000000000000000           0.0000000000000000
          0.0000000000000000           0.0000000000000000           0.0000000000000000
          0.0000000000000000           0.0000000000000000           0.0000000000000000
          0.0558678325119683           0.0017899319597957          -0.0250982442223775
          0.0248680401160520          -0.0120569809907018          -0.0101990049509488
          0.0061891287288696          -0.0040649117938005           0.0110967090342519
          0.0082364016938890           0.0055044078064197           0.0389730347560129
          0.0314459672234048           0.0018216630973641           0.0642401933201385
          0.0384468356963602          -0.0078767191660484           0.0638904200016824
          0.0086106774907807          -0.0031934700906985           0.0207835386860953
          0.0000550572823975          -0.0000541455973340           0.0006431777971939
          0.1793047182256284          -0.1058998120045909          -0.0489180831947397
          0.1126396041650018          -0.0950241570885652           0.0294667150012439
          0.1709548947724892          -0.0374576287697091           0.0550591552103957
          0.1042897807118628          -0.0265819738536810           0.1334439534063796
          0.1067474726359417          -0.0864081897137965          -0.0306385906291882
          0.0324562328843841          -0.0348482137920047           0.1065606231766646
          0.1271044982161244          -0.0472427653591950           0.0408036272026197
          0.0528132584645668           0.0043172105625943           0.1780028410084727
         -0.0138609161461212           0.0292380937519486           0.1772414486891863
          0.0211594492333796           0.0364932641964286           0.2097920369730483
         -0.0039010743437123           0.0567951117586259           0.1957082728660700
          0.0227886241205877           0.0464737892771484           0.1992853302020029
          0.0700151502637281           0.0017139300828309           0.1996754134370957
          0.0875216732226936          -0.0376068803202797           0.0858292646965390
          0.0253292737938468           0.0457517957310401           0.1562090862251669
          0.0340547136689685           0.0335868443449708           0.1460358656956560
          0.0437358755783044           0.0058587400413525           0.1285068494461325
          0.0290022880409800          -0.0143873417002397           0.0403201090625088
          0.0299124860999637           0.0137049065208267           0.0639091952174359
          0.0264130863327799           0.0093906480042944           0.0558091667563565
          0.0193238151603626           0.0024008936441742           0.0433884809319351
          0.0030451766781373          -0.0019357305060519           0.0090351516052041
          0.0098317503712093           0.0113076169639891           0.1093402430930252
          0.1361404108241061          -0.1117696015105659          -0.1190659271897730
          0.0409111827492590          -0.0000710732272557           0.0923468935134429
          0.1672198432021570          -0.1231482917018081          -0.1360592767693532
          0.0078715451665909           0.0196538922215546           0.1133806474772858
          0.0617303075935735          -0.0802820939744545          -0.0754196312035468
          0.0365699464606068           0.0027120790553681           0.0870170240912249
          0.0904287088875881          -0.0972239071406433          -0.1017832545896084
         -0.0006878486487639          -0.0334450453201976          -0.0223111700311646
          0.0180649681429874          -0.0528677877704404          -0.0560959714765428
         -0.0188991889640937           0.0019345725874237           0.0160500653308335
         -0.0134697365926165          -0.0139802997329052          -0.0174152833782313
         -0.0027068975964541          -0.0268137857605643          -0.0228765352214129
          0.0178388703997962          -0.0025877970268956           0.0063292976077922
         -0.0070817335738514           0.0140084083753677           0.0302552260386357
         -0.0112135133660456           0.0050751654114192           0.0051017047215657
         -0.0110042523988337          -0.0049427122763593          -0.0067546874950511
          0.0053102357482572          -0.0028626647908543           0.0021103310181246
          0.0072438542137284           0.0066645942368670           0.0180504210111529
          0.0022010295093814           0.0047216990240840           0.0082315171046398
         -0.0021119332101744           0.0018264519620889           0.0011598820429042
          0.0000545303736078          -0.0006470127812047           0.0002655372686543
   0
          0.0000000000000000          -0.0000000000000001           0.0000000000000001
          0.0000000000000000          -0.0000000000000001          -0.0000000000000001
          0.0000000000000000          -0.0000000000000001           0.0000000000000000
         -0.0000000000000000           0.0000000000000001           0.0000000000000000
         -0.0000000000000000          -0.0000000000000000          -0.0000000000000000
          0.0000000000000000           0.0000000000000000          -0.0000000000000000
          0.0000000000000000          -0.0000000000000000           0.0000000000000000
          0.0000000000000000          -0.0000000000000000           0.0000000000000000
          0.0000000000000000          -0.0000000000000002           0.0000000000000003
         -0.0000000000000001          -0.0000000000000003          -0.0000000000000006
          0.0000000000000000          -0.0000000000000003           0.0000000000000001
          0.0000000000000002          -0.0000000000000006           0.0000000000000012
          0.0000000000000000           0.0000000000000002           0.0000000000000000
          0.0000000000000002           0.0000000000000001          -0.0000000000000000
          0.0000000000000000           0.0000000000000002           0.0000000000000000
         -0.0000000000000000           0.0000000000000000          -0.0000000000000002
         -0.0000000000000000          -0.0000000000000001           0.0000000000000000
          0.0000000000000001          -0.0000000000000001          -0.0000000000000000
         -0.0000000000000000           0.0000000000000000          -0.0000000000000001
          0.0000000000000000          -0.0000000000000001          -0.0000000000000001
          0.0000000000000000           0.0000000000000000           0.0000000000000000
          0.0000000000000000          -0.0000000000000000          -0.0000000000000000
          0.0000000000000001           0.0000000000000001          -0.0000000000000000
          0.0000000000000000          -0.0000000000000000           0.0000000000000000
         -0.0000000000000000           0.0000000000000000          -0.0000000000000000
          0.0000000000000000          -0.0000000000000000           0.0000000000000000
          0.0000000000000000           0.0000000000000000           0.0000000000000000
          0.0000000000000000          -0.0000000000000000          -0.0000000000000000
          0.0000000000000000          -0.0000000000000000           0.0000000000000000
          0.0000000000000000           0.0000000000000000           0.0000000000000000
          0.0000000000000000           0.0000000000000000           0.0000000000000000
          0.0000000000000000           0.0000000000000000           0.0000000000000000
          0.0000000000000000           0.0000000000000000           0.0000000000000000
          0.0000000000000000           0.0000000000000000           0.0000000000000000
          0.0000000000000000           0.0000000000000000           0.0000000000000000
          0.0000000000000000           0.0000000000000000           0.0000000000000000
          0.0000000000000000           0.0000000000000000           0.0000000000000000
          0.0000000000000000           0.0000000000000000           0.0000000000000000
          0.1323753630966786          -0.1013287655652977          -0.1273983211911412
          0.0135967980986371           0.0008667810187238           0.1176726370943904
          0.1594247838499116          -0.0674650126137906          -0.0121307714165782
          0.0406462188518693           0.0347305339702296           0.2329401868689578
          0.0628103987921300          -0.0797135892025061          -0.1037322683069227
          0.0067914539680325           0.0190853874496052           0.1416932845806617
          0.1105233693078357          -0.0647509460337687          -0.0139720739599848
          0.0545044244837384           0.0340480306183427           0.2314534789276005
          0.0157772437719371           0.0303574294410797           0.1551415874053038
          0.0719855108160807           0.0247351410616293           0.2116294173677745
          0.0327735577728812           0.0259762104040329           0.1413355394699737
          0.0773084935091693           0.0100946015284591           0.1689376837163896
          0.1224971204742602          -0.0146349613984356           0.1951625468158459
          0.0528434989296604          -0.0062529699818378           0.1023845691654048
          0.0397918663736231           0.0129916913957263           0.1010292835120522
          0.0625481039453709          -0.0013646490916214           0.1091894519275933
          0.0769663376132261          -0.0166711374762715           0.1120894750695328
          0.0186866864557431          -0.0026162027257356           0.0451465380437408
          0.0234805521637908           0.0014425737861095           0.0378495443608528
          0.0265129709676573          -0.0035929857295453           0.0370622487543684
          0.0248477727522277          -0.0074490179968147           0.0332391123628792
          0.0026131655508352          -0.0007255211720505           0.0092054857700245
          0.0000000000000000           0.0000000000000000           0.0000000000000000
          0.0000000000000000           0.0000000000000000           0.0000000000000000
          0.0000000000000000           0.0000000000000000           0.0000000000000000
          0.0000000000000000           0.0000000000000000           0.0000000000000000
          0.0000000000000000           0.0000000000000000           0.0000000000000000
          0.0000000000000000           0.0000000000000000           0.0000000000000000
          0.0000000000000000           0.0000000000000000           0.0000000000000000
          0.0000000000000000           0.0000000000000000           0.0000000000000000
          0.0000000000000000           0.0000000000000000           0.0000000000000000
          0.0000000000000000           0.0000000000000000           0.0000000000000000
          0.0000000000000000           0.0000000000000000           0.0000000000000000
          0.0000000000000000           0.0000000000000000           0.0000000000000000
          0.0000000000000000           0.0000000000000000           0.0000000000000000
          0.0000000000000000           0.0000000000000000           0.0000000000000000
          0.0000000000000000           0.0000000000000000           0.0000000000000000
          0.0000000000000000           0.0000000000000000           0.0000000000000000
          0.0000000000000000           0.0000000000000000           0.0000000000000000
          0.0000000000000000           0.0000000000000000           0.0000000000000000
          0.0000000000000000           0.0000000000000000           0.0000000000000000
          0.0000000000000000           0.0000000000000000           0.0000000000000000
          0.0000000000000000           0.0000000000000000           0.0000000000000000
          0.0000000000000000           0.0000000000000000           0.0000000000000000
