1  82   2   1   2   -5.887483   0.000000
  0 
./DATA/100/00/GA/G013/M024/
0
          3.7787717981364524
          4.9903709909244292
          2.4506767503375326
          3.5504683282229856
          1.5932317318133911
          2.4890160254208951
          0.9074540274666810
          1.5098130193924930
          0.4158746292659245
          0.6948783474769202
          0.1483204310033419
          0.2189289323007889
          0.0153534242490291
          0.0154825056621598
          0.0001850881297739
          0.0001197806446895
          0.9202837545375103
          4.3706215332149814
          2.8199336520672627
          2.4460310610077629
         13.7394758711869738
          6.2351150501337189
          0.8157430482247947
          3.0246877714766245
          2.3965035202254303
          3.8672376611652997
         21.7623964474206382
          9.2268663163583451
          0.5985993123366624
          3.1588425521107641
          1.9847539206412350
          1.5895120888236858
          9.8159088265383243
          4.5026217686833094
          0.5330436675117508
          2.1803296007922421
          1.6610244332814541
          2.5148692204857959
         15.4944621496473633
          6.6967601293656056
          0.7665468577098513
          5.5920964182885387
          2.6123857965068304
          1.2138754413557862
          8.7741191974291031
          3.9183636758349025
          0.2826091293247343
          2.6243703224308694
          1.2563185718741330
          0.4478244221877182
          4.0831939852532155
          1.9054420306206041
          1.2468491337223708
         10.5699830426065358
          4.8604993999965851
       1896.4951086509197467
       6544.5023503015654569
       3301.7114168359344148
          0.0702556241088395
          0.9367948857244464
          0.4629110945457526
          0.1113458375391101
          1.4408891164984936
          0.7121223697329486
          0.3093325898726311
          3.6429809742345736
          1.8381481814996952
        477.8727454261874072
       2023.7271101777887452
       1147.5884825306513903
          0.0046769543468253
          0.1356216379284156
          0.0705269613925677
          0.0074036180407576
          0.2045065843377142
          0.1109289235956628
          0.0204225744071111
          0.4954312683589169
          0.2911824523758221
         31.7037177450023400
        225.7843109537944599
        157.1341535959721512
1
          4.9903709909244274
          3.7787717981364533
          3.5504683282229852
          2.4506767503375326
          2.4890160254208960
          1.5932317318133911
          1.5098130193924928
          0.9074540274666810
          0.6948783474769202
          0.4158746292659245
          0.2189289323007889
          0.1483204310033419
          0.0154825056621598
          0.0153534242490291
          0.0001197806446895
          0.0001850881297739
          2.8199336520672635
          4.3706215332149796
          0.9202837545375103
          6.2351150501337189
         13.7394758711869880
          2.4460310610077625
          2.3965035202254290
          3.0246877714766258
          0.8157430482247945
          9.2268663163583433
         21.7623964474206559
          3.8672376611652997
          1.9847539206412359
          3.1588425521107646
          0.5985993123366624
          4.5026217686833103
          9.8159088265383225
          1.5895120888236858
          1.6610244332814534
          2.1803296007922413
          0.5330436675117508
          6.6967601293656029
         15.4944621496473545
          2.5148692204857959
          2.6123857965068300
          5.5920964182885351
          0.7665468577098513
          3.9183636758349025
          8.7741191974290995
          1.2138754413557860
          1.2563185718741330
          2.6243703224308708
          0.2826091293247343
          1.9054420306206037
          4.0831939852532146
          0.4478244221877182
          4.8604993999965860
         10.5699830426065429
          1.2468491337223706
       3301.7114168359330506
       6544.5023503015736424
       1896.4951086509197467
          0.4629110945457526
          0.9367948857244468
          0.0702556241088394
          0.7121223697329482
          1.4408891164984940
          0.1113458375391101
          1.8381481814996954
          3.6429809742345749
          0.3093325898726311
       1147.5884825306511630
       2023.7271101777889726
        477.8727454261874072
          0.0705269613925677
          0.1356216379284158
          0.0046769543468253
          0.1109289235956628
          0.2045065843377143
          0.0074036180407576
          0.2911824523758221
          0.4954312683589166
          0.0204225744071111
        157.1341535959721227
        225.7843109537944599
         31.7037177450023471
   0    2 -0.307102  0.253627 -0.631339 
          0.0000000000000000           0.0000000000000000          -0.0000000000000000
         -0.0766808814230105           0.0319671887927704          -0.0335355032051989
          0.0000000000000000           0.0000000000000001           0.0000000000000000
         -0.0288845233351909           0.0100352705266638          -0.0278724128175934
         -0.0000000000000000          -0.0000000000000000          -0.0000000000000001
          0.0114892839193102           0.0027301414539598           0.0026029338729400
         -0.0000000000000000          -0.0000000000000000          -0.0000000000000000
          0.0489854723198332           0.0019374620974821           0.0462374048869921
         -0.0000000000000000           0.0000000000000000           0.0000000000000000
          0.0690748037735066          -0.0005454643507543           0.0816015387172959
         -0.0000000000000000           0.0000000000000000           0.0000000000000000
          0.0543584068695624          -0.0085648997722106           0.0761785834738585
         -0.0000000000000000           0.0000000000000000          -0.0000000000000000
          0.0116319103827356          -0.0055230723611383           0.0204102185819852
         -0.0000000000000000           0.0000000000000000           0.0000000000000000
          0.0002593522775415          -0.0001561132342302           0.0004663400095979
         -0.0000000000000000           0.0000000000000001          -0.0000000000000000
          0.0933869437731467           0.0023793867633355           0.1191435678824346
          0.0922794184269803           0.0110623903666286           0.0443763981470033
          0.0000000000000000           0.0000000000000002          -0.0000000000000002
         -0.1772661355736913           0.0426892324902961          -0.2431870671602467
         -0.1761586102275245           0.0340062288870065          -0.1684198974248158
          0.0000000000000000           0.0000000000000001          -0.0000000000000001
          0.1474781990323868           0.0348685732399494           0.2018114076498003
          0.2096419608545521           0.0001417027667817           0.2078936893313017
         -0.0000000000000000          -0.0000000000000000           0.0000000000000007
         -0.3938279596612894           0.1154882646938713          -0.5228498624355606
         -0.3272340964544583           0.0460293798075373          -0.2176989018123378
          0.0000000000000000           0.0000000000000000          -0.0000000000000000
          0.0890539470080606          -0.0019617244420495           0.1156659422594677
          0.0942616622787647           0.0108741773636582           0.0531739727694710
         -0.0000000000000000           0.0000000000000003           0.0000000000000001
         -0.0890976520022310           0.0229909917389013          -0.1675413425465726
         -0.0943053672729349           0.0101550899331935          -0.1050493730565760
         -0.0000000000000000           0.0000000000000000          -0.0000000000000000
          0.1261713079296155           0.0229723397138279           0.1809204423695509
          0.1788912071576800           0.0012229460458083           0.1739120310108498
          0.0000000000000000          -0.0000000000000002           0.0000000000000002
         -0.2301318900909684           0.0728777720757345          -0.3854941272425283
         -0.1982428519457189          -0.0002152288151205          -0.1425346606412441
         -0.0000000000000000          -0.0000000000000000           0.0000000000000000
         -0.0033837765021159           0.0125413936782051          -0.0732146766446717
         -0.0114526649946023          -0.0047348666968857          -0.0272029767962560
          0.0000000000000000           0.0000000000000001          -0.0000000000000001
         -0.0651413059952775           0.0454009413556983          -0.2058390986976463
         -0.0607655140590696          -0.0290004067650041          -0.0403412592677447
          0.0000000000000000          -0.0000000000000000           0.0000000000000000
          0.0397347856995876           0.0139220830630429          -0.0045865643189998
          0.0338340555788694          -0.0044879612539953           0.0254684949304704
         -0.0000000000000000           0.0000000000000001          -0.0000000000000000
          0.0277775560647755           0.0404616418093807          -0.0637460654684357
          0.0236624458368802          -0.0262219240451643           0.0348616465318834
          0.0000000000000000           0.0000000000000004          -0.0000000000000001
         -0.0687824095697519           0.0620387273456859          -0.3283661432146256
         -0.0013079468990911          -0.1602186862143314           0.0826091875764917
          0.0000000000000944           0.0000000000003665           0.0000000000000313
       -295.1346213210090355        -390.9429229213646408        -142.5999383820138178
        -94.7453009631279599         331.1086075528388051        -293.0741110156881177
         -0.0000000000000000           0.0000000000000000           0.0000000000000000
          0.0419942138772671           0.0166498208275020           0.0234180508703604
          0.0400971944131702           0.0018325752387291           0.0396198187012274
          0.0000000000000000           0.0000000000000000           0.0000000000000000
          0.0494029873348885           0.0392837710666025           0.0093357928314778
          0.0480319187541626          -0.0086203885647820           0.0577071360655665
          0.0000000000000000          -0.0000000000000001           0.0000000000000001
          0.0627659692508739           0.0852234311394385          -0.0574072906676378
          0.0832543887284021          -0.0850060981939655           0.1363449010769778
         -0.0000000000000072          -0.0000000000001071           0.0000000000000022
        -82.5963306285201355        -252.4926945472546720         -96.8364008236111289
        -26.4371502565000576          25.7660834117296957         -68.5606536004533353
         -0.0000000000000000          -0.0000000000000000           0.0000000000000000
          0.0168117892948827           0.0105321425168006           0.0147205071255542
          0.0174275264543305           0.0043595894709923           0.0191627071710679
         -0.0000000000000000           0.0000000000000000           0.0000000000000000
          0.0223363023936846           0.0222933776354126           0.0168552935252822
          0.0243760590370439           0.0041394918405338           0.0289343680972704
          0.0000000000000000          -0.0000000000000000          -0.0000000000000000
          0.0420717151861888           0.0607871376699244           0.0248497971795550
          0.0521238403305504          -0.0063444288131104           0.0699965136246977
          0.0000000000000003          -0.0000000000000078          -0.0000000000000002
         -3.2682545188185816         -56.1793464699298539         -13.7805740090039865
          2.5040735942187031         -22.8397595859327218           9.4660538051808789
   0
         -0.0000000000000000          -0.0000000000000000           0.0000000000000000
          0.0000000000000000           0.0000000000000000           0.0000000000000000
         -0.0000000000000000          -0.0000000000000001           0.0000000000000000
          0.0000000000000000           0.0000000000000000           0.0000000000000000
          0.0000000000000000           0.0000000000000000           0.0000000000000001
          0.0000000000000000           0.0000000000000000           0.0000000000000000
          0.0000000000000000           0.0000000000000000           0.0000000000000000
          0.0000000000000000           0.0000000000000000           0.0000000000000000
          0.0000000000000000          -0.0000000000000000          -0.0000000000000000
          0.0000000000000000           0.0000000000000000           0.0000000000000000
          0.0000000000000000          -0.0000000000000000          -0.0000000000000000
          0.0000000000000000           0.0000000000000000           0.0000000000000000
          0.0000000000000000          -0.0000000000000000           0.0000000000000000
          0.0000000000000000           0.0000000000000000           0.0000000000000000
          0.0000000000000000          -0.0000000000000000          -0.0000000000000000
          0.0000000000000000           0.0000000000000000           0.0000000000000000
          0.0000000000000000           0.0000000000000002          -0.0000000000000001
         -0.1992854635346012           0.0219408594831892          -0.1769797039135296
          0.0000000000000000           0.0000000000000000           0.0000000000000000
         -0.0000000000000001          -0.0000000000000000           0.0000000000000008
          0.1154062717340568           0.0231277597704431           0.0529362046357182
          0.0000000000000000           0.0000000000000000           0.0000000000000000
          0.0000000000000000           0.0000000000000001          -0.0000000000000001
         -0.1368591113409058           0.0359486470789107          -0.0633231392550003
          0.0000000000000000           0.0000000000000000           0.0000000000000000
          0.0000000000000001           0.0000000000000008          -0.0000000000000001
          0.4925243591964106           0.0383224476534199           0.3965086778434970
          0.0000000000000000           0.0000000000000000           0.0000000000000000
          0.0000000000000000          -0.0000000000000001          -0.0000000000000003
         -0.1444157493562721           0.0032103916573109          -0.1470012377438986
          0.0000000000000000           0.0000000000000000           0.0000000000000000
         -0.0000000000000000          -0.0000000000000000          -0.0000000000000003
          0.1443720443621021           0.0178188756395409           0.0951258374567940
          0.0000000000000000           0.0000000000000000           0.0000000000000000
         -0.0000000000000000           0.0000000000000005           0.0000000000000001
         -0.1044224348289663           0.0007104548135250          -0.0726637230498525
          0.0000000000000000           0.0000000000000000           0.0000000000000000
         -0.0000000000000002          -0.0000000000000001          -0.0000000000000001
          0.4731531526077825           0.0299274227779834           0.4115904273515325
          0.0000000000000000           0.0000000000000000           0.0000000000000000
         -0.0000000000000000          -0.0000000000000001           0.0000000000000000
          0.1535968293801082           0.0133875068864311           0.1243874542088059
          0.0000000000000000           0.0000000000000000           0.0000000000000000
          0.0000000000000000          -0.0000000000000003          -0.0000000000000004
          0.4040921884478932           0.0179364275501184           0.3801044550353971
          0.0000000000000000           0.0000000000000000           0.0000000000000000
         -0.0000000000000000          -0.0000000000000000           0.0000000000000001
          0.1289442081855565           0.0098475982896385           0.1173957140562578
          0.0000000000000000           0.0000000000000000           0.0000000000000000
         -0.0000000000000000          -0.0000000000000000          -0.0000000000000002
          0.2920960571531547           0.0055610358229133           0.2918110702899394
          0.0000000000000000           0.0000000000000000           0.0000000000000000
         -0.0000000000000000          -0.0000000000000000          -0.0000000000000002
          1.2595634942078398          -0.0867258840966510           1.4257411188008946
          0.0000000000000000           0.0000000000000000           0.0000000000000000
          0.0000000000000358          -0.0000000000007775           0.0000000000001852
       2531.1598511476640851        -248.9504315486448718        3934.3206924305968641
          0.0000000000000000           0.0000000000000000           0.0000000000000000
          0.0000000000000000           0.0000000000000000           0.0000000000000000
          0.0814135644617286           0.0060912910852941           0.0803074075764133
          0.0000000000000000           0.0000000000000000           0.0000000000000000
         -0.0000000000000000          -0.0000000000000000           0.0000000000000001
          0.1650073231463112          -0.0031735477308897           0.1730522396461410
          0.0000000000000000           0.0000000000000000           0.0000000000000000
         -0.0000000000000000           0.0000000000000001           0.0000000000000001
          0.6271467633350423          -0.0918871458522090           0.7337703614677555
          0.0000000000000000           0.0000000000000000           0.0000000000000000
          0.0000000000000048          -0.0000000000000793          -0.0000000000000599
       1014.1466278218570096        -137.3780257411052617        1628.0083643609555111
          0.0000000000000000           0.0000000000000000           0.0000000000000000
          0.0000000000000000          -0.0000000000000000          -0.0000000000000000
          0.0244413897948079           0.0020885731759745           0.0261456344534866
          0.0000000000000000           0.0000000000000000           0.0000000000000000
         -0.0000000000000000          -0.0000000000000000          -0.0000000000000000
          0.0443569798697555          -0.0040074894766777           0.0492961285906821
          0.0000000000000000           0.0000000000000000           0.0000000000000000
          0.0000000000000000           0.0000000000000000          -0.0000000000000000
          0.1443833176711525          -0.0450492169900724           0.1760014196590689
          0.0000000000000000           0.0000000000000000           0.0000000000000000
         -0.0000000000000006          -0.0000000000000007           0.0000000000000035
        164.7303615838760038         -37.8916176723683336         276.3921402236709923
          0.0000000000000000           0.0000000000000000           0.0000000000000000
   1
         -0.0766808814230105           0.0319671887927703          -0.0335355032051988
          0.0000000000000000           0.0000000000000000           0.0000000000000000
         -0.0288845233351909           0.0100352705266639          -0.0278724128175934
          0.0000000000000000           0.0000000000000000           0.0000000000000000
          0.0114892839193102           0.0027301414539598           0.0026029338729401
          0.0000000000000000           0.0000000000000000           0.0000000000000000
          0.0489854723198332           0.0019374620974821           0.0462374048869921
          0.0000000000000000           0.0000000000000000           0.0000000000000000
          0.0690748037735066          -0.0005454643507542           0.0816015387172959
          0.0000000000000000           0.0000000000000000           0.0000000000000000
          0.0543584068695624          -0.0085648997722106           0.0761785834738585
          0.0000000000000000           0.0000000000000000           0.0000000000000000
          0.0116319103827356          -0.0055230723611383           0.0204102185819852
          0.0000000000000000           0.0000000000000000           0.0000000000000000
          0.0002593522775415          -0.0001561132342302           0.0004663400095979
          0.0000000000000000           0.0000000000000000           0.0000000000000000
          0.0922794184269804           0.0110623903666287           0.0443763981470037
         -0.1058985197614538           0.0243202462465279          -0.0578361360310951
          0.0000000000000000           0.0000000000000000           0.0000000000000000
         -0.1761586102275245           0.0340062288870059          -0.1684198974248147
         -0.0618598638396343           0.0658169922607405          -0.1902508625245282
          0.0000000000000000           0.0000000000000000           0.0000000000000000
          0.2096419608545519           0.0001417027667822           0.2078936893313025
          0.0106190876914811           0.0708172203188615           0.1384882683948003
          0.0000000000000000           0.0000000000000000           0.0000000000000000
         -0.3272340964544585           0.0460293798075390          -0.2176989018123386
          0.0986963995351219           0.1538107123472881          -0.1263411845920684
          0.0000000000000000           0.0000000000000000           0.0000000000000000
          0.0942616622787644           0.0108741773636588           0.0531739727694705
         -0.0553618023482112           0.0012486672152606          -0.0313352954844313
          0.0000000000000000           0.0000000000000000           0.0000000000000000
         -0.0943053672729347           0.0101550899331945          -0.1050493730565752
          0.0552743923598708           0.0408098673784424          -0.0724155050897795
          0.0000000000000000           0.0000000000000000           0.0000000000000000
          0.1788912071576796           0.0012229460458083           0.1739120310108493
          0.0217488731006491           0.0236827945273532           0.1082567193196986
          0.0000000000000000           0.0000000000000000           0.0000000000000000
         -0.1982428519457193          -0.0002152288151202          -0.1425346606412452
          0.2430212625168137           0.1028051948537176           0.0260963001090034
          0.0000000000000000           0.0000000000000000           0.0000000000000000
         -0.0114526649946021          -0.0047348666968858          -0.0272029767962563
          0.1502130528779922           0.0259289005646375           0.0511727775641335
          0.0000000000000000           0.0000000000000000           0.0000000000000000
         -0.0607655140590690          -0.0290004067650045          -0.0403412592677451
          0.3389508824526162           0.0633373689058175           0.1742653563377514
          0.0000000000000000           0.0000000000000000           0.0000000000000000
          0.0338340555788693          -0.0044879612539951           0.0254684949304704
          0.1686789938851440           0.0237696813526817           0.1128091497372578
          0.0000000000000000           0.0000000000000000           0.0000000000000000
          0.0236624458368801          -0.0262219240451641           0.0348616465318831
          0.3198736132179305           0.0460226776322936           0.2280650048215039
          0.0000000000000000           0.0000000000000000           0.0000000000000000
         -0.0013079468990915          -0.1602186862143327           0.0826091875764917
          1.1907810846380877          -0.0246871567509662           1.0973749755862718
          0.0000000000000000           0.0000000000000000           0.0000000000000000
        -94.7453009631293952         331.1086075528390893        -293.0741110156876630
       2236.0252298266541402        -639.8933544700081484        3791.7207540485837853
          0.0000000000000000           0.0000000000000000           0.0000000000000000
          0.0400971944131701           0.0018325752387290           0.0396198187012273
          0.1234077783389958           0.0227411119127966           0.1037254584467738
          0.0000000000000000           0.0000000000000000           0.0000000000000000
          0.0480319187541627          -0.0086203885647818           0.0577071360655668
          0.2144103104811997           0.0361102233357122           0.1823880324776187
          0.0000000000000000           0.0000000000000000           0.0000000000000000
          0.0832543887284016          -0.0850060981939659           0.1363449010769778
          0.6899127325859161          -0.0066637147127717           0.6763630708001163
          0.0000000000000000           0.0000000000000000           0.0000000000000000
        -26.4371502565001606          25.7660834117299977         -68.5606536004536338
        931.5502971933381104        -389.8707202883597347        1531.1719635373463007
          0.0000000000000000           0.0000000000000000           0.0000000000000000
          0.0174275264543305           0.0043595894709923           0.0191627071710679
          0.0412531790896905           0.0126207156927751           0.0408661415790407
          0.0000000000000000           0.0000000000000000           0.0000000000000000
          0.0243760590370439           0.0041394918405338           0.0289343680972704
          0.0666932822634402           0.0182858881587349           0.0661514221159643
          0.0000000000000000           0.0000000000000000           0.0000000000000000
          0.0521238403305503          -0.0063444288131102           0.0699965136246976
          0.1864550328573414           0.0157379206798517           0.2008512168386239
          0.0000000000000000           0.0000000000000000           0.0000000000000000
          2.5040735942186454         -22.8397595859326508           9.4660538051809411
        161.4621070650576087         -94.0709641422980667         262.6115662146671639
          0.0000000000000000           0.0000000000000000           0.0000000000000000
