1  82   2   1   2   -6.168216   0.000000
  0 
./DATA/100/00/GA/G010/M027/
0
          4.4793127333419021
          2.9858367484385222
          1.9785793931198175
          1.1319450443833512
          0.4937397738401310
          0.1487034831533768
          0.0089327845928637
          0.0000361451524339
          1.5383670829472491
          4.2796029226752008
          0.5677378772271099
          3.3089737169550624
          1.0561921140693113
          2.9423754192293825
          0.3878585215879419
          2.2740418267480136
          1.5765964009973950
          1.2174277861299536
          0.6833298860003962
          0.5269555984804202
          0.3405936505554917
          0.0522274613734307
          0.2182550538379514
          0.1679926136782332
          0.1078066493287475
          0.0150746781655112
          0.0246475851141129
          0.0189115947509467
          0.0119881536132424
          0.0014663907076039
          5.6981726986144530
          4.0256228675297212
          2.8433832449585243
          1.7800076833649265
          0.8864296756120399
          0.3215961708334359
          0.0308889862516322
          0.0003579292621165
          6.0886920639190043
         18.8764326665165036
          2.2751830418042234
         15.0629236444017121
          4.3845399722742231
         13.6628014262660642
          1.6082064839886439
         10.8864679379804965
          7.9887495190820372
          6.3466466374816948
          3.9113125691539219
          3.0932533898111627
          2.0595471646906427
          0.4004495717710391
          1.4955121361477737
          1.1752125206038686
          0.7649080905342925
          0.1265492617220753
          0.2517121754243822
          0.1958731396987082
          0.1230076331092990
          0.0147234566954769
          3.9011164950320656
          8.5814458701856804
          1.7130541412416862
          6.3933835163953052
          2.8164323527201058
          6.2072383465500378
          1.2214672947573282
          4.6122732885872573
          3.6294070250749493
          2.6851846161280406
          1.7799867475201054
          1.3098175842388553
          0.7747748765097776
          0.1007966170111188
          0.6834079826336633
          0.4997028659440894
          0.2874325223585952
          0.0300255550151923
          0.1159625638302187
          0.0840298320904723
          0.0462810650788290
          0.0031081838550712
1
          4.4793127333419021
          2.9858367484385222
          1.9785793931198177
          1.1319450443833514
          0.4937397738401310
          0.1487034831533768
          0.0089327845928637
          0.0000361451524339
          1.5383670829472484
          4.2796029226752017
          0.5677378772271101
          3.3089737169550633
          1.0561921140693113
          2.9423754192293834
          0.3878585215879421
          2.2740418267480136
          1.5765964009973947
          1.2174277861299536
          0.6833298860003962
          0.5269555984804202
          0.3405936505554916
          0.0522274613734307
          0.2182550538379514
          0.1679926136782332
          0.1078066493287475
          0.0150746781655112
          0.0246475851141129
          0.0189115947509467
          0.0119881536132424
          0.0014663907076039
          5.6981726986144530
          4.0256228675297212
          2.8433832449585243
          1.7800076833649270
          0.8864296756120401
          0.3215961708334361
          0.0308889862516322
          0.0003579292621165
          6.0886920639190061
         18.8764326665165107
          2.2751830418042207
         15.0629236444017014
          4.3845399722742213
         13.6628014262660624
          1.6082064839886465
         10.8864679379805018
          7.9887495190820346
          6.3466466374817037
          3.9113125691539210
          3.0932533898111632
          2.0595471646906414
          0.4004495717710391
          1.4955121361477730
          1.1752125206038684
          0.7649080905342930
          0.1265492617220752
          0.2517121754243823
          0.1958731396987081
          0.1230076331092990
          0.0147234566954769
          3.9011164950320669
          8.5814458701856786
          1.7130541412416851
          6.3933835163953034
          2.8164323527201058
          6.2072383465500396
          1.2214672947573286
          4.6122732885872599
          3.6294070250749484
          2.6851846161280406
          1.7799867475201063
          1.3098175842388557
          0.7747748765097772
          0.1007966170111189
          0.6834079826336635
          0.4997028659440895
          0.2874325223585953
          0.0300255550151923
          0.1159625638302186
          0.0840298320904723
          0.0462810650788290
          0.0031081838550712
   0    2  0.683474  0.560071 -0.121547 
         -0.0000000000000001           0.0000000000000000           0.0000000000000000
         -0.0000000000000000          -0.0000000000000000          -0.0000000000000001
          0.0000000000000000          -0.0000000000000000           0.0000000000000000
          0.0000000000000000          -0.0000000000000000           0.0000000000000000
          0.0000000000000000          -0.0000000000000000           0.0000000000000000
          0.0000000000000000          -0.0000000000000000           0.0000000000000000
          0.0000000000000000          -0.0000000000000000          -0.0000000000000000
          0.0000000000000000           0.0000000000000000           0.0000000000000000
          0.0000000000000001          -0.0000000000000000           0.0000000000000000
          0.0000000000000006          -0.0000000000000000           0.0000000000000001
         -0.0000000000000000           0.0000000000000000          -0.0000000000000001
          0.0000000000000001          -0.0000000000000000           0.0000000000000001
          0.0000000000000001           0.0000000000000000           0.0000000000000001
          0.0000000000000002          -0.0000000000000001           0.0000000000000001
          0.0000000000000000          -0.0000000000000001          -0.0000000000000000
         -0.0000000000000001           0.0000000000000000          -0.0000000000000003
         -0.0000000000000002           0.0000000000000001          -0.0000000000000002
         -0.0000000000000000           0.0000000000000000          -0.0000000000000000
         -0.0000000000000001          -0.0000000000000000          -0.0000000000000001
         -0.0000000000000000           0.0000000000000000           0.0000000000000000
          0.0000000000000001          -0.0000000000000000          -0.0000000000000000
         -0.0000000000000000           0.0000000000000000           0.0000000000000000
         -0.0000000000000000          -0.0000000000000000           0.0000000000000000
          0.0000000000000000          -0.0000000000000000           0.0000000000000000
          0.0000000000000000           0.0000000000000000          -0.0000000000000000
         -0.0000000000000000           0.0000000000000000           0.0000000000000000
         -0.0000000000000000           0.0000000000000000           0.0000000000000000
         -0.0000000000000000           0.0000000000000000          -0.0000000000000000
          0.0000000000000000          -0.0000000000000000           0.0000000000000000
         -0.0000000000000000          -0.0000000000000000          -0.0000000000000000
          0.0467192382682538           0.0704573704395612           0.0235049616232626
          0.0067234311017252           0.0226157709784863           0.0116694295629614
         -0.0244798892329266          -0.0230734404125170          -0.0154041382168278
         -0.0635745612421664          -0.0673116976574030          -0.0452400446461478
         -0.1009322554352314          -0.0911906419210946          -0.0537436351755856
         -0.0920373704718660          -0.0726676242833941          -0.0293840303150493
         -0.0207414245102700          -0.0165355645276587          -0.0007811321216748
         -0.0003131941810093          -0.0003343218257054           0.0001204831628810
         -0.1298828993384868          -0.0865050417702785          -0.0562031768941957
          0.0660933984758561           0.1153089854062366           0.0768449169106236
         -0.0889992906575288          -0.0728768477718435          -0.0703913805986841
          0.1069770071568128           0.1289371794046709           0.0626567132061331
         -0.1213660113393882          -0.0796198819818873          -0.0469687103705986
          0.0065788426696313           0.0033492925050464           0.0037072150030474
         -0.0752016800436196          -0.0497022750662739          -0.0474310243789380
          0.0527431739653990           0.0332668994206605           0.0032449009947064
         -0.0506501360599122          -0.0992824044240955          -0.0743112459308629
         -0.0018913838612094          -0.0572825320621367          -0.0619616364916795
         -0.0791077513309737          -0.1381266313251869          -0.1108847732272883
         -0.0346377362551734          -0.0959743340669288          -0.0936987856083268
          0.0025660133907289          -0.0161762451299199          -0.0395106989080666
         -0.0076130073331459           0.0340684557550106           0.0437416749632531
         -0.0747741432463353          -0.1165631236260502          -0.0962288020515387
         -0.0422264656389311          -0.0846422006614667          -0.0820337618928457
         -0.0117534486769003          -0.0326172801460420          -0.0465020828735377
         -0.0057785008172244           0.0107009648940865           0.0153804121443121
         -0.0357751261850609          -0.0495794361128886          -0.0382517273590093
         -0.0230874783829339          -0.0364434270853650          -0.0327665665102490
         -0.0096272917920026          -0.0175543128336440          -0.0210887211694400
         -0.0013000150816400           0.0011587905932959           0.0013292858661353
         -0.1796325225496512          -0.2038762022197559          -0.1465315647691017
          0.1158430216870206           0.2326801458557142           0.1671733047855309
         -0.1639703162248167          -0.1187214760306611          -0.0907848359824129
          0.1315052280118550           0.3178348720448093           0.2229200335722184
         -0.1792468794408526          -0.2073915379735622          -0.1498892899857855
          0.0644597107710958           0.1311209484967217           0.1066277946182353
         -0.1504653406901097          -0.1142407285685575          -0.0860262874615234
          0.0932412495218383           0.2242717579017260           0.1704907971424972
          0.0088270893525859           0.0240232999258090           0.0289508605640719
          0.0498951926180049           0.1161511115794909           0.0945240184163690
         -0.0297885371947365          -0.0406150661973042          -0.0270099390780255
          0.0142130002729864           0.0363704414590380           0.0282526465911046
          0.0218419943611977           0.0648337831843859           0.0525798684345752
         -0.0172615631171917          -0.0215577580533623          -0.0106641780963626
         -0.0440538555917902          -0.0578291691220897          -0.0447787493617985
         -0.0088517875518827          -0.0063902200464695          -0.0090046451242273
          0.0090520414722279           0.0242883186787931           0.0155734749018739
         -0.0062358311787882          -0.0062961622568635          -0.0008724207192034
         -0.0268401017169651          -0.0328179780250760          -0.0235656957448902
         -0.0123826240548324          -0.0142168471440549          -0.0121957818777889
         -0.0011021739618682           0.0008306700457236          -0.0018823705798129
         -0.0005087016895460          -0.0002477746065293           0.0004691193866991
   1
          0.0000000000000000           0.0000000000000000           0.0000000000000000
          0.0000000000000000           0.0000000000000000           0.0000000000000000
          0.0000000000000000           0.0000000000000000           0.0000000000000000
          0.0000000000000000           0.0000000000000000           0.0000000000000000
          0.0000000000000000           0.0000000000000000           0.0000000000000000
          0.0000000000000000           0.0000000000000000           0.0000000000000000
          0.0000000000000000           0.0000000000000000           0.0000000000000000
          0.0000000000000000           0.0000000000000000           0.0000000000000000
          0.0000000000000000           0.0000000000000000           0.0000000000000000
          0.0000000000000000           0.0000000000000000           0.0000000000000000
          0.0000000000000000           0.0000000000000000           0.0000000000000000
          0.0000000000000000           0.0000000000000000           0.0000000000000000
          0.0000000000000000           0.0000000000000000           0.0000000000000000
          0.0000000000000000           0.0000000000000000           0.0000000000000000
          0.0000000000000000           0.0000000000000000           0.0000000000000000
          0.0000000000000000           0.0000000000000000           0.0000000000000000
          0.0000000000000000           0.0000000000000000           0.0000000000000000
          0.0000000000000000           0.0000000000000000           0.0000000000000000
          0.0000000000000000           0.0000000000000000           0.0000000000000000
          0.0000000000000000           0.0000000000000000           0.0000000000000000
          0.0000000000000000           0.0000000000000000           0.0000000000000000
          0.0000000000000000           0.0000000000000000           0.0000000000000000
          0.0000000000000000           0.0000000000000000           0.0000000000000000
          0.0000000000000000           0.0000000000000000           0.0000000000000000
          0.0000000000000000           0.0000000000000000           0.0000000000000000
          0.0000000000000000           0.0000000000000000           0.0000000000000000
          0.0000000000000000           0.0000000000000000           0.0000000000000000
          0.0000000000000000           0.0000000000000000           0.0000000000000000
          0.0000000000000000           0.0000000000000000           0.0000000000000000
          0.0000000000000000           0.0000000000000000           0.0000000000000000
          0.0467192382682539           0.0704573704395613           0.0235049616232626
          0.0067234311017253           0.0226157709784863           0.0116694295629613
         -0.0244798892329265          -0.0230734404125170          -0.0154041382168279
         -0.0635745612421664          -0.0673116976574029          -0.0452400446461477
         -0.1009322554352314          -0.0911906419210947          -0.0537436351755856
         -0.0920373704718660          -0.0726676242833941          -0.0293840303150493
         -0.0207414245102700          -0.0165355645276587          -0.0007811321216748
         -0.0003131941810093          -0.0003343218257054           0.0001204831628810
          0.0195705849182667           0.1731458719114534           0.1369341644724322
         -0.1471495866435322          -0.1155379846395401          -0.0956506844395757
         -0.1119600988841369          -0.0051454853333463          -0.0006097420905016
         -0.2786802704459336          -0.2938293418843384          -0.2331945910025090
          0.0012486771150916           0.1109415493525491           0.1042562978560466
         -0.2308230144546078          -0.2634827283062291          -0.1907792885911470
         -0.0936739774375301           0.0028560438431532           0.0207664459774998
         -0.3257456690072265          -0.3715682338156239          -0.2742691404696954
         -0.2969769160270564          -0.3754745357419240          -0.2708880816613978
         -0.3451212939678505          -0.4091599991113106          -0.2937823710271738
         -0.2989743795561315          -0.3771712894886413          -0.2748935408463682
         -0.3078956037246755          -0.3644962130761136          -0.2594503827205332
         -0.3167063893217445          -0.2925906382412769          -0.1850143251018340
         -0.1269660617718721          -0.0327786413651496           0.0185348640724133
         -0.2315035490483228          -0.2821569232630270          -0.2022354526040656
         -0.2184023889954049          -0.2541732988063081          -0.1763882038912849
         -0.1930139370055555          -0.1884895683290897          -0.1168557061374944
         -0.0540818940254518          -0.0148424357055774           0.0076908438007508
         -0.0946488854190457          -0.1127783832707429          -0.0724760635697758
         -0.0822599188223446          -0.0959066757331830          -0.0596352446484580
         -0.0619715420807347          -0.0662373858602943          -0.0376023709626134
         -0.0100066439991705          -0.0041417475589770           0.0003947174734895
         -0.1796325225496516          -0.2038762022197570          -0.1465315647691019
          0.1158430216870210           0.2326801458557134           0.1671733047855285
         -0.1639703162248165          -0.1187214760306606          -0.0907848359824128
          0.1315052280118561           0.3178348720448096           0.2229200335722190
         -0.1792468794408515          -0.2073915379735617          -0.1498892899857858
          0.0644597107710933           0.1311209484967222           0.1066277946182337
         -0.1504653406901101          -0.1142407285685572          -0.0860262874615237
          0.0932412495218387           0.2242717579017272           0.1704907971424964
          0.0088270893525863           0.0240232999258091           0.0289508605640705
          0.0498951926180031           0.1161511115794901           0.0945240184163683
         -0.0297885371947363          -0.0406150661973045          -0.0270099390780254
          0.0142130002729866           0.0363704414590378           0.0282526465911044
          0.0218419943611979           0.0648337831843859           0.0525798684345750
         -0.0172615631171917          -0.0215577580533623          -0.0106641780963626
         -0.0440538555917905          -0.0578291691220899          -0.0447787493617989
         -0.0088517875518828          -0.0063902200464698          -0.0090046451242274
          0.0090520414722279           0.0242883186787931           0.0155734749018739
         -0.0062358311787882          -0.0062961622568635          -0.0008724207192034
         -0.0268401017169651          -0.0328179780250759          -0.0235656957448902
         -0.0123826240548324          -0.0142168471440548          -0.0121957818777889
         -0.0011021739618682           0.0008306700457236          -0.0018823705798129
         -0.0005087016895460          -0.0002477746065293           0.0004691193866991
   0
          0.0000000000000001          -0.0000000000000000           0.0000000000000000
          0.0000000000000000           0.0000000000000000           0.0000000000000001
         -0.0000000000000000           0.0000000000000000           0.0000000000000000
         -0.0000000000000000           0.0000000000000000          -0.0000000000000000
          0.0000000000000000           0.0000000000000000           0.0000000000000000
          0.0000000000000000           0.0000000000000000          -0.0000000000000000
         -0.0000000000000000           0.0000000000000000           0.0000000000000000
          0.0000000000000000           0.0000000000000000           0.0000000000000000
          0.0000000000000001          -0.0000000000000001           0.0000000000000000
         -0.0000000000000000          -0.0000000000000000           0.0000000000000000
          0.0000000000000001           0.0000000000000000           0.0000000000000000
          0.0000000000000000          -0.0000000000000002          -0.0000000000000004
          0.0000000000000003           0.0000000000000000           0.0000000000000000
          0.0000000000000000          -0.0000000000000000          -0.0000000000000001
         -0.0000000000000000           0.0000000000000000          -0.0000000000000000
         -0.0000000000000001           0.0000000000000001           0.0000000000000001
         -0.0000000000000001          -0.0000000000000000          -0.0000000000000004
          0.0000000000000001          -0.0000000000000000          -0.0000000000000000
          0.0000000000000001           0.0000000000000000          -0.0000000000000000
          0.0000000000000000          -0.0000000000000001           0.0000000000000000
          0.0000000000000000          -0.0000000000000000           0.0000000000000000
         -0.0000000000000000           0.0000000000000000           0.0000000000000000
         -0.0000000000000000           0.0000000000000000          -0.0000000000000000
          0.0000000000000000           0.0000000000000000          -0.0000000000000000
          0.0000000000000000          -0.0000000000000000          -0.0000000000000000
         -0.0000000000000000          -0.0000000000000000           0.0000000000000000
         -0.0000000000000000          -0.0000000000000000          -0.0000000000000000
         -0.0000000000000000           0.0000000000000000           0.0000000000000000
         -0.0000000000000000           0.0000000000000000           0.0000000000000000
          0.0000000000000000           0.0000000000000000          -0.0000000000000000
          0.0000000000000000           0.0000000000000000           0.0000000000000000
          0.0000000000000000           0.0000000000000000           0.0000000000000000
          0.0000000000000000           0.0000000000000000           0.0000000000000000
          0.0000000000000000           0.0000000000000000           0.0000000000000000
          0.0000000000000000           0.0000000000000000           0.0000000000000000
          0.0000000000000000           0.0000000000000000           0.0000000000000000
          0.0000000000000000           0.0000000000000000           0.0000000000000000
          0.0000000000000000           0.0000000000000000           0.0000000000000000
          0.1494534842567543           0.2596509136817324           0.1931373413666276
         -0.2132429851193849          -0.2308469700457747          -0.1724956013501984
         -0.0229608082266080           0.0677313624384976           0.0697816385081831
         -0.3856572776027478          -0.4227665212890099          -0.2958513042086470
          0.1226146884544792           0.1905614313344365           0.1512250082266447
         -0.2374018571242374          -0.2668320208112757          -0.1944865035941968
         -0.0184722973939102           0.0525583189094270           0.0681974703564373
         -0.3784888429726260          -0.4048351332362857          -0.2775140414644029
         -0.2463267799671434          -0.2761921313178291          -0.1965768357305351
         -0.3432299101066407          -0.3518774670491749          -0.2318207345354942
         -0.2198666282251574          -0.2390446581634551          -0.1640087676190806
         -0.2732578674695018          -0.2685218790091852          -0.1657515971122062
         -0.3192724027124738          -0.2764143931113574          -0.1455036261937679
         -0.1193530544387262          -0.0668470971201602          -0.0252068108908399
         -0.1567294058019877          -0.1655937996369773          -0.1060066505525268
         -0.1761759233564738          -0.1695310981448416          -0.0943544419984393
         -0.1812604883286549          -0.1558722881830476          -0.0703536232639570
         -0.0483033932082274          -0.0255434005996639          -0.0076895683435613
         -0.0588737592339848          -0.0631989471578542          -0.0342243362107665
         -0.0591724404394109          -0.0594632486478180          -0.0268686781382090
         -0.0523442502887319          -0.0486830730266503          -0.0165136497931734
         -0.0087066289175306          -0.0053005381522728          -0.0009345683926459
          0.0000000000000000           0.0000000000000000           0.0000000000000000
          0.0000000000000000           0.0000000000000000           0.0000000000000000
          0.0000000000000000           0.0000000000000000           0.0000000000000000
          0.0000000000000000           0.0000000000000000           0.0000000000000000
          0.0000000000000000           0.0000000000000000           0.0000000000000000
          0.0000000000000000           0.0000000000000000           0.0000000000000000
          0.0000000000000000           0.0000000000000000           0.0000000000000000
          0.0000000000000000           0.0000000000000000           0.0000000000000000
          0.0000000000000000           0.0000000000000000           0.0000000000000000
          0.0000000000000000           0.0000000000000000           0.0000000000000000
          0.0000000000000000           0.0000000000000000           0.0000000000000000
          0.0000000000000000           0.0000000000000000           0.0000000000000000
          0.0000000000000000           0.0000000000000000           0.0000000000000000
          0.0000000000000000           0.0000000000000000           0.0000000000000000
          0.0000000000000000           0.0000000000000000           0.0000000000000000
          0.0000000000000000           0.0000000000000000           0.0000000000000000
          0.0000000000000000           0.0000000000000000           0.0000000000000000
          0.0000000000000000           0.0000000000000000           0.0000000000000000
          0.0000000000000000           0.0000000000000000           0.0000000000000000
          0.0000000000000000           0.0000000000000000           0.0000000000000000
          0.0000000000000000           0.0000000000000000           0.0000000000000000
          0.0000000000000000           0.0000000000000000           0.0000000000000000
