1  82   2   1   2   -6.195258   0.000000
  0 
./DATA/100/00/GA/G024/M021/
0
          3.9168750311009313
          2.5236606447714998
          1.5991287823502762
          0.8494621042965262
          0.3263196998810184
          0.0809076629643918
          0.0030489702237154
          0.0000048590810803
          0.9928859883166672
          2.7916122717172320
          0.3455635914268859
          2.1442898748274501
          0.6474092215556846
          1.8196064622789137
          0.2259217749375458
          1.3981190156607737
          0.8816548180848973
          0.6777704433688501
          0.3273003280507130
          0.2517624615243611
          0.1622999625493175
          0.0224253272102547
          0.0823317754415322
          0.0633726798955342
          0.0409494216878447
          0.0056107732137015
          0.0056289944725997
          0.0043362103952956
          0.0028094685672503
          0.0003801104376657
          4.9495942629981151
          3.5457570745689968
          2.5332242848476141
          1.5982578419368980
          0.7899560102592705
          0.2750806696830164
          0.0229891516669287
          0.0002117717283911
          4.0711333920954687
         14.2665463645788186
          1.3601400634980056
         11.5555530359813581
          2.9031086828085488
         10.2606613874317762
          0.9441801402010246
          8.3017328448242633
          5.9119833448636756
          4.7721275591824952
          2.8163454724106134
          2.2648148419358161
          1.5272841542672302
          0.2709251961802959
          1.0248111718245210
          0.8196417558490926
          0.5423610437810267
          0.0821298947611506
          0.1529909835106850
          0.1213065239092300
          0.0780041762385357
          0.0088631223750893
          3.2274220434942409
          5.9414178348429108
          1.4566673936453212
          4.1706631849939857
          2.3208836479467778
          4.2610013871733869
          1.0374239218092940
          2.9775416610359029
          2.4491177702575495
          1.7002715099483310
          1.1673160627810746
          0.8049668268392451
          0.4242411749012729
          0.0414856441066106
          0.4270520824745804
          0.2927648831745790
          0.1495785544981150
          0.0109803140146785
          0.0646764530539068
          0.0441210566966009
          0.0216369538153147
          0.0009028841487329
1
          3.9168750311009313
          2.5236606447714984
          1.5991287823502760
          0.8494621042965262
          0.3263196998810184
          0.0809076629643918
          0.0030489702237154
          0.0000048590810803
          0.9928859883166672
          2.7916122717172311
          0.3455635914268860
          2.1442898748274506
          0.6474092215556848
          1.8196064622789134
          0.2259217749375459
          1.3981190156607739
          0.8816548180848972
          0.6777704433688500
          0.3273003280507130
          0.2517624615243612
          0.1622999625493175
          0.0224253272102547
          0.0823317754415321
          0.0633726798955342
          0.0409494216878447
          0.0056107732137015
          0.0056289944725997
          0.0043362103952956
          0.0028094685672503
          0.0003801104376657
          4.9495942629981142
          3.5457570745689968
          2.5332242848476141
          1.5982578419368985
          0.7899560102592704
          0.2750806696830164
          0.0229891516669287
          0.0002117717283911
          4.0711333920954722
         14.2665463645788186
          1.3601400634980059
         11.5555530359813492
          2.9031086828085493
         10.2606613874317762
          0.9441801402010246
          8.3017328448242491
          5.9119833448636809
          4.7721275591824979
          2.8163454724106129
          2.2648148419358143
          1.5272841542672291
          0.2709251961802959
          1.0248111718245208
          0.8196417558490923
          0.5423610437810268
          0.0821298947611506
          0.1529909835106850
          0.1213065239092299
          0.0780041762385357
          0.0088631223750893
          3.2274220434942409
          5.9414178348429045
          1.4566673936453205
          4.1706631849939857
          2.3208836479467787
          4.2610013871733861
          1.0374239218092940
          2.9775416610359065
          2.4491177702575482
          1.7002715099483301
          1.1673160627810750
          0.8049668268392453
          0.4242411749012725
          0.0414856441066106
          0.4270520824745803
          0.2927648831745793
          0.1495785544981149
          0.0109803140146785
          0.0646764530539068
          0.0441210566966009
          0.0216369538153147
          0.0009028841487329
   0    2 -0.512023  0.327003  0.573954 
          0.0000000000000000          -0.0000000000000000          -0.0000000000000001
          0.0000000000000001          -0.0000000000000001          -0.0000000000000001
          0.0000000000000001           0.0000000000000000          -0.0000000000000000
         -0.0000000000000000           0.0000000000000000           0.0000000000000000
         -0.0000000000000000          -0.0000000000000000           0.0000000000000000
          0.0000000000000000           0.0000000000000000          -0.0000000000000000
          0.0000000000000000          -0.0000000000000000          -0.0000000000000000
          0.0000000000000000           0.0000000000000000           0.0000000000000000
          0.0000000000000000          -0.0000000000000000          -0.0000000000000000
         -0.0000000000000000          -0.0000000000000000           0.0000000000000002
          0.0000000000000000          -0.0000000000000000           0.0000000000000000
          0.0000000000000000          -0.0000000000000000          -0.0000000000000001
         -0.0000000000000000          -0.0000000000000001          -0.0000000000000000
          0.0000000000000001          -0.0000000000000000           0.0000000000000001
          0.0000000000000000          -0.0000000000000000           0.0000000000000000
         -0.0000000000000000          -0.0000000000000000          -0.0000000000000000
         -0.0000000000000000          -0.0000000000000000          -0.0000000000000001
          0.0000000000000000           0.0000000000000000          -0.0000000000000000
         -0.0000000000000000          -0.0000000000000000          -0.0000000000000000
          0.0000000000000000           0.0000000000000001          -0.0000000000000000
          0.0000000000000000           0.0000000000000000           0.0000000000000000
         -0.0000000000000000           0.0000000000000000           0.0000000000000000
          0.0000000000000000          -0.0000000000000000          -0.0000000000000000
         -0.0000000000000000           0.0000000000000000           0.0000000000000000
         -0.0000000000000000          -0.0000000000000000           0.0000000000000000
         -0.0000000000000000          -0.0000000000000000          -0.0000000000000000
          0.0000000000000000           0.0000000000000000           0.0000000000000000
         -0.0000000000000000          -0.0000000000000000           0.0000000000000000
          0.0000000000000000          -0.0000000000000000          -0.0000000000000000
         -0.0000000000000000           0.0000000000000000           0.0000000000000000
         -0.0364020596312160           0.0228673152919228           0.0103910719196505
         -0.0105436702884642           0.0056007363190626           0.0119157960129164
          0.0005458880375429          -0.0056839671713529          -0.0190325301018264
          0.0065752805354763          -0.0164678672725937          -0.0661520855432826
          0.0138384610582456          -0.0254388481351889          -0.0990021636972773
          0.0217642031539305          -0.0245965428393958          -0.0808502762882245
          0.0113141222122213          -0.0078260949122902          -0.0184747411956254
          0.0004322709450232          -0.0003080105183091          -0.0004425911013632
         -0.0010474278331503          -0.0104865510147671          -0.0743856158329700
         -0.0306316954157112           0.0106939661236925           0.0917073712952889
         -0.0091467801768886          -0.0052902896600805          -0.0591095467258695
         -0.0387310477594499           0.0158902274783795           0.1069834404023916
          0.0025200916995103          -0.0104409349242403          -0.0686272397619393
         -0.0087260585310237          -0.0076282865094159           0.0325828324689561
         -0.0072731019116172          -0.0023932665656253          -0.0438764494645264
         -0.0185192521421511           0.0004193818491966           0.0573336227663679
          0.0042327672183601          -0.0214510656059886          -0.0399756180661848
         -0.0055822109490269          -0.0118652740733877          -0.0080860375467584
          0.0049765270000600          -0.0247907162838129          -0.0822501524710260
         -0.0030533206930374          -0.0159248282888609          -0.0513884286853036
         -0.0134306414240965           0.0006641025110375          -0.0074421482165286
         -0.0008386725743306           0.0085091532059328           0.0164427455403447
          0.0023118838986539          -0.0203263635665642          -0.0780686512842143
         -0.0031114384996890          -0.0138318540494118          -0.0560342242531404
         -0.0086604925809799          -0.0035417692391263          -0.0251372510771385
         -0.0005644179542985           0.0033590344121605           0.0051974682114256
          0.0012276702197497          -0.0091816653899587          -0.0319981068819062
         -0.0009387848353556          -0.0065298197509814          -0.0243728574546504
         -0.0028314074418300          -0.0028185856135602          -0.0137340542582496
         -0.0003588227920064           0.0005094579127485           0.0001334171309389
          0.0108730539285844          -0.0438108794570065          -0.1687621220707621
         -0.0425521771774470           0.0440182945659327           0.1860838775330820
          0.0005602103933676          -0.0249462642499449          -0.1556759553259741
         -0.0528650207126640           0.0628829097729945           0.1991700442778704
          0.0112928021247352          -0.0431004016685110          -0.1704346298968979
         -0.0174987689562487           0.0250311802348536           0.1343902226039144
          0.0017234369279074          -0.0237352772274804          -0.1402675520240502
         -0.0270681341530764           0.0443963046758847           0.1645573004767623
         -0.0005331979156731           0.0074680395875812           0.0571755480399418
         -0.0078984180646240           0.0256644826796947           0.1017967820937959
          0.0032842181929035          -0.0029114332965200          -0.0068077927495315
         -0.0015792033498031           0.0120545129193813           0.0387587439663878
         -0.0008853208701479           0.0139893098635013           0.0478192755504326
          0.0000060866042259          -0.0043118286380033          -0.0100249674851034
          0.0021069605986552          -0.0072392225151857          -0.0339823753934432
         -0.0009043897074242           0.0029402363354006          -0.0009114522174392
         -0.0006792300317400           0.0068846048184216           0.0165236242349378
          0.0006733605281219          -0.0013701907595152          -0.0018962604817577
          0.0012331441079608          -0.0052989332970274          -0.0201616867022115
         -0.0001786854853228          -0.0014660704344747          -0.0088268448918091
         -0.0005715508655955           0.0010525039369147          -0.0001203478247166
          0.0001517215014693          -0.0000927918330773           0.0000465182143083
   1
          0.0000000000000000           0.0000000000000000           0.0000000000000000
          0.0000000000000000           0.0000000000000000           0.0000000000000000
          0.0000000000000000           0.0000000000000000           0.0000000000000000
          0.0000000000000000           0.0000000000000000           0.0000000000000000
          0.0000000000000000           0.0000000000000000           0.0000000000000000
          0.0000000000000000           0.0000000000000000           0.0000000000000000
          0.0000000000000000           0.0000000000000000           0.0000000000000000
          0.0000000000000000           0.0000000000000000           0.0000000000000000
          0.0000000000000000           0.0000000000000000           0.0000000000000000
          0.0000000000000000           0.0000000000000000           0.0000000000000000
          0.0000000000000000           0.0000000000000000           0.0000000000000000
          0.0000000000000000           0.0000000000000000           0.0000000000000000
          0.0000000000000000           0.0000000000000000           0.0000000000000000
          0.0000000000000000           0.0000000000000000           0.0000000000000000
          0.0000000000000000           0.0000000000000000           0.0000000000000000
          0.0000000000000000           0.0000000000000000           0.0000000000000000
          0.0000000000000000           0.0000000000000000           0.0000000000000000
          0.0000000000000000           0.0000000000000000           0.0000000000000000
          0.0000000000000000           0.0000000000000000           0.0000000000000000
          0.0000000000000000           0.0000000000000000           0.0000000000000000
          0.0000000000000000           0.0000000000000000           0.0000000000000000
          0.0000000000000000           0.0000000000000000           0.0000000000000000
          0.0000000000000000           0.0000000000000000           0.0000000000000000
          0.0000000000000000           0.0000000000000000           0.0000000000000000
          0.0000000000000000           0.0000000000000000           0.0000000000000000
          0.0000000000000000           0.0000000000000000           0.0000000000000000
          0.0000000000000000           0.0000000000000000           0.0000000000000000
          0.0000000000000000           0.0000000000000000           0.0000000000000000
          0.0000000000000000           0.0000000000000000           0.0000000000000000
          0.0000000000000000           0.0000000000000000           0.0000000000000000
         -0.0364020596312160           0.0228673152919229           0.0103910719196505
         -0.0105436702884642           0.0056007363190626           0.0119157960129165
          0.0005458880375429          -0.0056839671713529          -0.0190325301018264
          0.0065752805354763          -0.0164678672725938          -0.0661520855432825
          0.0138384610582457          -0.0254388481351889          -0.0990021636972772
          0.0217642031539305          -0.0245965428393958          -0.0808502762882245
          0.0113141222122213          -0.0078260949122902          -0.0184747411956254
          0.0004322709450232          -0.0003080105183091          -0.0004425911013632
         -0.0315567367717817           0.0287013714624310           0.0946657997860899
         -0.0318015097259426          -0.0282865412445797          -0.0600222888614477
         -0.0199065172396648          -0.0028778652799125          -0.0643492964942147
         -0.0201512901938261          -0.0598657779869234          -0.2190373851417522
         -0.0108875866181520           0.0172487653528852           0.0801103312392605
         -0.0015243470448749          -0.0533872082202014          -0.1521991458252268
         -0.0065388720799763          -0.0025761502176436          -0.0294117123433924
          0.0028243674933012          -0.0732121237907302          -0.2617211894078790
          0.0171276660514520          -0.0697637510720744          -0.2425157063325239
          0.0172710017420159          -0.0777592414182578          -0.2905511541265623
          0.0193413219109358          -0.0681985559214421          -0.2627223141773911
          0.0190320652719507          -0.0685030403955129          -0.2656034514968881
          0.0212861189056456          -0.0602218041441586          -0.2420540814669257
          0.0229009485710012          -0.0117516975866965          -0.0731578986352747
          0.0151538295887795          -0.0521343806859431          -0.2003318955592384
          0.0151061091717824          -0.0488849593996011          -0.1843947549452146
          0.0163786124951985          -0.0395139547649033          -0.1481258369848266
          0.0114776289881324          -0.0051745490489629          -0.0303905453067876
          0.0081255785461439          -0.0220975069460295          -0.0723122159138346
          0.0077332092646554          -0.0194156232510226          -0.0621829491645561
          0.0072392487355379          -0.0143873478491388          -0.0450830115089070
          0.0027751531158730          -0.0014753373156798          -0.0060586495585170
          0.0108730539285847          -0.0438108794570068          -0.1687621220707611
         -0.0425521771774462           0.0440182945659319           0.1860838775330842
          0.0005602103933677          -0.0249462642499452          -0.1556759553259738
         -0.0528650207126640           0.0628829097729941           0.1991700442778702
          0.0112928021247348          -0.0431004016685119          -0.1704346298968977
         -0.0174987689562489           0.0250311802348535           0.1343902226039150
          0.0017234369279075          -0.0237352772274803          -0.1402675520240503
         -0.0270681341530763           0.0443963046758843           0.1645573004767620
         -0.0005331979156729           0.0074680395875815           0.0571755480399423
         -0.0078984180646244           0.0256644826796948           0.1017967820937961
          0.0032842181929040          -0.0029114332965197          -0.0068077927495321
         -0.0015792033498029           0.0120545129193812           0.0387587439663877
         -0.0008853208701477           0.0139893098635013           0.0478192755504326
          0.0000060866042258          -0.0043118286380032          -0.0100249674851034
          0.0021069605986553          -0.0072392225151860          -0.0339823753934432
         -0.0009043897074242           0.0029402363354005          -0.0009114522174392
         -0.0006792300317400           0.0068846048184217           0.0165236242349378
          0.0006733605281219          -0.0013701907595152          -0.0018962604817577
          0.0012331441079608          -0.0052989332970274          -0.0201616867022114
         -0.0001786854853229          -0.0014660704344748          -0.0088268448918090
         -0.0005715508655955           0.0010525039369147          -0.0001203478247167
          0.0001517215014693          -0.0000927918330773           0.0000465182143083
   0
          0.0000000000000000           0.0000000000000000           0.0000000000000001
         -0.0000000000000001           0.0000000000000001           0.0000000000000001
         -0.0000000000000001          -0.0000000000000000           0.0000000000000000
          0.0000000000000000          -0.0000000000000000          -0.0000000000000000
          0.0000000000000000           0.0000000000000000          -0.0000000000000000
         -0.0000000000000000          -0.0000000000000000           0.0000000000000000
          0.0000000000000000           0.0000000000000000           0.0000000000000000
          0.0000000000000000          -0.0000000000000000          -0.0000000000000000
         -0.0000000000000001           0.0000000000000001          -0.0000000000000000
          0.0000000000000002          -0.0000000000000006          -0.0000000000000008
          0.0000000000000002          -0.0000000000000000           0.0000000000000001
          0.0000000000000001           0.0000000000000001          -0.0000000000000000
          0.0000000000000000          -0.0000000000000001          -0.0000000000000002
          0.0000000000000002           0.0000000000000006           0.0000000000000004
          0.0000000000000000          -0.0000000000000000           0.0000000000000000
          0.0000000000000001          -0.0000000000000002           0.0000000000000006
          0.0000000000000001          -0.0000000000000000          -0.0000000000000001
          0.0000000000000001           0.0000000000000001          -0.0000000000000001
         -0.0000000000000000          -0.0000000000000001          -0.0000000000000001
         -0.0000000000000000           0.0000000000000000          -0.0000000000000001
          0.0000000000000000          -0.0000000000000000           0.0000000000000000
         -0.0000000000000000           0.0000000000000000          -0.0000000000000000
          0.0000000000000000           0.0000000000000000           0.0000000000000000
         -0.0000000000000000          -0.0000000000000000          -0.0000000000000000
         -0.0000000000000000          -0.0000000000000000           0.0000000000000000
          0.0000000000000000          -0.0000000000000000          -0.0000000000000000
         -0.0000000000000000          -0.0000000000000000          -0.0000000000000000
          0.0000000000000000           0.0000000000000000          -0.0000000000000000
          0.0000000000000000           0.0000000000000000          -0.0000000000000000
          0.0000000000000000           0.0000000000000000           0.0000000000000000
          0.0000000000000000           0.0000000000000000           0.0000000000000000
          0.0000000000000000           0.0000000000000000           0.0000000000000000
          0.0000000000000000           0.0000000000000000           0.0000000000000000
          0.0000000000000000           0.0000000000000000           0.0000000000000000
          0.0000000000000000           0.0000000000000000           0.0000000000000000
          0.0000000000000000           0.0000000000000000           0.0000000000000000
          0.0000000000000000           0.0000000000000000           0.0000000000000000
          0.0000000000000000           0.0000000000000000           0.0000000000000000
         -0.0305093089386323           0.0391879224771980           0.1690514156190600
         -0.0011698143102301          -0.0389805073682727          -0.1517296601567382
         -0.0107597370627765           0.0024124243801683          -0.0052397497683452
          0.0185797575656254          -0.0757560054653030          -0.3260208255441418
         -0.0134076783176617           0.0276897002771264           0.1487375710011993
          0.0072017114861481          -0.0457589217107837          -0.1847819782941839
          0.0007342298316411          -0.0001828836520181           0.0144647371211340
          0.0213436196354516          -0.0736315056399281          -0.3190548121742466
          0.0128948988330920          -0.0483126854660858          -0.2025400882663394
          0.0228532126910426          -0.0658939673448700          -0.2824651165798033
          0.0143647949108757          -0.0434078396376293          -0.1804721617063654
          0.0220853859649881          -0.0525782121066524          -0.2142150228115846
          0.0347167603297421          -0.0608859066551966          -0.2346119332503977
          0.0237396211453318          -0.0202608507926294          -0.0896006441756194
          0.0128419456901252          -0.0318080171193790          -0.1222632442750242
          0.0182175476714715          -0.0350531053501891          -0.1283605306920744
          0.0250391050761785          -0.0359721855257770          -0.1229885859076879
          0.0120420469424309          -0.0085335834611234          -0.0355880135182131
          0.0068979083263943          -0.0129158415560708          -0.0403141090319284
          0.0086719941000110          -0.0128858035000412          -0.0378100917099057
          0.0100706561773679          -0.0115687622355786          -0.0313489572506574
          0.0031339759078794          -0.0019847952284283          -0.0061920666894559
          0.0000000000000000           0.0000000000000000           0.0000000000000000
          0.0000000000000000           0.0000000000000000           0.0000000000000000
          0.0000000000000000           0.0000000000000000           0.0000000000000000
          0.0000000000000000           0.0000000000000000           0.0000000000000000
          0.0000000000000000           0.0000000000000000           0.0000000000000000
          0.0000000000000000           0.0000000000000000           0.0000000000000000
          0.0000000000000000           0.0000000000000000           0.0000000000000000
          0.0000000000000000           0.0000000000000000           0.0000000000000000
          0.0000000000000000           0.0000000000000000           0.0000000000000000
          0.0000000000000000           0.0000000000000000           0.0000000000000000
          0.0000000000000000           0.0000000000000000           0.0000000000000000
          0.0000000000000000           0.0000000000000000           0.0000000000000000
          0.0000000000000000           0.0000000000000000           0.0000000000000000
          0.0000000000000000           0.0000000000000000           0.0000000000000000
          0.0000000000000000           0.0000000000000000           0.0000000000000000
          0.0000000000000000           0.0000000000000000           0.0000000000000000
          0.0000000000000000           0.0000000000000000           0.0000000000000000
          0.0000000000000000           0.0000000000000000           0.0000000000000000
          0.0000000000000000           0.0000000000000000           0.0000000000000000
          0.0000000000000000           0.0000000000000000           0.0000000000000000
          0.0000000000000000           0.0000000000000000           0.0000000000000000
          0.0000000000000000           0.0000000000000000           0.0000000000000000
