1  82   2   1   2   -5.794956   0.000000
  0 
./DATA/100/00/GA/G014/M022/
0
          4.6745698516689433
          5.7544669547227238
          3.0616706676105223
          4.1133770072410387
          2.0022640573694903
          2.9289321452108554
          1.1393652437122161
          1.8443114709776478
          0.5107714980263952
          0.9210657277134545
          0.1728257582138472
          0.3347934127290126
          0.0168907201783738
          0.0323790751726193
          0.0002131279674545
          0.0003918151755414
          1.6475303161707013
          6.2717485985533914
          4.2538990952157754
          4.4811873260600894
         19.9789722718548184
          8.8714613399883380
          1.3445226205322551
          4.6011789803122269
          3.8518241372139310
          7.0118366403110315
         32.0156263269151253
         13.0869486267590567
          1.1012359909712290
          4.5558258775558773
          3.0587329092576518
          2.9983115412944121
         14.4753371636217238
          6.4568486113311447
          0.8958431056303539
          3.3074047677629617
          2.7381538340461460
          4.6899942062767161
         23.1464273398946716
          9.5343852381931420
          1.5323782098151857
          8.4768243323784116
          3.8140669890545538
          2.3941718881274969
         13.4996446820791220
          5.6423410892836996
          0.6230520693990961
          4.1581728490402634
          1.8955711098458874
          0.9709161307213240
          6.5817534089638503
          2.8120897221541314
          2.5668908214242210
         17.6628677562406793
          6.8960968393322917
       2810.0778262998205719
      14156.3527473204958369
       4424.2069638096745621
          0.1836148324123205
          1.5942042600316828
          0.7406550264615815
          0.2847579909177466
          2.5012110551042075
          1.1035606405271428
          0.7404665768489554
          6.5597244376922497
          2.6907606305491951
        752.2725435359119501
       4605.0739202304312130
       1523.5538918505767469
          0.0184908171906954
          0.2706998511920957
          0.1301757265117389
          0.0283995400983684
          0.4179519483336016
          0.1957771617853829
          0.0715208453899071
          1.0506375044739042
          0.4740930161170002
         59.9610758103602706
        566.7096277513314817
        209.7143991630383084
1
          5.7544669547227221
          4.6745698516689460
          4.1133770072410414
          3.0616706676105223
          2.9289321452108550
          2.0022640573694908
          1.8443114709776474
          1.1393652437122161
          0.9210657277134542
          0.5107714980263951
          0.3347934127290127
          0.1728257582138473
          0.0323790751726192
          0.0168907201783738
          0.0003918151755414
          0.0002131279674545
          4.2538990952157718
          6.2717485985533905
          1.6475303161707013
          8.8714613399883380
         19.9789722718548468
          4.4811873260600885
          3.8518241372139324
          4.6011789803122278
          1.3445226205322554
         13.0869486267590585
         32.0156263269151111
          7.0118366403110306
          3.0587329092576523
          4.5558258775558782
          1.1012359909712297
          6.4568486113311554
         14.4753371636217274
          2.9983115412944126
          2.7381538340461482
          3.3074047677629586
          0.8958431056303541
          9.5343852381931420
         23.1464273398946503
          4.6899942062767153
          3.8140669890545520
          8.4768243323784151
          1.5323782098151857
          5.6423410892836969
         13.4996446820791185
          2.3941718881274965
          1.8955711098458881
          4.1581728490402581
          0.6230520693990962
          2.8120897221541337
          6.5817534089638565
          0.9709161307213239
          6.8960968393322908
         17.6628677562406828
          2.5668908214242205
       4424.2069638096691051
      14156.3527473205012939
       2810.0778262998205719
          0.7406550264615819
          1.5942042600316819
          0.1836148324123205
          1.1035606405271428
          2.5012110551042075
          0.2847579909177465
          2.6907606305491942
          6.5597244376922488
          0.7404665768489553
       1523.5538918505772017
       4605.0739202304384889
        752.2725435359118364
          0.1301757265117389
          0.2706998511920957
          0.0184908171906954
          0.1957771617853828
          0.4179519483336012
          0.0283995400983684
          0.4740930161170004
          1.0506375044739031
          0.0715208453899071
        209.7143991630383368
        566.7096277513319365
         59.9610758103602635
   0    2 -0.794426 -0.457480 -0.000726 
          0.0000000000000000           0.0000000000000000           0.0000000000000001
          0.0324488718224085          -0.0171217629646660           0.0493027579251857
          0.0000000000000000          -0.0000000000000000           0.0000000000000000
          0.0022991661493991          -0.0152017000679188           0.0159318155712749
          0.0000000000000000           0.0000000000000000           0.0000000000000000
         -0.0006657964049886           0.0138345928394509          -0.0054342527185468
          0.0000000000000000           0.0000000000000000          -0.0000000000000000
          0.0154901078686960           0.0541205939691996          -0.0130216219871849
          0.0000000000000000           0.0000000000000000           0.0000000000000000
          0.0417889773591478           0.0784799188953863          -0.0058217098763608
          0.0000000000000000           0.0000000000000000          -0.0000000000000000
          0.0500278127598666           0.0610801196321518           0.0004897004092487
         -0.0000000000000000           0.0000000000000000           0.0000000000000000
          0.0182531695345715           0.0137250353163237          -0.0001977834072436
         -0.0000000000000000          -0.0000000000000000           0.0000000000000000
          0.0006753245583995           0.0003673301370820          -0.0000271005389946
         -0.0000000000000001          -0.0000000000000000          -0.0000000000000000
          0.0665083293829535           0.0892478644666014           0.0084383477593800
          0.0118775693749099           0.1615652069115487          -0.0607148265717608
          0.0000000000000000           0.0000000000000000          -0.0000000000000002
         -0.0805072984499894          -0.1375250617058634           0.0454050869127883
         -0.0258765384419450          -0.2098424041508111           0.1145582612439284
          0.0000000000000001           0.0000000000000000          -0.0000000000000000
          0.0824199973103454           0.1198679459356733           0.0331747404962028
          0.1635502339357281           0.3211886460131158          -0.0400688762739206
         -0.0000000000000001          -0.0000000000000000           0.0000000000000001
         -0.2116112583555356          -0.3336779064092578           0.1071082188030187
          0.0880420183020215          -0.4216265761116045           0.3104772993574570
          0.0000000000000001           0.0000000000000000           0.0000000000000000
          0.0677745056572337           0.0929075647238409           0.0048442344977808
          0.0165212080420788           0.1645273849948647          -0.0583288450133187
         -0.0000000000000004           0.0000000000000001           0.0000000000000000
         -0.0881264620056028          -0.0673258863253812          -0.0133111810179194
         -0.0368731643904480          -0.1389457065964056           0.0498618984931789
         -0.0000000000000001           0.0000000000000000          -0.0000000000000000
          0.0885952602288604           0.1143179366329170           0.0334342783400249
          0.1415718429846608           0.2896883846953260          -0.0387363914608964
         -0.0000000000000007          -0.0000000000000001           0.0000000000000004
         -0.2232066750968117          -0.2061489654655257          -0.0028765526913769
          0.0347830981196064          -0.3172577984872141           0.1776450955520988
         -0.0000000000000002           0.0000000000000000          -0.0000000000000003
         -0.0711416232319555           0.0195335143847535          -0.0541802831506810
         -0.0271761065556452          -0.0429061778335241          -0.0054248947223917
         -0.0000000000000003          -0.0000000000000000           0.0000000000000000
         -0.1871328429486158          -0.0402229059792785          -0.0840087095828648
          0.0106174481709568          -0.1580262310695165           0.0510794225140083
          0.0000000000000001           0.0000000000000000           0.0000000000000000
         -0.0377609376006029           0.0734031417126244          -0.0536308188643854
         -0.0044308259013882           0.0286295043411630          -0.0238839436808940
          0.0000000000000002          -0.0000000000000000           0.0000000000000001
         -0.1158382855313032           0.0752383970719935          -0.0899410186623692
          0.0183301217786829          -0.0205879070806982          -0.0098471608039460
          0.0000000000000004           0.0000000000000000          -0.0000000000000001
         -0.3712728339802038           0.0235800493679932          -0.2553479402651911
          0.1630298690767208          -0.1349304983252151           0.0053181160097150
          0.0000000000000652           0.0000000000000149           0.0000000000002850
        830.4084763146763635        -654.2154839184229331         485.4778922057687396
       -389.6929997809139650        -200.8888942677868670         287.1721546656114015
          0.0000000000000000          -0.0000000000000000           0.0000000000000000
         -0.0095469170660666           0.0756798849981089          -0.0283114432829276
          0.0112301627893669           0.0514088653112583          -0.0159499383162509
         -0.0000000000000000           0.0000000000000000          -0.0000000000000000
         -0.0483287956963465           0.1028303178301313          -0.0484845218956427
          0.0268523377091548           0.0461537509390315          -0.0164064240359966
          0.0000000000000001          -0.0000000000000000           0.0000000000000001
         -0.1860756195744217           0.2011933516479397          -0.1618917586062311
          0.1206857167371079           0.0593696195372328          -0.0481432939562969
          0.0000000000001119           0.0000000000000405          -0.0000000000000130
        308.1477696314294690        -242.2751063259182729          14.7433078557620831
       -109.2901419976353452        -105.1755887159978187          52.9710780349348198
         -0.0000000000000000           0.0000000000000000           0.0000000000000000
          0.0017158221782381           0.0309076057498561          -0.0017122099979587
          0.0086958139881253           0.0249311165289226          -0.0007611315296792
         -0.0000000000000000           0.0000000000000000           0.0000000000000000
         -0.0072682493188705           0.0468894825437812          -0.0025370454208222
          0.0150411991399424           0.0318061559373557          -0.0006279818058675
          0.0000000000000000           0.0000000000000000           0.0000000000000000
         -0.0419309082887710           0.1162276487432056          -0.0177231106553744
          0.0493080073147928           0.0683098426002568          -0.0103044315403080
         -0.0000000000000012           0.0000000000000027          -0.0000000000000132
         47.9719733559135975         -13.0423126370012881         -45.5922603103478963
          7.4507753176977030          -4.4135972227752758         -12.4029672627503391
   1
          0.0324488718224084          -0.0171217629646660           0.0493027579251856
          0.0000000000000000           0.0000000000000000           0.0000000000000000
          0.0022991661493991          -0.0152017000679189           0.0159318155712749
          0.0000000000000000           0.0000000000000000           0.0000000000000000
         -0.0006657964049888           0.0138345928394509          -0.0054342527185467
          0.0000000000000000           0.0000000000000000           0.0000000000000000
          0.0154901078686959           0.0541205939691998          -0.0130216219871849
          0.0000000000000000           0.0000000000000000           0.0000000000000000
          0.0417889773591478           0.0784799188953863          -0.0058217098763609
          0.0000000000000000           0.0000000000000000           0.0000000000000000
          0.0500278127598666           0.0610801196321518           0.0004897004092487
          0.0000000000000000           0.0000000000000000           0.0000000000000000
          0.0182531695345715           0.0137250353163237          -0.0001977834072436
          0.0000000000000000           0.0000000000000000           0.0000000000000000
          0.0006753245583995           0.0003673301370820          -0.0000271005389946
          0.0000000000000000           0.0000000000000000           0.0000000000000000
          0.0118775693749102           0.1615652069115486          -0.0607148265717613
          0.0620438071140329          -0.1146512814210102           0.1254428958709043
          0.0000000000000000           0.0000000000000000           0.0000000000000000
         -0.0258765384419455          -0.2098424041508112           0.1145582612439263
         -0.0900417452481026           0.0180968869424857          -0.0177560265265692
          0.0000000000000000           0.0000000000000000           0.0000000000000000
          0.1635502339357284           0.3211886460131144          -0.0400688762739204
          0.2272175378913155           0.0966502472647237           0.1950476343277749
          0.0000000000000000           0.0000000000000000           0.0000000000000000
          0.0880420183020260          -0.4216265761116064           0.3104772993574569
         -0.0769535668329518           0.3621465839917123          -0.0913502104671744
          0.0000000000000000           0.0000000000000000           0.0000000000000000
          0.0165212080420794           0.1645273849948641          -0.0583288450133194
          0.0349468645390263          -0.0825510309854679           0.0685259703932131
          0.0000000000000000           0.0000000000000000           0.0000000000000000
         -0.0368731643904505          -0.1389457065964049           0.0498618984931790
         -0.0756507772357619           0.1337143877823869          -0.0854598634334926
          0.0000000000000000           0.0000000000000000           0.0000000000000000
          0.1415718429846610           0.2896883846953267          -0.0387363914608955
          0.1704590463527895           0.0511944002521101           0.1343265723171117
          0.0000000000000000           0.0000000000000000           0.0000000000000000
          0.0347830981196060          -0.3172577984872138           0.1776450955520987
         -0.0507362371967867           0.4837252377878215          -0.1736450953362998
          0.0000000000000000           0.0000000000000000           0.0000000000000000
         -0.0271761065556479          -0.0429061778335240          -0.0054248947223930
         -0.0310022329373637           0.2467764340031862          -0.1205064231820941
          0.0000000000000000           0.0000000000000000           0.0000000000000000
          0.0106174481709553          -0.1580262310695164           0.0510794225140112
          0.0110985053472328           0.5768242737711680          -0.2077983162204392
          0.0000000000000000           0.0000000000000000           0.0000000000000000
         -0.0044308259013889           0.0286295043411632          -0.0238839436808941
          0.0163968113247772           0.2763676762726464          -0.0995619376267373
          0.0000000000000000           0.0000000000000000           0.0000000000000000
          0.0183301217786830          -0.0205879070806980          -0.0098471608039452
          0.0665628116952261           0.5426558984822404          -0.1649736014605767
          0.0000000000000000           0.0000000000000000           0.0000000000000000
          0.1630298690767222          -0.1349304983252142           0.0053181160097146
          0.7487710596947013           2.0418501674968139          -0.4419881731350078
          0.0000000000000000           0.0000000000000000           0.0000000000000000
       -389.6929997809134534        -200.8888942677855027         287.1721546656124815
       4345.8672725709811857        2690.1439363406539087        1053.9288865561184139
          0.0000000000000000           0.0000000000000000           0.0000000000000000
          0.0112301627893668           0.0514088653112585          -0.0159499383162509
          0.0367867524885545           0.2100532843924055          -0.0504046519850415
          0.0000000000000000           0.0000000000000000           0.0000000000000000
          0.0268523377091547           0.0461537509390318          -0.0164064240359967
          0.0778000597630654           0.3766343841969388          -0.0842663986811068
          0.0000000000000000           0.0000000000000000           0.0000000000000000
          0.1206857167371089           0.0593696195372332          -0.0481432939562966
          0.4674665712457055           1.2478931287792705          -0.2605209298053558
          0.0000000000000000           0.0000000000000000           0.0000000000000000
       -109.2901419976335831        -105.1755887159975487          52.9710780349335977
       1913.5903246747006961        1343.1741126092026661         197.1177597435937798
          0.0000000000000000           0.0000000000000000           0.0000000000000000
          0.0086958139881253           0.0249311165289226          -0.0007611315296792
          0.0198742928292346           0.0710441427385961          -0.0046216735097932
          0.0000000000000000           0.0000000000000000           0.0000000000000000
          0.0150411991399424           0.0318061559373557          -0.0006279818058675
          0.0350642067940140           0.1193175112317819          -0.0096134230520197
          0.0000000000000000           0.0000000000000000           0.0000000000000000
          0.0493080073147924           0.0683098426002568          -0.0103044315403079
          0.1438287474255280           0.3581471333578474          -0.0489232381663566
          0.0000000000000000           0.0000000000000000           0.0000000000000000
          7.4507753176980760          -4.4135972227752163         -12.4029672627501242
        370.2017589333494811         325.7666268626671808         -39.8215973581322160
          0.0000000000000000           0.0000000000000000           0.0000000000000000
   0
          0.0000000000000000           0.0000000000000000          -0.0000000000000001
          0.0000000000000000           0.0000000000000000           0.0000000000000000
         -0.0000000000000000           0.0000000000000000          -0.0000000000000000
          0.0000000000000000           0.0000000000000000           0.0000000000000000
         -0.0000000000000000           0.0000000000000000           0.0000000000000000
          0.0000000000000000           0.0000000000000000           0.0000000000000000
         -0.0000000000000000          -0.0000000000000000           0.0000000000000000
          0.0000000000000000           0.0000000000000000           0.0000000000000000
         -0.0000000000000000           0.0000000000000000           0.0000000000000000
          0.0000000000000000           0.0000000000000000           0.0000000000000000
         -0.0000000000000000           0.0000000000000000           0.0000000000000000
          0.0000000000000000           0.0000000000000000           0.0000000000000000
          0.0000000000000000           0.0000000000000000           0.0000000000000000
          0.0000000000000000           0.0000000000000000           0.0000000000000000
          0.0000000000000000           0.0000000000000000           0.0000000000000000
          0.0000000000000000           0.0000000000000000           0.0000000000000000
         -0.0000000000000000           0.0000000000000001           0.0000000000000001
         -0.0044645222689201          -0.2038991458876110           0.1170045481115239
          0.0000000000000000           0.0000000000000000           0.0000000000000000
          0.0000000000000008           0.0000000000000002           0.0000000000000001
         -0.0095344467981141           0.1556219486483484          -0.0631611134393577
          0.0000000000000000           0.0000000000000000           0.0000000000000000
          0.0000000000000001           0.0000000000000001          -0.0000000000000003
          0.1447975405809698          -0.0232176986709487           0.1618728938315734
          0.0000000000000000           0.0000000000000000           0.0000000000000000
         -0.0000000000000006           0.0000000000000003           0.0000000000000011
          0.1346576915225857           0.6958244904009727          -0.1984584292701896
          0.0000000000000000           0.0000000000000000           0.0000000000000000
          0.0000000000000000           0.0000000000000002          -0.0000000000000001
         -0.0328276411182085          -0.1754585957093089           0.0636817358954318
          0.0000000000000000           0.0000000000000000           0.0000000000000000
          0.0000000000000003           0.0000000000000000          -0.0000000000000001
          0.0124756847698398           0.2010402741077684          -0.0721486824155713
          0.0000000000000000           0.0000000000000000           0.0000000000000000
         -0.0000000000000001          -0.0000000000000001           0.0000000000000000
          0.0818637861239283          -0.0631235363808060           0.1008922939770875
          0.0000000000000000           0.0000000000000000           0.0000000000000000
          0.0000000000000001           0.0000000000000002           0.0000000000000000
          0.1724704379000256           0.6898742032533509          -0.1707685426449242
          0.0000000000000000           0.0000000000000000           0.0000000000000000
          0.0000000000000001          -0.0000000000000002           0.0000000000000002
          0.0401393902945915           0.2272429196184318          -0.0663261400314130
          0.0000000000000000           0.0000000000000000           0.0000000000000000
          0.0000000000000001          -0.0000000000000000          -0.0000000000000002
          0.1982313482958457           0.6170471797504482          -0.1237896066375744
          0.0000000000000000           0.0000000000000000           0.0000000000000000
         -0.0000000000000001          -0.0000000000000000          -0.0000000000000000
          0.0541577489253800           0.2029645345600218          -0.0459311187623520
          0.0000000000000000           0.0000000000000000           0.0000000000000000
         -0.0000000000000001           0.0000000000000000           0.0000000000000001
          0.1824010972265293           0.4674175014102472          -0.0750325827982068
          0.0000000000000000           0.0000000000000000           0.0000000000000000
          0.0000000000000003          -0.0000000000000000           0.0000000000000003
          1.1200438936749062           2.0182701181288172          -0.1866402328698179
          0.0000000000000000           0.0000000000000000           0.0000000000000000
          0.0000000000008746           0.0000000000004217           0.0000000000000667
       3515.4587962563045949        3344.3594202590788882         568.4509943503520617
          0.0000000000000000           0.0000000000000000           0.0000000000000000
         -0.0000000000000001          -0.0000000000000000           0.0000000000000000
          0.0463336695546215           0.1343733993942968          -0.0220932087021145
          0.0000000000000000           0.0000000000000000           0.0000000000000000
         -0.0000000000000000           0.0000000000000000           0.0000000000000000
          0.1261288554594118           0.2738040663668075          -0.0357818767854639
          0.0000000000000000           0.0000000000000000           0.0000000000000000
          0.0000000000000001           0.0000000000000000          -0.0000000000000001
          0.6535421908201268           1.0466997771313291          -0.0986291711991242
          0.0000000000000000           0.0000000000000000           0.0000000000000000
         -0.0000000000001645          -0.0000000000000368          -0.0000000000000708
       1605.4425550432738419        1585.4492189351233264         182.3744518878310430
          0.0000000000000000           0.0000000000000000           0.0000000000000000
          0.0000000000000000          -0.0000000000000000          -0.0000000000000000
          0.0181584706509965           0.0401365369887401          -0.0029094635118346
          0.0000000000000000           0.0000000000000000           0.0000000000000000
         -0.0000000000000000           0.0000000000000000          -0.0000000000000000
          0.0423324561128845           0.0724280286880004          -0.0070763776311976
          0.0000000000000000           0.0000000000000000           0.0000000000000000
         -0.0000000000000000          -0.0000000000000000           0.0000000000000000
          0.1857596557142990           0.2419194846146417          -0.0312001275109819
          0.0000000000000000           0.0000000000000000           0.0000000000000000
          0.0000000000000161          -0.0000000000000026          -0.0000000000000119
        322.2297855774357345         338.8089394996688952           5.7706629522155790
          0.0000000000000000           0.0000000000000000           0.0000000000000000
