1  82   2   1   2   -6.370273   0.000000
  0 
./DATA/100/00/GA/G009/M028/
0
          5.1950950267816998
          3.4103700436490230
          2.2126638653774520
          1.2224414519202529
          0.5043729589535375
          0.1416270809113127
          0.0075882954833615
          0.0000256851459746
          2.1164272884619302
          5.8915639220255986
          0.7746884286048303
          4.5498250621685044
          1.4167162160428328
          3.9436872613263567
          0.5189029103044922
          3.0458739555880157
          2.0071537173634666
          1.5503498903105670
          0.8033399987017952
          0.6205047652589996
          0.4061955388645994
          0.0627416933074790
          0.2274052930361428
          0.1756218845328864
          0.1149244315905681
          0.0171858726323713
          0.0202067449047086
          0.0155989919766362
          0.0101924290880996
          0.0014543061604270
          6.1431221550639838
          4.4132912815474850
          3.1909875482931516
          2.0700730071980304
          1.0787437251761265
          0.4038390412021275
          0.0374491659510121
          0.0003635197852703
          7.0892671882394964
         24.2700119899207643
          2.5697172978371956
         19.7504620995184617
          5.1250675508852419
         17.7870254816764906
          1.7981725257447356
         14.4601304565359818
         10.6276386764331505
          8.6179404988390385
          5.3551956884427243
          4.3228042208151969
          2.9382513954786442
          0.5524552049632320
          2.1204088847388816
          1.6995742318154763
          1.1276607757009773
          0.1755561405152359
          0.3730025889415874
          0.2953391399923375
          0.1887818099140167
          0.0208655699377787
          5.4897366074090455
         10.1899029816710875
          2.5533638948546429
          7.2535302691166850
          4.0315462066926919
          7.4245003095881801
          1.8566622950102125
          5.2496163979056991
          4.4082497722711631
          3.0864925233380966
          2.2161240292767439
          1.5363198429685829
          0.8264348079391459
          0.1052455722552941
          0.8820419521250529
          0.6068153702205740
          0.3143773601661655
          0.0292613679432512
          0.1584878316693053
          0.1088357767648247
          0.0542153822213391
          0.0026576760260702
1
          5.1950950267816998
          3.4103700436490234
          2.2126638653774520
          1.2224414519202529
          0.5043729589535376
          0.1416270809113127
          0.0075882954833615
          0.0000256851459746
          2.1164272884619302
          5.8915639220255995
          0.7746884286048302
          4.5498250621685035
          1.4167162160428328
          3.9436872613263558
          0.5189029103044924
          3.0458739555880148
          2.0071537173634670
          1.5503498903105670
          0.8033399987017954
          0.6205047652589994
          0.4061955388645993
          0.0627416933074790
          0.2274052930361429
          0.1756218845328864
          0.1149244315905681
          0.0171858726323713
          0.0202067449047086
          0.0155989919766362
          0.0101924290880996
          0.0014543061604270
          6.1431221550639838
          4.4132912815474858
          3.1909875482931520
          2.0700730071980300
          1.0787437251761267
          0.4038390412021275
          0.0374491659510121
          0.0003635197852703
          7.0892671882394964
         24.2700119899207571
          2.5697172978371956
         19.7504620995184546
          5.1250675508852428
         17.7870254816764835
          1.7981725257447345
         14.4601304565359783
         10.6276386764331470
          8.6179404988390509
          5.3551956884427270
          4.3228042208151951
          2.9382513954786438
          0.5524552049632320
          2.1204088847388793
          1.6995742318154783
          1.1276607757009787
          0.1755561405152358
          0.3730025889415877
          0.2953391399923379
          0.1887818099140168
          0.0208655699377786
          5.4897366074090481
         10.1899029816710840
          2.5533638948546438
          7.2535302691166859
          4.0315462066926893
          7.4245003095881739
          1.8566622950102107
          5.2496163979056991
          4.4082497722711578
          3.0864925233380962
          2.2161240292767426
          1.5363198429685829
          0.8264348079391460
          0.1052455722552942
          0.8820419521250527
          0.6068153702205749
          0.3143773601661654
          0.0292613679432512
          0.1584878316693054
          0.1088357767648246
          0.0542153822213391
          0.0026576760260702
   0    2  0.239319  0.048883 -0.633181 
         -0.0000000000000001          -0.0000000000000000           0.0000000000000000
          0.0000000000000000          -0.0000000000000000           0.0000000000000000
         -0.0000000000000000          -0.0000000000000000          -0.0000000000000001
          0.0000000000000000          -0.0000000000000000          -0.0000000000000000
          0.0000000000000000           0.0000000000000000          -0.0000000000000000
          0.0000000000000000          -0.0000000000000000           0.0000000000000000
          0.0000000000000000           0.0000000000000000          -0.0000000000000000
          0.0000000000000000          -0.0000000000000000           0.0000000000000000
          0.0000000000000000           0.0000000000000002          -0.0000000000000001
         -0.0000000000000003           0.0000000000000000           0.0000000000000003
         -0.0000000000000000          -0.0000000000000000          -0.0000000000000000
          0.0000000000000003           0.0000000000000000           0.0000000000000002
          0.0000000000000001           0.0000000000000001          -0.0000000000000000
          0.0000000000000004          -0.0000000000000000           0.0000000000000003
          0.0000000000000000          -0.0000000000000000           0.0000000000000000
          0.0000000000000005           0.0000000000000001           0.0000000000000000
          0.0000000000000001          -0.0000000000000001          -0.0000000000000000
          0.0000000000000002           0.0000000000000000          -0.0000000000000001
          0.0000000000000001          -0.0000000000000000           0.0000000000000000
          0.0000000000000000          -0.0000000000000000          -0.0000000000000000
          0.0000000000000000           0.0000000000000000          -0.0000000000000001
         -0.0000000000000000          -0.0000000000000000          -0.0000000000000000
         -0.0000000000000001          -0.0000000000000000          -0.0000000000000001
         -0.0000000000000000          -0.0000000000000000          -0.0000000000000000
         -0.0000000000000000          -0.0000000000000000          -0.0000000000000000
         -0.0000000000000000          -0.0000000000000000          -0.0000000000000000
          0.0000000000000000           0.0000000000000000           0.0000000000000000
          0.0000000000000000           0.0000000000000000          -0.0000000000000000
         -0.0000000000000000           0.0000000000000000           0.0000000000000000
         -0.0000000000000000          -0.0000000000000000          -0.0000000000000000
          0.0023040922282063          -0.0363214604415080           0.0152497108198663
         -0.0026529017380628          -0.0053131100165883           0.0076818121550042
          0.0003377893683650          -0.0037060701457306           0.0043885131289056
          0.0047102365080028          -0.0162591870411285           0.0132844263041091
          0.0020425195404401          -0.0286517511580975           0.0377501699979490
         -0.0064043399568170          -0.0232915922931953           0.0489465758672401
         -0.0045544452615276          -0.0033539338371166           0.0152601691151231
         -0.0001629773630341           0.0000591446575390           0.0002942846717542
          0.0005800812804453          -0.0282948750522148           0.0355750863642521
         -0.0225477616519026           0.0134866478709837           0.0227838414830960
          0.0150708122523929          -0.0342224457080631           0.0091659681658016
         -0.0080570306799537           0.0075590772151357          -0.0036252767153547
         -0.0022681443128396          -0.0247115309567474           0.0380871367282316
         -0.0075240396947000           0.0145330122683956          -0.0013418747575738
          0.0070902424064803          -0.0244079561754110           0.0137581940496384
          0.0018343470246200           0.0148365870497319          -0.0256708174361653
          0.0129846168783182          -0.0048820860570568          -0.0175392493432671
          0.0169845510230457           0.0023524347855019          -0.0395655494562759
          0.0258413079714945          -0.0291614682550372          -0.0143288876936430
          0.0266350360195072          -0.0184124975383075          -0.0337109768660301
          0.0098360607402449           0.0053464979451466          -0.0346587579043130
         -0.0194399185998255           0.0126856285866030           0.0280125232005666
          0.0246082329142332          -0.0375261613857942          -0.0003440993693948
          0.0242288922709650          -0.0277268203132949          -0.0153091459935911
          0.0138922183815129          -0.0096523337930131          -0.0209188468393774
         -0.0073928883938206           0.0049155280058843           0.0103158723285148
          0.0100569801809834          -0.0202409196378258           0.0082285948576503
          0.0096932316061539          -0.0157387229377866           0.0015514275798250
          0.0065928281978530          -0.0083848941897986          -0.0034635088782336
         -0.0008102159397350           0.0004355944811418           0.0010941732554590
          0.0146845134621640          -0.0526601848166890           0.0448001125967997
         -0.0366521938336234           0.0378519576354585           0.0135588152505478
         -0.0036530310530107          -0.0459383587599363           0.0693190241371555
         -0.0549897383487970           0.0445737836922110           0.0380777267909038
          0.0185169481031098          -0.0581457157842385           0.0439883344880991
         -0.0283091321106500           0.0479671970958863          -0.0072430725174414
         -0.0009713123405685          -0.0462432127305058           0.0648067838014118
         -0.0477973925543286           0.0598697001496191           0.0135753767958724
         -0.0121064342004821           0.0353173146678020          -0.0224595091182315
         -0.0309409601060042           0.0536212595934654          -0.0107441200111014
          0.0030738223353919           0.0084504591672070          -0.0200709332980878
         -0.0119887470318235           0.0292423559598682          -0.0193014459279805
         -0.0224435731629490           0.0318083641820586          -0.0009089068534084
          0.0043102852665363          -0.0108441749121441           0.0107649234308932
          0.0097576813549222          -0.0118262279927874          -0.0058705446077033
          0.0006255806483595           0.0052706185019663          -0.0123675412203363
         -0.0081146588399110           0.0144911381193844          -0.0074772420675347
          0.0000227947033877          -0.0022247755865957           0.0049004310538250
          0.0057706287331568          -0.0122145780768811           0.0056590298139331
          0.0031486273231963          -0.0051153266472214           0.0000508510056477
         -0.0000497104995697           0.0008625739306980          -0.0024961813080478
         -0.0002920721785309           0.0001099188265421           0.0005922595923315
   1
          0.0000000000000000           0.0000000000000000           0.0000000000000000
          0.0000000000000000           0.0000000000000000           0.0000000000000000
          0.0000000000000000           0.0000000000000000           0.0000000000000000
          0.0000000000000000           0.0000000000000000           0.0000000000000000
          0.0000000000000000           0.0000000000000000           0.0000000000000000
          0.0000000000000000           0.0000000000000000           0.0000000000000000
          0.0000000000000000           0.0000000000000000           0.0000000000000000
          0.0000000000000000           0.0000000000000000           0.0000000000000000
          0.0000000000000000           0.0000000000000000           0.0000000000000000
          0.0000000000000000           0.0000000000000000           0.0000000000000000
          0.0000000000000000           0.0000000000000000           0.0000000000000000
          0.0000000000000000           0.0000000000000000           0.0000000000000000
          0.0000000000000000           0.0000000000000000           0.0000000000000000
          0.0000000000000000           0.0000000000000000           0.0000000000000000
          0.0000000000000000           0.0000000000000000           0.0000000000000000
          0.0000000000000000           0.0000000000000000           0.0000000000000000
          0.0000000000000000           0.0000000000000000           0.0000000000000000
          0.0000000000000000           0.0000000000000000           0.0000000000000000
          0.0000000000000000           0.0000000000000000           0.0000000000000000
          0.0000000000000000           0.0000000000000000           0.0000000000000000
          0.0000000000000000           0.0000000000000000           0.0000000000000000
          0.0000000000000000           0.0000000000000000           0.0000000000000000
          0.0000000000000000           0.0000000000000000           0.0000000000000000
          0.0000000000000000           0.0000000000000000           0.0000000000000000
          0.0000000000000000           0.0000000000000000           0.0000000000000000
          0.0000000000000000           0.0000000000000000           0.0000000000000000
          0.0000000000000000           0.0000000000000000           0.0000000000000000
          0.0000000000000000           0.0000000000000000           0.0000000000000000
          0.0000000000000000           0.0000000000000000           0.0000000000000000
          0.0000000000000000           0.0000000000000000           0.0000000000000000
          0.0023040922282065          -0.0363214604415080           0.0152497108198660
         -0.0026529017380631          -0.0053131100165884           0.0076818121550040
          0.0003377893683649          -0.0037060701457306           0.0043885131289055
          0.0047102365080028          -0.0162591870411285           0.0132844263041090
          0.0020425195404401          -0.0286517511580974           0.0377501699979491
         -0.0064043399568170          -0.0232915922931953           0.0489465758672400
         -0.0045544452615276          -0.0033539338371166           0.0152601691151231
         -0.0001629773630341           0.0000591446575390           0.0002942846717542
         -0.0424277235653969           0.0003036957376031           0.0782533419556869
         -0.0015076371775226          -0.0299201501000614           0.0384645137390117
         -0.0078859166858468          -0.0740303462911325           0.1086090128987228
          0.0330341697020272          -0.1042541921287996           0.0688201846820476
         -0.0390081008615709           0.0232284001213789           0.0501911125580031
          0.0194237328464910          -0.0435854374980823           0.0232994113833106
         -0.0185118259734009          -0.0356283413767163           0.0888738236600564
          0.0399200077346588          -0.1024421789961762           0.0619821224853625
          0.0420541032897138          -0.0778948037905826           0.0239049585685188
          0.0460571566674682          -0.1104024246492205           0.0625803770499056
          0.0498003282529608          -0.1033748280718013           0.0411730581755990
          0.0434719600033670          -0.1111206614246024           0.0678373922309159
          0.0088723288640828          -0.0985844201320253           0.1239533323381358
         -0.0405411751600634          -0.0158831052304427           0.1109615245388229
          0.0390740126431616          -0.0951785171503430           0.0540440565276501
          0.0307388043226934          -0.0888422586711285           0.0639426368274092
          0.0080203263617421          -0.0674424649772367           0.0809948675196900
         -0.0185112262694162          -0.0055648491183147           0.0469378282157044
          0.0143635471527883          -0.0438246036664943           0.0359228254234426
          0.0106615285310730          -0.0372845130454126           0.0340660516613388
          0.0037128364262199          -0.0252751700224836           0.0303170273251957
         -0.0034038987691444          -0.0012045043452677           0.0085384708624810
          0.0146845134621666          -0.0526601848166893           0.0448001125967983
         -0.0366521938336233           0.0378519576354576           0.0135588152505477
         -0.0036530310530101          -0.0459383587599367           0.0693190241371569
         -0.0549897383488004           0.0445737836922107           0.0380777267909055
          0.0185169481031107          -0.0581457157842397           0.0439883344880984
         -0.0283091321106496           0.0479671970958867          -0.0072430725174427
         -0.0009713123405684          -0.0462432127305056           0.0648067838014122
         -0.0477973925543288           0.0598697001496201           0.0135753767958719
         -0.0121064342004819           0.0353173146678014          -0.0224595091182323
         -0.0309409601060030           0.0536212595934656          -0.0107441200111022
          0.0030738223353917           0.0084504591672071          -0.0200709332980889
         -0.0119887470318232           0.0292423559598682          -0.0193014459279814
         -0.0224435731629493           0.0318083641820586          -0.0009089068534085
          0.0043102852665363          -0.0108441749121441           0.0107649234308932
          0.0097576813549223          -0.0118262279927873          -0.0058705446077036
          0.0006255806483593           0.0052706185019663          -0.0123675412203366
         -0.0081146588399109           0.0144911381193844          -0.0074772420675349
          0.0000227947033876          -0.0022247755865957           0.0049004310538250
          0.0057706287331569          -0.0122145780768811           0.0056590298139331
          0.0031486273231963          -0.0051153266472214           0.0000508510056477
         -0.0000497104995697           0.0008625739306980          -0.0024961813080478
         -0.0002920721785309           0.0001099188265421           0.0005922595923315
   0
          0.0000000000000001           0.0000000000000000          -0.0000000000000000
         -0.0000000000000000           0.0000000000000000           0.0000000000000000
          0.0000000000000000           0.0000000000000000           0.0000000000000001
          0.0000000000000000           0.0000000000000000           0.0000000000000000
         -0.0000000000000000          -0.0000000000000000           0.0000000000000000
          0.0000000000000000           0.0000000000000000           0.0000000000000000
          0.0000000000000000          -0.0000000000000000           0.0000000000000000
         -0.0000000000000000           0.0000000000000000           0.0000000000000000
         -0.0000000000000000           0.0000000000000001           0.0000000000000001
          0.0000000000000005           0.0000000000000001          -0.0000000000000001
          0.0000000000000000          -0.0000000000000000          -0.0000000000000000
          0.0000000000000002           0.0000000000000001           0.0000000000000003
          0.0000000000000000           0.0000000000000001          -0.0000000000000003
         -0.0000000000000002          -0.0000000000000001           0.0000000000000002
          0.0000000000000000           0.0000000000000000           0.0000000000000000
          0.0000000000000001          -0.0000000000000002           0.0000000000000002
         -0.0000000000000002          -0.0000000000000001           0.0000000000000001
          0.0000000000000000           0.0000000000000001           0.0000000000000000
          0.0000000000000001          -0.0000000000000001           0.0000000000000001
          0.0000000000000001           0.0000000000000000           0.0000000000000000
          0.0000000000000000          -0.0000000000000000           0.0000000000000000
         -0.0000000000000000          -0.0000000000000000          -0.0000000000000000
          0.0000000000000000           0.0000000000000000           0.0000000000000000
          0.0000000000000000           0.0000000000000000           0.0000000000000000
         -0.0000000000000000           0.0000000000000000          -0.0000000000000000
         -0.0000000000000000          -0.0000000000000000           0.0000000000000000
         -0.0000000000000000           0.0000000000000000          -0.0000000000000000
          0.0000000000000000          -0.0000000000000000           0.0000000000000000
         -0.0000000000000000           0.0000000000000000          -0.0000000000000000
         -0.0000000000000000          -0.0000000000000000           0.0000000000000000
          0.0000000000000000           0.0000000000000000           0.0000000000000000
          0.0000000000000000           0.0000000000000000           0.0000000000000000
          0.0000000000000000           0.0000000000000000           0.0000000000000000
          0.0000000000000000           0.0000000000000000           0.0000000000000000
          0.0000000000000000           0.0000000000000000           0.0000000000000000
          0.0000000000000000           0.0000000000000000           0.0000000000000000
          0.0000000000000000           0.0000000000000000           0.0000000000000000
          0.0000000000000000           0.0000000000000000           0.0000000000000000
         -0.0430078048458405           0.0285985707898172           0.0426782555914327
          0.0210401244743827          -0.0434067979710493           0.0156806722559151
         -0.0229567289382410          -0.0398079005830699           0.0994430447329206
          0.0410912003819796          -0.1118132693439340           0.0724454613974019
         -0.0367399565487308           0.0479399310781265           0.0121039758297735
          0.0269477725411900          -0.0581184497664777           0.0246412861408849
         -0.0256020683798812          -0.0112203852013054           0.0751156296104172
          0.0380856607100407          -0.1172787660459102           0.0876529399215323
          0.0290694864113931          -0.0730127177335274           0.0414442079117881
          0.0290726056444225          -0.1127548594347221           0.1021459265061824
          0.0239590202814646          -0.0742133598167646           0.0555019458692422
          0.0168369239838618          -0.0927081638862951           0.1015483690969465
         -0.0009637318761624          -0.1039309180771723           0.1586120902424477
         -0.0211012565602378          -0.0285687338170457           0.0829490013382563
          0.0144657797289280          -0.0576523557645490           0.0543881558970452
          0.0065099120517287          -0.0611154383578334           0.0792517828210003
         -0.0058718920197709          -0.0577901311842238           0.1019137143590673
         -0.0111183378755956          -0.0104803771241990           0.0366219558871896
          0.0043065669718049          -0.0235836840286683           0.0276942305657922
          0.0009682969249191          -0.0215457901076260           0.0325146240815137
         -0.0028799917716332          -0.0168902758326851           0.0337805362034293
         -0.0025936828294094          -0.0016400988264095           0.0074442976070220
          0.0000000000000000           0.0000000000000000           0.0000000000000000
          0.0000000000000000           0.0000000000000000           0.0000000000000000
          0.0000000000000000           0.0000000000000000           0.0000000000000000
          0.0000000000000000           0.0000000000000000           0.0000000000000000
          0.0000000000000000           0.0000000000000000           0.0000000000000000
          0.0000000000000000           0.0000000000000000           0.0000000000000000
          0.0000000000000000           0.0000000000000000           0.0000000000000000
          0.0000000000000000           0.0000000000000000           0.0000000000000000
          0.0000000000000000           0.0000000000000000           0.0000000000000000
          0.0000000000000000           0.0000000000000000           0.0000000000000000
          0.0000000000000000           0.0000000000000000           0.0000000000000000
          0.0000000000000000           0.0000000000000000           0.0000000000000000
          0.0000000000000000           0.0000000000000000           0.0000000000000000
          0.0000000000000000           0.0000000000000000           0.0000000000000000
          0.0000000000000000           0.0000000000000000           0.0000000000000000
          0.0000000000000000           0.0000000000000000           0.0000000000000000
          0.0000000000000000           0.0000000000000000           0.0000000000000000
          0.0000000000000000           0.0000000000000000           0.0000000000000000
          0.0000000000000000           0.0000000000000000           0.0000000000000000
          0.0000000000000000           0.0000000000000000           0.0000000000000000
          0.0000000000000000           0.0000000000000000           0.0000000000000000
          0.0000000000000000           0.0000000000000000           0.0000000000000000
