1  82   2   1   2   -6.014757   0.000000
  0 
./DATA/100/00/GA/G005/M022/
0
          3.3241522063762949
          2.1539315010333246
          1.3816043597508667
          0.7501896778934030
          0.2991318682276289
          0.0798583686801881
          0.0041246600066653
          0.0000145983236598
          0.6337362759981960
          1.7852695876351834
          0.2195259288989134
          1.3710592405359003
          0.4145246097199302
          1.1719134832680020
          0.1410763746766777
          0.8984652482247496
          0.5782579588123963
          0.4420639251315547
          0.2224121861068110
          0.1694237191331104
          0.1038756855744816
          0.0145317841550412
          0.0596266035557414
          0.0452419244711982
          0.0272995309458696
          0.0033018985314265
          0.0047164490061018
          0.0035628440616929
          0.0021115645763138
          0.0002080026377750
          4.5625723125094941
          3.2024555972681874
          2.2379310448545437
          1.3734201402944770
          0.6579455739671189
          0.2218020793324633
          0.0169592384163776
          0.0001200571559021
          3.3113885980172499
         10.6917215243465566
          1.1634644728819135
          8.5437973992112148
          2.3356490622123678
          7.5894222726204577
          0.8054066291907538
          6.0591798395988450
          4.2846686935189409
          3.4145328374859365
          1.9938852817251531
          1.5842672509354045
          1.0532868141936826
          0.1819270407612561
          0.7094120844405069
          0.5609747828521846
          0.3654061715533635
          0.0533284445837105
          0.1051965940744328
          0.0823466627820702
          0.0516858665750050
          0.0053591446428724
          2.2573057262517038
          4.7442493349301991
          0.9697694252984864
          3.4567130339769818
          1.6011730650088805
          3.3613626024075329
          0.6802861077003663
          2.4404756450990184
          1.8921891952212877
          1.3654888823535776
          0.8781081515798427
          0.6287881420258459
          0.3538554157378363
          0.0433460086013943
          0.3123154167815221
          0.2217913984408471
          0.1209446432649771
          0.0119418541330882
          0.0468199875798524
          0.0330644135336137
          0.0173072001255158
          0.0010231423754288
1
          3.3241522063762949
          2.1539315010333251
          1.3816043597508667
          0.7501896778934029
          0.2991318682276289
          0.0798583686801881
          0.0041246600066653
          0.0000145983236598
          0.6337362759981960
          1.7852695876351838
          0.2195259288989134
          1.3710592405359008
          0.4145246097199303
          1.1719134832680020
          0.1410763746766777
          0.8984652482247499
          0.5782579588123961
          0.4420639251315547
          0.2224121861068111
          0.1694237191331104
          0.1038756855744816
          0.0145317841550412
          0.0596266035557414
          0.0452419244711982
          0.0272995309458696
          0.0033018985314265
          0.0047164490061018
          0.0035628440616929
          0.0021115645763138
          0.0002080026377750
          4.5625723125094959
          3.2024555972681861
          2.2379310448545437
          1.3734201402944772
          0.6579455739671192
          0.2218020793324634
          0.0169592384163776
          0.0001200571559021
          3.3113885980172513
         10.6917215243465531
          1.1634644728819141
          8.5437973992112202
          2.3356490622123682
          7.5894222726204577
          0.8054066291907535
          6.0591798395988468
          4.2846686935189418
          3.4145328374859365
          1.9938852817251531
          1.5842672509354039
          1.0532868141936822
          0.1819270407612561
          0.7094120844405071
          0.5609747828521842
          0.3654061715533635
          0.0533284445837104
          0.1051965940744328
          0.0823466627820702
          0.0516858665750050
          0.0053591446428724
          2.2573057262517033
          4.7442493349301982
          0.9697694252984865
          3.4567130339769814
          1.6011730650088802
          3.3613626024075312
          0.6802861077003661
          2.4404756450990188
          1.8921891952212879
          1.3654888823535776
          0.8781081515798423
          0.6287881420258455
          0.3538554157378365
          0.0433460086013943
          0.3123154167815221
          0.2217913984408470
          0.1209446432649772
          0.0119418541330882
          0.0468199875798524
          0.0330644135336137
          0.0173072001255158
          0.0010231423754288
   0    2  0.208207  0.175251  0.350542 
          0.0000000000000000          -0.0000000000000001           0.0000000000000000
         -0.0000000000000000          -0.0000000000000001           0.0000000000000000
          0.0000000000000000           0.0000000000000000          -0.0000000000000000
         -0.0000000000000000           0.0000000000000000           0.0000000000000000
          0.0000000000000000           0.0000000000000000           0.0000000000000000
         -0.0000000000000000           0.0000000000000000           0.0000000000000000
          0.0000000000000000           0.0000000000000000           0.0000000000000000
          0.0000000000000000           0.0000000000000000           0.0000000000000000
          0.0000000000000000           0.0000000000000000          -0.0000000000000000
         -0.0000000000000001           0.0000000000000000          -0.0000000000000001
         -0.0000000000000000           0.0000000000000000           0.0000000000000000
          0.0000000000000000          -0.0000000000000000           0.0000000000000000
         -0.0000000000000001          -0.0000000000000000           0.0000000000000000
         -0.0000000000000000           0.0000000000000001          -0.0000000000000001
          0.0000000000000000          -0.0000000000000000           0.0000000000000000
         -0.0000000000000000          -0.0000000000000000          -0.0000000000000000
         -0.0000000000000000           0.0000000000000000           0.0000000000000000
          0.0000000000000001           0.0000000000000000          -0.0000000000000000
         -0.0000000000000000          -0.0000000000000000          -0.0000000000000000
         -0.0000000000000000          -0.0000000000000000          -0.0000000000000000
         -0.0000000000000000           0.0000000000000000          -0.0000000000000000
         -0.0000000000000000           0.0000000000000000           0.0000000000000000
          0.0000000000000000           0.0000000000000000          -0.0000000000000000
         -0.0000000000000000          -0.0000000000000000           0.0000000000000000
          0.0000000000000000          -0.0000000000000000           0.0000000000000000
          0.0000000000000000          -0.0000000000000000           0.0000000000000000
          0.0000000000000000          -0.0000000000000000           0.0000000000000000
          0.0000000000000000           0.0000000000000000           0.0000000000000000
          0.0000000000000000           0.0000000000000000           0.0000000000000000
          0.0000000000000000          -0.0000000000000000          -0.0000000000000000
         -0.0667718341686538          -0.0221967146807667          -0.0571332996537580
         -0.0033242141141357           0.0114510803426960           0.0036062346046632
          0.0010235430684489          -0.0031084215963925           0.0051650092701950
         -0.0263279542858239          -0.0418194590562530          -0.0256849207116119
         -0.0573765984724721          -0.0737246936558869          -0.0617472203493018
         -0.0513548699926366          -0.0604370086638089          -0.0594709579680428
         -0.0106367647174895          -0.0112295286404785          -0.0141960080606929
         -0.0001598964011094          -0.0001417714936307          -0.0002672083857909
         -0.0687234602893656          -0.0853607597497013          -0.0698953142117856
          0.0877155117602835           0.1484414404593950           0.1263817379451914
         -0.0510487880185084          -0.0582190871974019          -0.0583883252052361
          0.1053901840311412           0.1755831130116945           0.1378887269517414
         -0.0628455484935204          -0.0819944430139355          -0.0646120852417676
          0.0960761545846425           0.1193118238053583           0.1242035559988713
         -0.0442469685007862          -0.0519158576777563          -0.0491981648462615
          0.1146747345773772           0.1493904091415370           0.1396174763943779
          0.0705733935161628           0.0636619787599515           0.0872117463242402
          0.0902375860364303           0.0946182110686395           0.1064048844425951
          0.0270418437546353           0.0111574395649614           0.0352790109220426
          0.0450759317388068           0.0374898925469204           0.0541642343746838
          0.0516544835755672           0.0521970950136113           0.0609019141634730
         -0.0119912553768453          -0.0136298793723992          -0.0150758487560483
         -0.0045198762321598          -0.0153534986206944          -0.0015685610743019
          0.0081411848872836           0.0015274425307345           0.0121610600665876
          0.0177619824887407           0.0155189939706728           0.0223909564010441
         -0.0013675481021195          -0.0021244066366110          -0.0022027335734184
         -0.0093866606618994          -0.0113528730918199          -0.0093164253725578
         -0.0050894774508620          -0.0062893194659219          -0.0044619184125643
         -0.0004776002355187          -0.0009229984923531           0.0005561828353858
          0.0003110612860109           0.0001744159353993           0.0002937684957693
         -0.0009284483702967          -0.0377489915851788           0.0153332956321086
          0.0199204998412148           0.1008296722948725           0.0411531281012952
         -0.0525118320045309          -0.0917485688362901          -0.0502321151929331
         -0.0316628837930195           0.0468300950437612          -0.0244122827237459
         -0.0106647053307292          -0.0466017936686751           0.0023534708403906
          0.0438953114218517           0.0839191744600981           0.0572379999167126
         -0.0451817192584760          -0.0779618438795226          -0.0425942437120387
          0.0093782974941048           0.0525591242492507           0.0122902853642834
          0.0388395141125992           0.0433349232980856           0.0444628428965218
          0.0256767383421770           0.0366992535163412           0.0249282955332703
          0.0124331376798417           0.0027092717022374           0.0135335512751308
          0.0143645574294062           0.0105806367085884           0.0123075794936936
          0.0132980261445360           0.0117348862763929           0.0122936949625172
         -0.0050310979899709          -0.0022757079796665          -0.0036043192125621
         -0.0085102619203037          -0.0170293279389707          -0.0092724513248868
         -0.0012737518963865          -0.0065272703387144          -0.0030449217202082
          0.0046297651718126           0.0013686909584562           0.0035097796102497
         -0.0004840585223441          -0.0000223006919655          -0.0000788387976423
         -0.0091434614136752          -0.0109497820605700          -0.0100030293718976
         -0.0052465627233900          -0.0065055938387734          -0.0060326489716009
         -0.0012769563642782          -0.0021530118577383          -0.0017160812955568
          0.0001404742557289           0.0000922549772464           0.0001711101915918
   1
          0.0000000000000000           0.0000000000000000           0.0000000000000000
          0.0000000000000000           0.0000000000000000           0.0000000000000000
          0.0000000000000000           0.0000000000000000           0.0000000000000000
          0.0000000000000000           0.0000000000000000           0.0000000000000000
          0.0000000000000000           0.0000000000000000           0.0000000000000000
          0.0000000000000000           0.0000000000000000           0.0000000000000000
          0.0000000000000000           0.0000000000000000           0.0000000000000000
          0.0000000000000000           0.0000000000000000           0.0000000000000000
          0.0000000000000000           0.0000000000000000           0.0000000000000000
          0.0000000000000000           0.0000000000000000           0.0000000000000000
          0.0000000000000000           0.0000000000000000           0.0000000000000000
          0.0000000000000000           0.0000000000000000           0.0000000000000000
          0.0000000000000000           0.0000000000000000           0.0000000000000000
          0.0000000000000000           0.0000000000000000           0.0000000000000000
          0.0000000000000000           0.0000000000000000           0.0000000000000000
          0.0000000000000000           0.0000000000000000           0.0000000000000000
          0.0000000000000000           0.0000000000000000           0.0000000000000000
          0.0000000000000000           0.0000000000000000           0.0000000000000000
          0.0000000000000000           0.0000000000000000           0.0000000000000000
          0.0000000000000000           0.0000000000000000           0.0000000000000000
          0.0000000000000000           0.0000000000000000           0.0000000000000000
          0.0000000000000000           0.0000000000000000           0.0000000000000000
          0.0000000000000000           0.0000000000000000           0.0000000000000000
          0.0000000000000000           0.0000000000000000           0.0000000000000000
          0.0000000000000000           0.0000000000000000           0.0000000000000000
          0.0000000000000000           0.0000000000000000           0.0000000000000000
          0.0000000000000000           0.0000000000000000           0.0000000000000000
          0.0000000000000000           0.0000000000000000           0.0000000000000000
          0.0000000000000000           0.0000000000000000           0.0000000000000000
          0.0000000000000000           0.0000000000000000           0.0000000000000000
         -0.0667718341686541          -0.0221967146807667          -0.0571332996537581
         -0.0033242141141356           0.0114510803426961           0.0036062346046633
          0.0010235430684489          -0.0031084215963924           0.0051650092701950
         -0.0263279542858239          -0.0418194590562530          -0.0256849207116119
         -0.0573765984724721          -0.0737246936558869          -0.0617472203493018
         -0.0513548699926366          -0.0604370086638089          -0.0594709579680428
         -0.0106367647174895          -0.0112295286404785          -0.0141960080606929
         -0.0001598964011094          -0.0001417714936307          -0.0002672083857909
         -0.0569791912823611           0.0062159828939250          -0.0472664116435435
          0.0949632942241958           0.1199453785254619           0.1602392591103519
         -0.1325134930717562          -0.1058795162975692          -0.1336743291087983
          0.0194289924348018           0.0078498793339671           0.0738313416450970
         -0.0139806071435684           0.0187420053706596          -0.0088408831333545
          0.0804418193258123           0.0558927562121857           0.1280238246475616
         -0.0797918662589818          -0.0648237373381596          -0.0815343999888017
          0.0146305602103989          -0.0276729864966329           0.0553303077921142
          0.0276083279469069          -0.0281818644767571           0.0556407188427969
         -0.0135542816530085          -0.0710227716676610           0.0113871535168658
         -0.0277147026761311          -0.0797431376332338          -0.0145166116263969
         -0.0419147774234164          -0.0893792790369621          -0.0295813468296988
         -0.0623731655861823          -0.1035194310268085          -0.0540754991378519
         -0.0689166514535230          -0.0822651386269384          -0.0844969089100047
         -0.0493474285538105          -0.0784012539053747          -0.0457653653697509
         -0.0469099771444478          -0.0720849488702787          -0.0431688061333961
         -0.0415347048181630          -0.0618506576674781          -0.0389003822513186
         -0.0220791386218491          -0.0278105113630475          -0.0273072343785616
         -0.0262835505625375          -0.0313915279216941          -0.0272719769898346
         -0.0217782884509637          -0.0260818150431551          -0.0223942805623358
         -0.0149017478418789          -0.0182564553450875          -0.0152362365780985
         -0.0026899737343460          -0.0035642288086790          -0.0033114799806153
         -0.0009284483702970          -0.0377489915851789           0.0153332956321093
          0.0199204998412145           0.1008296722948728           0.0411531281012958
         -0.0525118320045313          -0.0917485688362901          -0.0502321151929335
         -0.0316628837930200           0.0468300950437614          -0.0244122827237461
         -0.0106647053307292          -0.0466017936686750           0.0023534708403905
          0.0438953114218515           0.0839191744600979           0.0572379999167129
         -0.0451817192584758          -0.0779618438795225          -0.0425942437120388
          0.0093782974941048           0.0525591242492508           0.0122902853642839
          0.0388395141125982           0.0433349232980858           0.0444628428965219
          0.0256767383421772           0.0366992535163410           0.0249282955332700
          0.0124331376798420           0.0027092717022377           0.0135335512751311
          0.0143645574294060           0.0105806367085884           0.0123075794936939
          0.0132980261445359           0.0117348862763929           0.0122936949625172
         -0.0050310979899709          -0.0022757079796665          -0.0036043192125620
         -0.0085102619203035          -0.0170293279389707          -0.0092724513248869
         -0.0012737518963865          -0.0065272703387143          -0.0030449217202083
          0.0046297651718125           0.0013686909584562           0.0035097796102497
         -0.0004840585223441          -0.0000223006919655          -0.0000788387976422
         -0.0091434614136752          -0.0109497820605700          -0.0100030293718976
         -0.0052465627233900          -0.0065055938387734          -0.0060326489716009
         -0.0012769563642782          -0.0021530118577383          -0.0017160812955568
          0.0001404742557289           0.0000922549772464           0.0001711101915918
   0
          0.0000000000000000           0.0000000000000001           0.0000000000000000
          0.0000000000000000           0.0000000000000001          -0.0000000000000000
          0.0000000000000000          -0.0000000000000000           0.0000000000000000
          0.0000000000000000          -0.0000000000000000           0.0000000000000000
          0.0000000000000000           0.0000000000000000           0.0000000000000000
          0.0000000000000000           0.0000000000000000           0.0000000000000000
          0.0000000000000000           0.0000000000000000           0.0000000000000000
          0.0000000000000000           0.0000000000000000           0.0000000000000000
         -0.0000000000000002          -0.0000000000000001           0.0000000000000000
          0.0000000000000000          -0.0000000000000002           0.0000000000000001
         -0.0000000000000000          -0.0000000000000000          -0.0000000000000000
          0.0000000000000002          -0.0000000000000000           0.0000000000000001
         -0.0000000000000001          -0.0000000000000000          -0.0000000000000000
         -0.0000000000000002          -0.0000000000000002          -0.0000000000000001
          0.0000000000000000           0.0000000000000000          -0.0000000000000001
         -0.0000000000000001          -0.0000000000000000           0.0000000000000001
         -0.0000000000000000           0.0000000000000000           0.0000000000000000
         -0.0000000000000001          -0.0000000000000000           0.0000000000000000
         -0.0000000000000000          -0.0000000000000000           0.0000000000000000
         -0.0000000000000000          -0.0000000000000000          -0.0000000000000000
          0.0000000000000000          -0.0000000000000000           0.0000000000000000
          0.0000000000000000           0.0000000000000000          -0.0000000000000000
         -0.0000000000000000          -0.0000000000000000           0.0000000000000000
          0.0000000000000000           0.0000000000000000           0.0000000000000000
         -0.0000000000000000          -0.0000000000000000          -0.0000000000000000
         -0.0000000000000000           0.0000000000000000           0.0000000000000000
         -0.0000000000000000          -0.0000000000000000          -0.0000000000000000
          0.0000000000000000          -0.0000000000000000           0.0000000000000000
          0.0000000000000000           0.0000000000000000           0.0000000000000000
          0.0000000000000000          -0.0000000000000000          -0.0000000000000000
          0.0000000000000000           0.0000000000000000           0.0000000000000000
          0.0000000000000000           0.0000000000000000           0.0000000000000000
          0.0000000000000000           0.0000000000000000           0.0000000000000000
          0.0000000000000000           0.0000000000000000           0.0000000000000000
          0.0000000000000000           0.0000000000000000           0.0000000000000000
          0.0000000000000000           0.0000000000000000           0.0000000000000000
          0.0000000000000000           0.0000000000000000           0.0000000000000000
          0.0000000000000000           0.0000000000000000           0.0000000000000000
          0.0117442690070046           0.0915767426436265           0.0226289025682426
          0.0072477824639134          -0.0284960619339320           0.0338575211651612
         -0.0814647050532475          -0.0476604291001673          -0.0752860039035620
         -0.0859611915963386          -0.1677332336777265          -0.0640573853066438
          0.0488649413499520           0.1007364483845950           0.0557712021084133
         -0.0156343352588306          -0.0634190675931720           0.0038202686486902
         -0.0355448977581955          -0.0129078796604034          -0.0323362351425402
         -0.1000441743669788          -0.1770633956381715          -0.0842871686022636
         -0.0429650655692563          -0.0918438432367087          -0.0315710274814435
         -0.1037918676894389          -0.1656409827363000          -0.0950177309257290
         -0.0547565464307671          -0.0909005771981952          -0.0497956225484395
         -0.0869907091622233          -0.1268691715838824          -0.0837455812043824
         -0.1140276491617498          -0.1557165260404197          -0.1149774133013251
         -0.0569253960766777          -0.0686352592545392          -0.0694210601539565
         -0.0448275523216507          -0.0630477552846804          -0.0441968042954487
         -0.0550511620317315          -0.0736123914010131          -0.0553298661999835
         -0.0592966873069039          -0.0773696516381510          -0.0612913386523627
         -0.0207115905197296          -0.0256861047264365          -0.0251045008051432
         -0.0168968899006381          -0.0200386548298743          -0.0179555516172768
         -0.0166888110001018          -0.0197924955772331          -0.0179323621497714
         -0.0144241476063602          -0.0173334568527344          -0.0157924194134843
         -0.0030010350203568          -0.0037386447440783          -0.0036052484763846
          0.0000000000000000           0.0000000000000000           0.0000000000000000
          0.0000000000000000           0.0000000000000000           0.0000000000000000
          0.0000000000000000           0.0000000000000000           0.0000000000000000
          0.0000000000000000           0.0000000000000000           0.0000000000000000
          0.0000000000000000           0.0000000000000000           0.0000000000000000
          0.0000000000000000           0.0000000000000000           0.0000000000000000
          0.0000000000000000           0.0000000000000000           0.0000000000000000
          0.0000000000000000           0.0000000000000000           0.0000000000000000
          0.0000000000000000           0.0000000000000000           0.0000000000000000
          0.0000000000000000           0.0000000000000000           0.0000000000000000
          0.0000000000000000           0.0000000000000000           0.0000000000000000
          0.0000000000000000           0.0000000000000000           0.0000000000000000
          0.0000000000000000           0.0000000000000000           0.0000000000000000
          0.0000000000000000           0.0000000000000000           0.0000000000000000
          0.0000000000000000           0.0000000000000000           0.0000000000000000
          0.0000000000000000           0.0000000000000000           0.0000000000000000
          0.0000000000000000           0.0000000000000000           0.0000000000000000
          0.0000000000000000           0.0000000000000000           0.0000000000000000
          0.0000000000000000           0.0000000000000000           0.0000000000000000
          0.0000000000000000           0.0000000000000000           0.0000000000000000
          0.0000000000000000           0.0000000000000000           0.0000000000000000
          0.0000000000000000           0.0000000000000000           0.0000000000000000
