1  82   2   1   2   -6.587818   0.000000
  0 
./DATA/100/00/GA/G007/M021/
0
          4.6510031424381406
          5.5316141803304211
          3.0029020733906560
          4.0020670118275055
          1.9134932930544439
          2.9019797467649462
          1.0299830986320220
          1.8706767302635621
          0.4080769849649463
          0.9458035904110501
          0.1084574249702687
          0.3298389084371566
          0.0054997231893520
          0.0247201306581251
          0.0000213189135296
          0.0001498187387258
          1.5406547879407735
          5.3894775501336998
          4.4813811893071236
          4.2755992437031685
         19.3982053329753228
          7.9124602522473992
          1.1437800187756666
          3.5969032633299154
          4.1232623429902606
          6.6136689303004568
         31.6143588290131845
         10.9854204688708119
          1.0062658092964387
          3.8930957735160812
          3.2654463332048258
          2.7915082031066154
         14.1547784655181434
          5.7584907863122963
          0.7481786278591500
          2.5040807615412328
          2.9658101263391679
          4.3186634154795023
         23.0274461455453689
          7.9518990325541070
          1.3555056936439587
          8.3730869023063477
          3.4041900932108682
          2.0973091682129965
         13.5721822891442336
          4.6688529205068203
          0.5035647644113510
          4.1397156831838071
          1.6914331455342411
          0.7790971133058525
          6.6727393029971438
          2.3079251880415477
          2.0537759888542735
         17.9033692421956303
          4.7777985474914715
       1406.9274344538669084
      11776.6738263246170391
       2150.6003247047979130
          0.1260601761258190
          1.5820720429558008
          0.6550712225506220
          0.1949700075536742
          2.5301050497128759
          0.8928197759840630
          0.5137474873447389
          6.6298607968678303
          1.8024172386221680
        347.1869071624367393
       3590.9673641087397300
        587.8197156356395681
          0.0083757981931362
          0.2544047540346981
          0.1086340658205253
          0.0129422087037873
          0.4016156397395363
          0.1492051078032795
          0.0340219773331698
          1.0157478199634478
          0.2964484280627787
         22.4032699823750647
        395.6253555131102075
         54.6417610335847854
1
          5.5316141803304202
          4.6510031424381406
          4.0020670118275055
          3.0029020733906551
          2.9019797467649466
          1.9134932930544439
          1.8706767302635625
          1.0299830986320215
          0.9458035904110500
          0.4080769849649464
          0.3298389084371567
          0.1084574249702687
          0.0247201306581252
          0.0054997231893520
          0.0001498187387258
          0.0000213189135296
          4.4813811893071271
          5.3894775501336953
          1.5406547879407739
          7.9124602522473930
         19.3982053329753015
          4.2755992437031685
          4.1232623429902606
          3.5969032633299127
          1.1437800187756662
         10.9854204688708119
         31.6143588290131703
          6.6136689303004585
          3.2654463332048236
          3.8930957735160856
          1.0062658092964385
          5.7584907863122865
         14.1547784655181434
          2.7915082031066154
          2.9658101263391692
          2.5040807615412333
          0.7481786278591499
          7.9518990325541017
         23.0274461455453583
          4.3186634154795032
          3.4041900932108677
          8.3730869023063441
          1.3555056936439576
          4.6688529205068194
         13.5721822891442567
          2.0973091682129965
          1.6914331455342415
          4.1397156831838053
          0.5035647644113510
          2.3079251880415463
          6.6727393029971402
          0.7790971133058525
          4.7777985474914741
         17.9033692421956303
          2.0537759888542739
       2150.6003247047983677
      11776.6738263246315910
       1406.9274344538671357
          0.6550712225506219
          1.5820720429557997
          0.1260601761258190
          0.8928197759840631
          2.5301050497128763
          0.1949700075536743
          1.8024172386221669
          6.6298607968678311
          0.5137474873447389
        587.8197156356395681
       3590.9673641087379110
        347.1869071624366825
          0.1086340658205252
          0.2544047540346980
          0.0083757981931362
          0.1492051078032795
          0.4016156397395367
          0.0129422087037873
          0.2964484280627784
          1.0157478199634480
          0.0340219773331697
         54.6417610335847925
        395.6253555131106054
         22.4032699823750541
   0    2  0.111058  0.369984  0.354117 
         -0.0000000000000000           0.0000000000000000           0.0000000000000000
          0.0062503877494080          -0.0044000575299782          -0.0267832870420599
         -0.0000000000000000           0.0000000000000001          -0.0000000000000001
          0.0018258528737692          -0.0068492912402535          -0.0062858511842486
         -0.0000000000000000           0.0000000000000001           0.0000000000000001
          0.0002674704540285          -0.0032178089499901          -0.0024499790008438
         -0.0000000000000000           0.0000000000000000          -0.0000000000000000
         -0.0006667990977127          -0.0046181215518847          -0.0131325070692329
          0.0000000000000000           0.0000000000000000           0.0000000000000000
         -0.0024376125016622          -0.0177896760759733          -0.0317228268261158
          0.0000000000000000          -0.0000000000000000          -0.0000000000000000
         -0.0044532125786557          -0.0268852814429429          -0.0347310018652037
          0.0000000000000000          -0.0000000000000000          -0.0000000000000000
         -0.0024576075094448          -0.0091399660285374          -0.0097505366163419
          0.0000000000000000           0.0000000000000000          -0.0000000000000000
         -0.0000891072841778          -0.0001882576306933          -0.0001907005889217
          0.0000000000000000           0.0000000000000000          -0.0000000000000001
         -0.0013533860758820          -0.0161734858627590          -0.0255981371691595
         -0.0006814102023553          -0.0151136040983258          -0.0318510433102990
          0.0000000000000000           0.0000000000000001           0.0000000000000002
          0.0088681435716717          -0.0381428065926597          -0.0005808937074633
          0.0081961676981438          -0.0392026883570910           0.0056720124336775
         -0.0000000000000000          -0.0000000000000000          -0.0000000000000000
         -0.0061409429244965           0.0139060044053773          -0.0414899409556312
         -0.0028655566829952          -0.0614009464278677          -0.0947837089169687
         -0.0000000000000002           0.0000000000000012          -0.0000000000000008
          0.0143021163706104          -0.0300326370544233           0.0085445459677616
          0.0148895991180033          -0.1095791149453985          -0.0197375974290186
         -0.0000000000000000           0.0000000000000000          -0.0000000000000000
         -0.0017741672406330          -0.0186474575120262          -0.0260705960751358
         -0.0008570697882365          -0.0111919753607132          -0.0338557089132968
         -0.0000000000000000           0.0000000000000002           0.0000000000000001
          0.0047591680078418          -0.0147521290558668           0.0160989205085736
          0.0038420705554458          -0.0222076112071782           0.0238840333467324
          0.0000000000000000           0.0000000000000000           0.0000000000000000
         -0.0056363321193033          -0.0003538417593496          -0.0385681591468048
         -0.0026639790109607          -0.0537728413174391          -0.0878430695754142
         -0.0000000000000000          -0.0000000000000000          -0.0000000000000003
          0.0074303383776453           0.0074368151529723           0.0457708740206141
          0.0067343016764047          -0.0758041130103688           0.0276364149446448
         -0.0000000000000000           0.0000000000000001           0.0000000000000001
          0.0019493489366657           0.0091486787827422           0.0169592788783431
          0.0011126299802609          -0.0021640940905139           0.0275625293023799
         -0.0000000000000001          -0.0000000000000002           0.0000000000000001
          0.0030524004434016           0.0449523750400634           0.0528578674049847
          0.0017019294756739          -0.0296727202445883           0.0525288995074604
          0.0000000000000000           0.0000000000000000           0.0000000000000000
          0.0008242442517146           0.0185469486225498           0.0023255282484525
          0.0004991032245679           0.0083416400010725           0.0142957710095755
          0.0000000000000000           0.0000000000000001           0.0000000000000002
          0.0015418638094916           0.0558468838404873           0.0259155889590432
          0.0008684635992315           0.0025809166669406           0.0406980457002333
          0.0000000000000001          -0.0000000000000002          -0.0000000000000003
          0.0067688082431171           0.1565879997748394           0.1814370315530902
         -0.0053839169938338          -0.1031065959301873           0.1158752594615035
         -0.0000000000000207           0.0000000000000049           0.0000000000000071
         64.0395435214437612        -656.3154573552368447        -123.8031551643455970
         -3.0003435124090698         -81.3955776257821384        -276.3981899906304420
         -0.0000000000000000          -0.0000000000000000           0.0000000000000000
          0.0001224432932054           0.0137618663849154          -0.0114909997280745
          0.0003805862781321           0.0075761017699751          -0.0017458738462377
          0.0000000000000000          -0.0000000000000000          -0.0000000000000000
          0.0004968567771227           0.0397444121476499          -0.0050803132554115
          0.0010752293402657           0.0116724115705257           0.0134712103673266
         -0.0000000000000000           0.0000000000000001           0.0000000000000000
          0.0035051333005671           0.1316888465800319           0.0576354996026864
         -0.0002236737648030          -0.0105263416085063           0.0723405726478112
         -0.0000000000000039           0.0000000000000147          -0.0000000000000464
         31.1525896391617998        -235.7531704120920608           9.5930339351073552
         -7.1071416147309066         -72.7618470552876886         -74.5425243849843611
         -0.0000000000000000          -0.0000000000000000          -0.0000000000000000
         -0.0004513623451691           0.0029883794608420          -0.0107860460993751
         -0.0000654773330065           0.0013472485227157          -0.0071112344261466
         -0.0000000000000000          -0.0000000000000000          -0.0000000000000000
         -0.0006007981129871           0.0106182674302400          -0.0136648641817805
          0.0003619821379809           0.0040873871633685          -0.0049793152964296
         -0.0000000000000000           0.0000000000000000          -0.0000000000000000
         -0.0007701847921226           0.0428777241528241          -0.0155243917149689
          0.0013889680429243           0.0088420449323958           0.0077720977081580
          0.0000000000000001          -0.0000000000000036           0.0000000000000065
          6.0312101734925490         -25.0234306501718926          11.1762385435603093
         -1.8443137431958441         -14.3248135216074886          -1.7431591681320253
   1
          0.0062503877494080          -0.0044000575299784          -0.0267832870420597
          0.0000000000000000           0.0000000000000000           0.0000000000000000
          0.0018258528737691          -0.0068492912402536          -0.0062858511842485
          0.0000000000000000           0.0000000000000000           0.0000000000000000
          0.0002674704540285          -0.0032178089499899          -0.0024499790008438
          0.0000000000000000           0.0000000000000000           0.0000000000000000
         -0.0006667990977127          -0.0046181215518846          -0.0131325070692329
          0.0000000000000000           0.0000000000000000           0.0000000000000000
         -0.0024376125016622          -0.0177896760759733          -0.0317228268261158
          0.0000000000000000           0.0000000000000000           0.0000000000000000
         -0.0044532125786558          -0.0268852814429428          -0.0347310018652036
          0.0000000000000000           0.0000000000000000           0.0000000000000000
         -0.0024576075094448          -0.0091399660285374          -0.0097505366163419
          0.0000000000000000           0.0000000000000000           0.0000000000000000
         -0.0000891072841778          -0.0001882576306933          -0.0001907005889217
          0.0000000000000000           0.0000000000000000           0.0000000000000000
         -0.0006814102023549          -0.0151136040983262          -0.0318510433102977
          0.0037711705812992          -0.0662704700246801          -0.0416155576772220
          0.0000000000000000           0.0000000000000000           0.0000000000000000
          0.0081961676981435          -0.0392026883570917           0.0056720124336766
          0.0112583444102792          -0.0423621148861542          -0.0107425040760213
          0.0000000000000000           0.0000000000000000           0.0000000000000000
         -0.0028655566829956          -0.0614009464278684          -0.0947837089169688
          0.0017455106515415          -0.1084465747547973          -0.1726938249649106
          0.0000000000000000           0.0000000000000000           0.0000000000000000
          0.0148895991180029          -0.1095791149453996          -0.0197375974290213
          0.0167198583095016          -0.0606298644777483          -0.1109477177625116
          0.0000000000000000           0.0000000000000000           0.0000000000000000
         -0.0008570697882352          -0.0111919753607135          -0.0338557089132964
          0.0004093567280743          -0.0499057725675691          -0.0142326785124740
          0.0000000000000000           0.0000000000000000           0.0000000000000000
          0.0038420705554456          -0.0222076112071786           0.0238840333467337
          0.0055606448063423          -0.0168934005682127          -0.0057106726206509
          0.0000000000000000           0.0000000000000000           0.0000000000000000
         -0.0026639790109605          -0.0537728413174390          -0.0878430695754131
         -0.0028899732193702          -0.1020439897168998          -0.1139291879663518
          0.0000000000000000           0.0000000000000000           0.0000000000000000
          0.0067343016764048          -0.0758041130103666           0.0276364149446465
          0.0074126029371643          -0.0360192457181871          -0.0968851761827045
          0.0000000000000000           0.0000000000000000           0.0000000000000000
          0.0011126299802597          -0.0021640940905146           0.0275625293023806
          0.0015546084308487           0.0039862374600617          -0.0208088525486066
          0.0000000000000000           0.0000000000000000           0.0000000000000000
          0.0017019294756733          -0.0296727202445874           0.0525288995074613
          0.0006304639732225          -0.0160453397589923          -0.1037859029271138
          0.0000000000000000           0.0000000000000000           0.0000000000000000
          0.0004991032245679           0.0083416400010727           0.0142957710095754
         -0.0001502762188300           0.0070358918015284          -0.0438619572508116
          0.0000000000000000           0.0000000000000000           0.0000000000000000
          0.0008684635992322           0.0025809166669404           0.0406980457002330
         -0.0022448512132230          -0.0132166020769272          -0.1164663995041532
          0.0000000000000000           0.0000000000000000           0.0000000000000000
         -0.0053839169938340          -0.1031065959301877           0.1158752594615032
         -0.0330685234390149          -0.3765452078022592          -0.6064048597380223
          0.0000000000000000           0.0000000000000000           0.0000000000000000
         -3.0003435124091977         -81.3955776257829058        -276.3981899906300441
       -257.5859576348041173       -2006.1956284722493820       -1915.5803490497989969
          0.0000000000000000           0.0000000000000000           0.0000000000000000
          0.0003805862781323           0.0075761017699752          -0.0017458738462377
         -0.0010973558420065          -0.0005750246599678          -0.0517497309767883
          0.0000000000000000           0.0000000000000000           0.0000000000000000
          0.0010752293402659           0.0116724115705257           0.0134712103673269
         -0.0033935722706684          -0.0178173251553544          -0.1054944443798385
          0.0000000000000000           0.0000000000000000           0.0000000000000000
         -0.0002236737648028          -0.0105263416085069           0.0723405726478120
         -0.0255485207562595          -0.2205780783490794          -0.4031114637575866
          0.0000000000000000           0.0000000000000000           0.0000000000000000
         -7.1071416147309519         -72.7618470552874470         -74.5425243849842758
       -119.6632971665511320        -840.9532117570443006        -734.3553436137295876
          0.0000000000000000           0.0000000000000000           0.0000000000000000
         -0.0000654773330066           0.0013472485227157          -0.0071112344261467
         -0.0014115247466411          -0.0048186593445372          -0.0287060189455250
          0.0000000000000000           0.0000000000000000           0.0000000000000000
          0.0003619821379810           0.0040873871633685          -0.0049793152964296
         -0.0029210176348951          -0.0125379597386453          -0.0504351019010561
          0.0000000000000000           0.0000000000000000           0.0000000000000000
          0.0013889680429244           0.0088420449323959           0.0077720977081580
         -0.0125492419788420          -0.0704825229402327          -0.1519465745712397
          0.0000000000000000           0.0000000000000000           0.0000000000000000
         -1.8443137431958476         -14.3248135216074832          -1.7431591681320173
        -25.7200885871247316        -148.1835309136618832        -121.1941421366959020
          0.0000000000000000           0.0000000000000000           0.0000000000000000
   0
          0.0000000000000000           0.0000000000000000          -0.0000000000000000
          0.0000000000000000           0.0000000000000000           0.0000000000000000
          0.0000000000000000          -0.0000000000000001           0.0000000000000001
          0.0000000000000000           0.0000000000000000           0.0000000000000000
          0.0000000000000000          -0.0000000000000001          -0.0000000000000001
          0.0000000000000000           0.0000000000000000           0.0000000000000000
          0.0000000000000000           0.0000000000000000           0.0000000000000000
          0.0000000000000000           0.0000000000000000           0.0000000000000000
         -0.0000000000000000           0.0000000000000000           0.0000000000000000
          0.0000000000000000           0.0000000000000000           0.0000000000000000
         -0.0000000000000000           0.0000000000000000           0.0000000000000000
          0.0000000000000000           0.0000000000000000           0.0000000000000000
         -0.0000000000000000           0.0000000000000000           0.0000000000000000
          0.0000000000000000           0.0000000000000000           0.0000000000000000
          0.0000000000000000           0.0000000000000000           0.0000000000000000
          0.0000000000000000           0.0000000000000000           0.0000000000000000
         -0.0000000000000001          -0.0000000000000003          -0.0000000000000006
          0.0051245566571818          -0.0500969841619205          -0.0160174205080637
          0.0000000000000000           0.0000000000000000           0.0000000000000000
          0.0000000000000000          -0.0000000000000001           0.0000000000000002
          0.0023902008386086          -0.0042193082934954          -0.0101616103685614
          0.0000000000000000           0.0000000000000000           0.0000000000000000
          0.0000000000000000          -0.0000000000000004          -0.0000000000000002
          0.0078864535760387          -0.1223525791601740          -0.1312038840092807
          0.0000000000000000           0.0000000000000000           0.0000000000000000
         -0.0000000000000001          -0.0000000000000003          -0.0000000000000014
          0.0024177419388927          -0.0305972274233217          -0.1194922637302702
          0.0000000000000000           0.0000000000000000           0.0000000000000000
          0.0000000000000001           0.0000000000000002          -0.0000000000000004
          0.0021835239687083          -0.0312583150555431           0.0118379175626632
          0.0000000000000000           0.0000000000000000           0.0000000000000000
          0.0000000000000002           0.0000000000000004          -0.0000000000000007
          0.0008014767985013          -0.0021412715123491          -0.0218095931292248
          0.0000000000000000           0.0000000000000000           0.0000000000000000
          0.0000000000000000           0.0000000000000001           0.0000000000000000
          0.0027463588999330          -0.1016901479575502          -0.0753610288195475
          0.0000000000000000           0.0000000000000000           0.0000000000000000
          0.0000000000000000          -0.0000000000000004          -0.0000000000000006
         -0.0000177354404809          -0.0434560608711613          -0.1426560502033223
          0.0000000000000000           0.0000000000000000           0.0000000000000000
          0.0000000000000000           0.0000000000000001           0.0000000000000001
         -0.0003947405058170          -0.0051624413226794          -0.0377681314269486
          0.0000000000000000           0.0000000000000000           0.0000000000000000
         -0.0000000000000001           0.0000000000000001          -0.0000000000000011
         -0.0024219364701789          -0.0609977147990572          -0.1566437703321002
          0.0000000000000000           0.0000000000000000           0.0000000000000000
         -0.0000000000000000          -0.0000000000000000          -0.0000000000000001
         -0.0009745204705451          -0.0115110568210213          -0.0461874854992652
          0.0000000000000000           0.0000000000000000           0.0000000000000000
          0.0000000000000000          -0.0000000000000000          -0.0000000000000001
         -0.0037867150227139          -0.0690634859174139          -0.1423819884631955
          0.0000000000000000           0.0000000000000000           0.0000000000000000
         -0.0000000000000001           0.0000000000000003           0.0000000000000010
         -0.0398373316821336          -0.5331332075771044          -0.7878418912911098
          0.0000000000000000           0.0000000000000000           0.0000000000000000
          0.0000000000000592           0.0000000000000275           0.0000000000009192
       -321.6255011562484469       -1349.8801711170128783       -1791.7771938854587006
          0.0000000000000000           0.0000000000000000           0.0000000000000000
          0.0000000000000000          -0.0000000000000000           0.0000000000000000
         -0.0012197991352119          -0.0143368910448823          -0.0402587312487137
          0.0000000000000000           0.0000000000000000           0.0000000000000000
          0.0000000000000000          -0.0000000000000000          -0.0000000000000000
         -0.0038904290477908          -0.0575617373030051          -0.1004141311244272
          0.0000000000000000           0.0000000000000000           0.0000000000000000
         -0.0000000000000000           0.0000000000000000          -0.0000000000000000
         -0.0290536540568256          -0.3522669249291112          -0.4607469633602722
          0.0000000000000000           0.0000000000000000           0.0000000000000000
          0.0000000000000052          -0.0000000000000181          -0.0000000000000489
       -150.8158868057133759        -605.2000413449520693        -743.9483775488369020
          0.0000000000000000           0.0000000000000000           0.0000000000000000
          0.0000000000000000          -0.0000000000000000           0.0000000000000000
         -0.0009601624014718          -0.0078070388053791          -0.0179199728461498
          0.0000000000000000           0.0000000000000000           0.0000000000000000
          0.0000000000000000           0.0000000000000000           0.0000000000000000
         -0.0023202195219079          -0.0231562271688852          -0.0367702377192755
          0.0000000000000000           0.0000000000000000           0.0000000000000000
         -0.0000000000000000          -0.0000000000000000          -0.0000000000000000
         -0.0117790571867194          -0.1133602470930572          -0.1364221828562701
          0.0000000000000000           0.0000000000000000           0.0000000000000000
         -0.0000000000000009          -0.0000000000000022          -0.0000000000000053
        -31.7512987606173596        -123.1601002634900226        -132.3703806802562895
          0.0000000000000000           0.0000000000000000           0.0000000000000000
