1  82   2   1   1   -2.906465   0.000000
  0 
./DATA/000/138/
0
          0.0000000000000000
          0.0000000000000000
          0.0000000000000000
          0.0000000000000000
          0.0000000000000000
          0.0000000000000000
          0.0000000000000000
          0.0000000000000000
          0.0000000000000000
          0.0000000000000000
          0.0000000000000000
          0.0000000000000000
          0.0000000000000000
          0.0000000000000000
          0.0000000000000000
          0.0000000000000000
          0.0000000000000000
          0.0000000000000000
          0.0000000000000000
          0.0000000000000000
          0.0000000000000000
          0.0000000000000000
          0.0000000000000000
          0.0000000000000000
          0.0000000000000000
          0.0000000000000000
          0.0000000000000000
          0.0000000000000000
          0.0000000000000000
          0.0000000000000000
          0.6401448630486651
          0.5316327498755883
          0.4324961441596052
          0.3173496398763376
          0.1894367755809050
          0.0829748251564687
          0.0105354108974777
          0.0001698485108075
          0.0000000000000000
          0.0000000000000000
          0.0000000000000000
          0.0000000000000000
          0.0000000000000000
          0.0000000000000000
          0.0000000000000000
          0.0000000000000000
          0.0000000000000000
          0.0000000000000000
          0.0000000000000000
          0.0000000000000000
          0.0000000000000000
          0.0000000000000000
          0.0000000000000000
          0.0000000000000000
          0.0000000000000000
          0.0000000000000000
          0.0000000000000000
          0.0000000000000000
          0.0000000000000000
          0.0000000000000000
          0.0000000000000000
          0.0000000000000000
          0.0000000000000000
          0.0000000000000000
          0.0000000000000000
          0.0000000000000000
          0.0000000000000000
          0.0000000000000000
          0.0000000000000000
          0.0000000000000000
          0.0000000000000000
          0.0000000000000000
          0.0000000000000000
          0.0000000000000000
          0.0000000000000000
          0.0000000000000000
          0.0000000000000000
          0.0000000000000000
          0.0000000000000000
          0.0000000000000000
          0.0000000000000000
          0.0000000000000000
1
          0.0000000000000000
          0.0000000000000000
          0.0000000000000000
          0.0000000000000000
          0.0000000000000000
          0.0000000000000000
          0.0000000000000000
          0.0000000000000000
          0.0000000000000000
          0.0000000000000000
          0.0000000000000000
          0.0000000000000000
          0.0000000000000000
          0.0000000000000000
          0.0000000000000000
          0.0000000000000000
          0.0000000000000000
          0.0000000000000000
          0.0000000000000000
          0.0000000000000000
          0.0000000000000000
          0.0000000000000000
          0.0000000000000000
          0.0000000000000000
          0.0000000000000000
          0.0000000000000000
          0.0000000000000000
          0.0000000000000000
          0.0000000000000000
          0.0000000000000000
          0.6401448630486651
          0.5316327498755883
          0.4324961441596052
          0.3173496398763376
          0.1894367755809050
          0.0829748251564687
          0.0105354108974777
          0.0001698485108075
          0.0000000000000000
          0.0000000000000000
          0.0000000000000000
          0.0000000000000000
          0.0000000000000000
          0.0000000000000000
          0.0000000000000000
          0.0000000000000000
          0.0000000000000000
          0.0000000000000000
          0.0000000000000000
          0.0000000000000000
          0.0000000000000000
          0.0000000000000000
          0.0000000000000000
          0.0000000000000000
          0.0000000000000000
          0.0000000000000000
          0.0000000000000000
          0.0000000000000000
          0.0000000000000000
          0.0000000000000000
          0.0000000000000000
          0.0000000000000000
          0.0000000000000000
          0.0000000000000000
          0.0000000000000000
          0.0000000000000000
          0.0000000000000000
          0.0000000000000000
          0.0000000000000000
          0.0000000000000000
          0.0000000000000000
          0.0000000000000000
          0.0000000000000000
          0.0000000000000000
          0.0000000000000000
          0.0000000000000000
          0.0000000000000000
          0.0000000000000000
          0.0000000000000000
          0.0000000000000000
          0.0000000000000000
          0.0000000000000000
   0    1  0.062861  0.000000  0.000000 
          0.0000000000000000           0.0000000000000000           0.0000000000000000
          0.0000000000000000           0.0000000000000000           0.0000000000000000
          0.0000000000000000           0.0000000000000000           0.0000000000000000
          0.0000000000000000           0.0000000000000000           0.0000000000000000
          0.0000000000000000           0.0000000000000000           0.0000000000000000
          0.0000000000000000           0.0000000000000000           0.0000000000000000
          0.0000000000000000           0.0000000000000000           0.0000000000000000
          0.0000000000000000           0.0000000000000000           0.0000000000000000
          0.0000000000000000           0.0000000000000000           0.0000000000000000
          0.0000000000000000           0.0000000000000000           0.0000000000000000
          0.0000000000000000           0.0000000000000000           0.0000000000000000
          0.0000000000000000           0.0000000000000000           0.0000000000000000
          0.0000000000000000           0.0000000000000000           0.0000000000000000
          0.0000000000000000           0.0000000000000000           0.0000000000000000
          0.0000000000000000           0.0000000000000000           0.0000000000000000
          0.0000000000000000           0.0000000000000000           0.0000000000000000
          0.0000000000000000           0.0000000000000000           0.0000000000000000
          0.0000000000000000           0.0000000000000000           0.0000000000000000
          0.0000000000000000           0.0000000000000000           0.0000000000000000
          0.0000000000000000           0.0000000000000000           0.0000000000000000
          0.0000000000000000           0.0000000000000000           0.0000000000000000
          0.0000000000000000           0.0000000000000000           0.0000000000000000
          0.0000000000000000           0.0000000000000000           0.0000000000000000
          0.0000000000000000           0.0000000000000000           0.0000000000000000
          0.0000000000000000           0.0000000000000000           0.0000000000000000
          0.0000000000000000           0.0000000000000000           0.0000000000000000
          0.0000000000000000           0.0000000000000000           0.0000000000000000
          0.0000000000000000           0.0000000000000000           0.0000000000000000
          0.0000000000000000           0.0000000000000000           0.0000000000000000
          0.0000000000000000           0.0000000000000000           0.0000000000000000
          0.2550674093570055           0.0000000000000000           0.0000000000000000
          0.2939821360074221           0.0000000000000000           0.0000000000000000
          0.3134197941667582           0.0000000000000000           0.0000000000000000
          0.3117076910808613           0.0000000000000000           0.0000000000000000
          0.2673831119923004           0.0000000000000000           0.0000000000000000
          0.1741019834661648           0.0000000000000000           0.0000000000000000
          0.0401948935400610           0.0000000000000000           0.0000000000000000
          0.0012312579852580           0.0000000000000000           0.0000000000000000
          0.0000000000000000           0.0000000000000000           0.0000000000000000
          0.0000000000000000           0.0000000000000000           0.0000000000000000
          0.0000000000000000           0.0000000000000000           0.0000000000000000
          0.0000000000000000           0.0000000000000000           0.0000000000000000
          0.0000000000000000           0.0000000000000000           0.0000000000000000
          0.0000000000000000           0.0000000000000000           0.0000000000000000
          0.0000000000000000           0.0000000000000000           0.0000000000000000
          0.0000000000000000           0.0000000000000000           0.0000000000000000
          0.0000000000000000           0.0000000000000000           0.0000000000000000
          0.0000000000000000           0.0000000000000000           0.0000000000000000
          0.0000000000000000           0.0000000000000000           0.0000000000000000
          0.0000000000000000           0.0000000000000000           0.0000000000000000
          0.0000000000000000           0.0000000000000000           0.0000000000000000
          0.0000000000000000           0.0000000000000000           0.0000000000000000
          0.0000000000000000           0.0000000000000000           0.0000000000000000
          0.0000000000000000           0.0000000000000000           0.0000000000000000
          0.0000000000000000           0.0000000000000000           0.0000000000000000
          0.0000000000000000           0.0000000000000000           0.0000000000000000
          0.0000000000000000           0.0000000000000000           0.0000000000000000
          0.0000000000000000           0.0000000000000000           0.0000000000000000
          0.0000000000000000           0.0000000000000000           0.0000000000000000
          0.0000000000000000           0.0000000000000000           0.0000000000000000
          0.0000000000000000           0.0000000000000000           0.0000000000000000
          0.0000000000000000           0.0000000000000000           0.0000000000000000
          0.0000000000000000           0.0000000000000000           0.0000000000000000
          0.0000000000000000           0.0000000000000000           0.0000000000000000
          0.0000000000000000           0.0000000000000000           0.0000000000000000
          0.0000000000000000           0.0000000000000000           0.0000000000000000
          0.0000000000000000           0.0000000000000000           0.0000000000000000
          0.0000000000000000           0.0000000000000000           0.0000000000000000
          0.0000000000000000           0.0000000000000000           0.0000000000000000
          0.0000000000000000           0.0000000000000000           0.0000000000000000
          0.0000000000000000           0.0000000000000000           0.0000000000000000
          0.0000000000000000           0.0000000000000000           0.0000000000000000
          0.0000000000000000           0.0000000000000000           0.0000000000000000
          0.0000000000000000           0.0000000000000000           0.0000000000000000
          0.0000000000000000           0.0000000000000000           0.0000000000000000
          0.0000000000000000           0.0000000000000000           0.0000000000000000
          0.0000000000000000           0.0000000000000000           0.0000000000000000
          0.0000000000000000           0.0000000000000000           0.0000000000000000
          0.0000000000000000           0.0000000000000000           0.0000000000000000
          0.0000000000000000           0.0000000000000000           0.0000000000000000
          0.0000000000000000           0.0000000000000000           0.0000000000000000
          0.0000000000000000           0.0000000000000000           0.0000000000000000
   1
          0.0000000000000000           0.0000000000000000           0.0000000000000000
          0.0000000000000000           0.0000000000000000           0.0000000000000000
          0.0000000000000000           0.0000000000000000           0.0000000000000000
          0.0000000000000000           0.0000000000000000           0.0000000000000000
          0.0000000000000000           0.0000000000000000           0.0000000000000000
          0.0000000000000000           0.0000000000000000           0.0000000000000000
          0.0000000000000000           0.0000000000000000           0.0000000000000000
          0.0000000000000000           0.0000000000000000           0.0000000000000000
          0.0000000000000000           0.0000000000000000           0.0000000000000000
          0.0000000000000000           0.0000000000000000           0.0000000000000000
          0.0000000000000000           0.0000000000000000           0.0000000000000000
          0.0000000000000000           0.0000000000000000           0.0000000000000000
          0.0000000000000000           0.0000000000000000           0.0000000000000000
          0.0000000000000000           0.0000000000000000           0.0000000000000000
          0.0000000000000000           0.0000000000000000           0.0000000000000000
          0.0000000000000000           0.0000000000000000           0.0000000000000000
          0.0000000000000000           0.0000000000000000           0.0000000000000000
          0.0000000000000000           0.0000000000000000           0.0000000000000000
          0.0000000000000000           0.0000000000000000           0.0000000000000000
          0.0000000000000000           0.0000000000000000           0.0000000000000000
          0.0000000000000000           0.0000000000000000           0.0000000000000000
          0.0000000000000000           0.0000000000000000           0.0000000000000000
          0.0000000000000000           0.0000000000000000           0.0000000000000000
          0.0000000000000000           0.0000000000000000           0.0000000000000000
          0.0000000000000000           0.0000000000000000           0.0000000000000000
          0.0000000000000000           0.0000000000000000           0.0000000000000000
          0.0000000000000000           0.0000000000000000           0.0000000000000000
          0.0000000000000000           0.0000000000000000           0.0000000000000000
          0.0000000000000000           0.0000000000000000           0.0000000000000000
          0.0000000000000000           0.0000000000000000           0.0000000000000000
          0.2550674093570055           0.0000000000000000           0.0000000000000000
          0.2939821360074221           0.0000000000000000           0.0000000000000000
          0.3134197941667582           0.0000000000000000           0.0000000000000000
          0.3117076910808613           0.0000000000000000           0.0000000000000000
          0.2673831119923004           0.0000000000000000           0.0000000000000000
          0.1741019834661648           0.0000000000000000           0.0000000000000000
          0.0401948935400610           0.0000000000000000           0.0000000000000000
          0.0012312579852580           0.0000000000000000           0.0000000000000000
          0.0000000000000000           0.0000000000000000           0.0000000000000000
          0.0000000000000000           0.0000000000000000           0.0000000000000000
          0.0000000000000000           0.0000000000000000           0.0000000000000000
          0.0000000000000000           0.0000000000000000           0.0000000000000000
          0.0000000000000000           0.0000000000000000           0.0000000000000000
          0.0000000000000000           0.0000000000000000           0.0000000000000000
          0.0000000000000000           0.0000000000000000           0.0000000000000000
          0.0000000000000000           0.0000000000000000           0.0000000000000000
          0.0000000000000000           0.0000000000000000           0.0000000000000000
          0.0000000000000000           0.0000000000000000           0.0000000000000000
          0.0000000000000000           0.0000000000000000           0.0000000000000000
          0.0000000000000000           0.0000000000000000           0.0000000000000000
          0.0000000000000000           0.0000000000000000           0.0000000000000000
          0.0000000000000000           0.0000000000000000           0.0000000000000000
          0.0000000000000000           0.0000000000000000           0.0000000000000000
          0.0000000000000000           0.0000000000000000           0.0000000000000000
          0.0000000000000000           0.0000000000000000           0.0000000000000000
          0.0000000000000000           0.0000000000000000           0.0000000000000000
          0.0000000000000000           0.0000000000000000           0.0000000000000000
          0.0000000000000000           0.0000000000000000           0.0000000000000000
          0.0000000000000000           0.0000000000000000           0.0000000000000000
          0.0000000000000000           0.0000000000000000           0.0000000000000000
          0.0000000000000000           0.0000000000000000           0.0000000000000000
          0.0000000000000000           0.0000000000000000           0.0000000000000000
          0.0000000000000000           0.0000000000000000           0.0000000000000000
          0.0000000000000000           0.0000000000000000           0.0000000000000000
          0.0000000000000000           0.0000000000000000           0.0000000000000000
          0.0000000000000000           0.0000000000000000           0.0000000000000000
          0.0000000000000000           0.0000000000000000           0.0000000000000000
          0.0000000000000000           0.0000000000000000           0.0000000000000000
          0.0000000000000000           0.0000000000000000           0.0000000000000000
          0.0000000000000000           0.0000000000000000           0.0000000000000000
          0.0000000000000000           0.0000000000000000           0.0000000000000000
          0.0000000000000000           0.0000000000000000           0.0000000000000000
          0.0000000000000000           0.0000000000000000           0.0000000000000000
          0.0000000000000000           0.0000000000000000           0.0000000000000000
          0.0000000000000000           0.0000000000000000           0.0000000000000000
          0.0000000000000000           0.0000000000000000           0.0000000000000000
          0.0000000000000000           0.0000000000000000           0.0000000000000000
          0.0000000000000000           0.0000000000000000           0.0000000000000000
          0.0000000000000000           0.0000000000000000           0.0000000000000000
          0.0000000000000000           0.0000000000000000           0.0000000000000000
          0.0000000000000000           0.0000000000000000           0.0000000000000000
          0.0000000000000000           0.0000000000000000           0.0000000000000000
