1  82   2   1   2   -6.255493   0.000000
  0 
./DATA/100/00/GA/G019/M029/
0
          3.8528547475246171
          2.7782110091519669
          1.9984493806417172
          1.2647975868829211
          0.6141270936872079
          0.1984035142716802
          0.0119475914380786
          0.0000437903919240
          1.6017576007296908
          4.4294366199455739
          0.6477520174732471
          3.4754310366891312
          1.1761239937818340
          3.2812529496775360
          0.4567243554265393
          2.5618533113222424
          1.9886946348417915
          1.5406840748271606
          1.0146584262767919
          0.7790356254933530
          0.4795970723194429
          0.0679226827861724
          0.4040906454748864
          0.3074074545117559
          0.1829248707555995
          0.0183706973567154
          0.0694977826131733
          0.0523796222880760
          0.0300625132938378
          0.0016883406029756
          4.6951329236133166
          3.0957748976663386
          2.0039730596381631
          1.0932733552303437
          0.4390861011947861
          0.1212476243637386
          0.0073327785521798
          0.0000402833368609
          4.6780781294778135
         10.6802764512515669
          1.8276966925385807
          7.8298950143123385
          3.2997422462804016
          7.5117856424819323
          1.2847104699206160
          5.4967538661221544
          4.1611525052609029
          3.0380484731111945
          1.8708768618770366
          1.3637034916299255
          0.8018143187905549
          0.1002430861136922
          0.6223096621174319
          0.4534273336424051
          0.2649629955228091
          0.0305004880199497
          0.0757248533673304
          0.0552804889557282
          0.0320757409732082
          0.0032398062507708
          1.3770427677508417
          6.3021345226138452
          0.3417905665276778
          5.2668823213906792
          0.9569504344852242
          4.4488135098959471
          0.2276360988131942
          3.7194991742239161
          2.4730715717609790
          2.0668495828957627
          1.1124605498955353
          0.9277789239891523
          0.6527016643611997
          0.0975725568492592
          0.3683366987578419
          0.3057594342856412
          0.2125470301189113
          0.0290652120937084
          0.0440953740744575
          0.0362077652297877
          0.0245786236012273
          0.0028735089857281
1
          3.8528547475246175
          2.7782110091519669
          1.9984493806417172
          1.2647975868829211
          0.6141270936872080
          0.1984035142716802
          0.0119475914380786
          0.0000437903919240
          1.6017576007296910
          4.4294366199455739
          0.6477520174732468
          3.4754310366891303
          1.1761239937818340
          3.2812529496775373
          0.4567243554265392
          2.5618533113222424
          1.9886946348417913
          1.5406840748271602
          1.0146584262767921
          0.7790356254933530
          0.4795970723194430
          0.0679226827861724
          0.4040906454748864
          0.3074074545117559
          0.1829248707555995
          0.0183706973567154
          0.0694977826131733
          0.0523796222880760
          0.0300625132938378
          0.0016883406029756
          4.6951329236133166
          3.0957748976663391
          2.0039730596381631
          1.0932733552303435
          0.4390861011947859
          0.1212476243637385
          0.0073327785521798
          0.0000402833368609
          4.6780781294778162
         10.6802764512515704
          1.8276966925385811
          7.8298950143123403
          3.2997422462804042
          7.5117856424819367
          1.2847104699206182
          5.4967538661221456
          4.1611525052609011
          3.0380484731111936
          1.8708768618770362
          1.3637034916299264
          0.8018143187905549
          0.1002430861136922
          0.6223096621174311
          0.4534273336424048
          0.2649629955228093
          0.0305004880199497
          0.0757248533673303
          0.0552804889557282
          0.0320757409732082
          0.0032398062507708
          1.3770427677508423
          6.3021345226138443
          0.3417905665276778
          5.2668823213906819
          0.9569504344852238
          4.4488135098959463
          0.2276360988131942
          3.7194991742239170
          2.4730715717609808
          2.0668495828957631
          1.1124605498955360
          0.9277789239891524
          0.6527016643612000
          0.0975725568492592
          0.3683366987578419
          0.3057594342856411
          0.2125470301189113
          0.0290652120937084
          0.0440953740744575
          0.0362077652297877
          0.0245786236012273
          0.0028735089857281
   0    2 -0.089502 -0.149699  0.000665 
         -0.0000000000000001          -0.0000000000000000          -0.0000000000000001
         -0.0000000000000000           0.0000000000000000           0.0000000000000000
          0.0000000000000000          -0.0000000000000000          -0.0000000000000001
          0.0000000000000000           0.0000000000000000          -0.0000000000000000
          0.0000000000000000           0.0000000000000000          -0.0000000000000000
          0.0000000000000000          -0.0000000000000000          -0.0000000000000000
          0.0000000000000000          -0.0000000000000000           0.0000000000000000
          0.0000000000000000           0.0000000000000000           0.0000000000000000
         -0.0000000000000000           0.0000000000000000           0.0000000000000001
         -0.0000000000000001           0.0000000000000002           0.0000000000000003
         -0.0000000000000000           0.0000000000000000          -0.0000000000000000
         -0.0000000000000000           0.0000000000000000          -0.0000000000000004
         -0.0000000000000001           0.0000000000000000          -0.0000000000000000
          0.0000000000000002          -0.0000000000000002          -0.0000000000000002
         -0.0000000000000000          -0.0000000000000000           0.0000000000000000
         -0.0000000000000000           0.0000000000000000          -0.0000000000000001
          0.0000000000000001           0.0000000000000000          -0.0000000000000001
          0.0000000000000001          -0.0000000000000000          -0.0000000000000000
         -0.0000000000000000           0.0000000000000000           0.0000000000000000
         -0.0000000000000000          -0.0000000000000000          -0.0000000000000000
         -0.0000000000000000           0.0000000000000000           0.0000000000000000
         -0.0000000000000000          -0.0000000000000000           0.0000000000000000
         -0.0000000000000001          -0.0000000000000000           0.0000000000000000
         -0.0000000000000000           0.0000000000000000           0.0000000000000000
          0.0000000000000000          -0.0000000000000000           0.0000000000000000
         -0.0000000000000000           0.0000000000000000           0.0000000000000000
          0.0000000000000000          -0.0000000000000000          -0.0000000000000000
          0.0000000000000000          -0.0000000000000000           0.0000000000000000
          0.0000000000000000           0.0000000000000000           0.0000000000000000
          0.0000000000000000           0.0000000000000000           0.0000000000000000
          0.0154222163679794           0.0155248883523479           0.0560709786698220
          0.0355363843242203           0.0345406990415339           0.0543989863619298
          0.0475481646587374           0.0467386568750167           0.0623651832225717
          0.0545622129848858           0.0538444354230294           0.0701511742446765
          0.0493807060659576           0.0489574313534964           0.0602655959378922
          0.0286751259024548           0.0301979135325014           0.0290200298156007
          0.0042226664215394           0.0056199091394395           0.0024200301186118
          0.0000667704140666           0.0001018331805236           0.0000331631700477
          0.1381241262384920           0.1384885193700995           0.1639462928370606
          0.1524618188729250           0.1459434084602570           0.2374123326095794
          0.0817035048171111           0.0784314878595250           0.1036810955623172
          0.0960411974515442           0.0858863769496820           0.1771471353348359
          0.1166636247658091           0.1172023485247511           0.1352381920273196
          0.1443367462273434           0.1394681401304785           0.2087686541342151
          0.0637676112016179           0.0612882275093248           0.0775917783056113
          0.0914407326631510           0.0835540191150527           0.1511222404125074
          0.1210475336552758           0.1177141877974294           0.1697872342609859
          0.0764907558920207           0.0709961188174211           0.1197249028548081
          0.0864315048522847           0.0836091760880785           0.1248779282703962
          0.0542074071011941           0.0500012538143623           0.0876880725758784
          0.0213548972045980           0.0172992184130523           0.0376083295322474
          0.0018988181060497           0.0044052723463246          -0.0073781952102475
          0.0486131294427905           0.0458600157326120           0.0749136220206695
          0.0303527343010483           0.0268228970001323           0.0535011960532988
          0.0117587461144638           0.0086388254755443           0.0248475509598587
          0.0010242885713603           0.0021948060702152          -0.0028669057439449
          0.0128984422230517           0.0113386619388684           0.0217705427410274
          0.0081286171363484           0.0063135488970885           0.0161714176606020
          0.0032098651420047           0.0016446678444720           0.0085257299069484
          0.0001493229324074           0.0002875132080885          -0.0002777042531620
          0.1308291226296273           0.1255703012118745           0.1851421561571208
          0.1597568224817903           0.1588616266184820           0.2162164692895193
          0.0515784697872385           0.0465678132603772           0.0741322492148375
          0.0805061696394016           0.0798591386669854           0.1052065623472364
          0.1094332325250965           0.1047894845920726           0.1555600996832044
          0.1515671384680554           0.1518810040631565           0.1884467464783301
          0.0411382322632208           0.0370308691664702           0.0598978975575614
          0.0832721382061802           0.0841223886375538           0.0927845443526877
          0.1283570287475633           0.1297764715325661           0.1526194803309716
          0.0765822378342026           0.0788807354262275           0.0794139958377707
          0.0931518011177645           0.0945841326309580           0.1127175988249318
          0.0591530863656634           0.0616056952664616           0.0638174461883552
          0.0217759820138567           0.0238526094427329           0.0137089234407752
          0.0030171639080199           0.0008325682508506           0.0072926279704514
          0.0534418921579489           0.0539364176762513           0.0682593361048628
          0.0356982291438643           0.0370275735074747           0.0422206494389236
          0.0150808765200881           0.0166717044980072           0.0132983055141554
          0.0006996545410685           0.0002083135177974           0.0006878717158680
          0.0145132677847567           0.0142400827061954           0.0201036992012097
          0.0102237550421686           0.0102670085966186           0.0136575772077559
          0.0049424514386019           0.0052353685509881           0.0058987298963084
          0.0000366255748531           0.0000580303314740          -0.0002026467429701
   1
          0.0000000000000000           0.0000000000000000           0.0000000000000000
          0.0000000000000000           0.0000000000000000           0.0000000000000000
          0.0000000000000000           0.0000000000000000           0.0000000000000000
          0.0000000000000000           0.0000000000000000           0.0000000000000000
          0.0000000000000000           0.0000000000000000           0.0000000000000000
          0.0000000000000000           0.0000000000000000           0.0000000000000000
          0.0000000000000000           0.0000000000000000           0.0000000000000000
          0.0000000000000000           0.0000000000000000           0.0000000000000000
          0.0000000000000000           0.0000000000000000           0.0000000000000000
          0.0000000000000000           0.0000000000000000           0.0000000000000000
          0.0000000000000000           0.0000000000000000           0.0000000000000000
          0.0000000000000000           0.0000000000000000           0.0000000000000000
          0.0000000000000000           0.0000000000000000           0.0000000000000000
          0.0000000000000000           0.0000000000000000           0.0000000000000000
          0.0000000000000000           0.0000000000000000           0.0000000000000000
          0.0000000000000000           0.0000000000000000           0.0000000000000000
          0.0000000000000000           0.0000000000000000           0.0000000000000000
          0.0000000000000000           0.0000000000000000           0.0000000000000000
          0.0000000000000000           0.0000000000000000           0.0000000000000000
          0.0000000000000000           0.0000000000000000           0.0000000000000000
          0.0000000000000000           0.0000000000000000           0.0000000000000000
          0.0000000000000000           0.0000000000000000           0.0000000000000000
          0.0000000000000000           0.0000000000000000           0.0000000000000000
          0.0000000000000000           0.0000000000000000           0.0000000000000000
          0.0000000000000000           0.0000000000000000           0.0000000000000000
          0.0000000000000000           0.0000000000000000           0.0000000000000000
          0.0000000000000000           0.0000000000000000           0.0000000000000000
          0.0000000000000000           0.0000000000000000           0.0000000000000000
          0.0000000000000000           0.0000000000000000           0.0000000000000000
          0.0000000000000000           0.0000000000000000           0.0000000000000000
          0.0154222163679794           0.0155248883523479           0.0560709786698220
          0.0355363843242202           0.0345406990415340           0.0543989863619296
          0.0475481646587374           0.0467386568750167           0.0623651832225716
          0.0545622129848857           0.0538444354230294           0.0701511742446766
          0.0493807060659576           0.0489574313534964           0.0602655959378922
          0.0286751259024547           0.0301979135325014           0.0290200298156007
          0.0042226664215394           0.0056199091394395           0.0024200301186118
          0.0000667704140666           0.0001018331805236           0.0000331631700477
          0.1119413468946224           0.1113492113218581           0.1470302379948837
          0.4692305433282113           0.4575146443388556           0.6556870128983966
          0.0678974474975810           0.0635187962386549           0.0983931942695027
          0.4251866439311718           0.4096842292556516           0.6070499691730153
          0.1045162880650846           0.1052606420313687           0.1210879084860621
          0.4174844539212205           0.4080803352790880           0.5669257838370060
          0.0557266359373139           0.0533307041491622           0.0657864526950425
          0.3686948017934488           0.3561503973968846           0.5116243280459900
          0.3295185457568515           0.3225868937367414           0.4423001186225071
          0.2814799992441746           0.2725525034228104           0.3838880444112109
          0.2252645575715250           0.2200312055683909           0.3064299495449363
          0.1862909491294983           0.1803199725555797           0.2552692247773237
          0.1325839251162431           0.1290639699160096           0.1682876053770157
          0.0258932852566844           0.0308431435018335           0.0144629627598555
          0.1225582451270981           0.1186456154022906           0.1715635233637348
          0.0983722007383612           0.0946263719319984           0.1377063402246124
          0.0655836290495520           0.0640642273787250           0.0845665360394051
          0.0096460257749893           0.0124182992623542           0.0038728999121912
          0.0313112152888674           0.0295813254161690           0.0457170686637477
          0.0243599101349313           0.0229441631008829           0.0354178029339626
          0.0151608354622974           0.0146475825121169           0.0205662420758593
          0.0015430999508854           0.0021388943140910           0.0005665394857994
          0.1308291226296273           0.1255703012118752           0.1851421561571203
          0.1597568224817874           0.1588616266184834           0.2162164692895188
          0.0515784697872384           0.0465678132603772           0.0741322492148377
          0.0805061696394014           0.0798591386669855           0.1052065623472367
          0.1094332325250963           0.1047894845920731           0.1555600996832038
          0.1515671384680564           0.1518810040631554           0.1884467464783318
          0.0411382322632208           0.0370308691664700           0.0598978975575613
          0.0832721382061808           0.0841223886375545           0.0927845443526883
          0.1283570287475643           0.1297764715325650           0.1526194803309712
          0.0765822378342033           0.0788807354262279           0.0794139958377703
          0.0931518011177646           0.0945841326309581           0.1127175988249318
          0.0591530863656639           0.0616056952664619           0.0638174461883554
          0.0217759820138568           0.0238526094427329           0.0137089234407754
          0.0030171639080200           0.0008325682508506           0.0072926279704514
          0.0534418921579487           0.0539364176762512           0.0682593361048627
          0.0356982291438641           0.0370275735074747           0.0422206494389237
          0.0150808765200881           0.0166717044980070           0.0132983055141555
          0.0006996545410685           0.0002083135177974           0.0006878717158680
          0.0145132677847567           0.0142400827061953           0.0201036992012097
          0.0102237550421686           0.0102670085966186           0.0136575772077559
          0.0049424514386019           0.0052353685509881           0.0058987298963084
          0.0000366255748531           0.0000580303314740          -0.0002026467429700
   0
          0.0000000000000001           0.0000000000000000           0.0000000000000001
          0.0000000000000000           0.0000000000000000           0.0000000000000000
          0.0000000000000000           0.0000000000000000           0.0000000000000001
         -0.0000000000000000           0.0000000000000000           0.0000000000000000
         -0.0000000000000000           0.0000000000000000           0.0000000000000000
         -0.0000000000000000           0.0000000000000000           0.0000000000000000
          0.0000000000000000           0.0000000000000000           0.0000000000000000
          0.0000000000000000          -0.0000000000000000           0.0000000000000000
         -0.0000000000000001           0.0000000000000000          -0.0000000000000003
          0.0000000000000004          -0.0000000000000000           0.0000000000000002
         -0.0000000000000000           0.0000000000000000          -0.0000000000000000
          0.0000000000000000          -0.0000000000000002           0.0000000000000002
          0.0000000000000000           0.0000000000000001          -0.0000000000000002
         -0.0000000000000004           0.0000000000000000           0.0000000000000001
         -0.0000000000000001          -0.0000000000000001          -0.0000000000000000
         -0.0000000000000001           0.0000000000000001          -0.0000000000000002
          0.0000000000000001           0.0000000000000001           0.0000000000000001
         -0.0000000000000001           0.0000000000000001          -0.0000000000000002
          0.0000000000000000           0.0000000000000000           0.0000000000000001
         -0.0000000000000000          -0.0000000000000000          -0.0000000000000000
         -0.0000000000000000          -0.0000000000000000           0.0000000000000001
          0.0000000000000000          -0.0000000000000000           0.0000000000000000
         -0.0000000000000001          -0.0000000000000000           0.0000000000000001
          0.0000000000000000           0.0000000000000000          -0.0000000000000000
          0.0000000000000000           0.0000000000000000          -0.0000000000000000
         -0.0000000000000000          -0.0000000000000000           0.0000000000000000
         -0.0000000000000000           0.0000000000000000           0.0000000000000000
         -0.0000000000000000          -0.0000000000000000          -0.0000000000000000
          0.0000000000000000           0.0000000000000000           0.0000000000000000
         -0.0000000000000000          -0.0000000000000000           0.0000000000000000
          0.0000000000000000           0.0000000000000000           0.0000000000000000
          0.0000000000000000           0.0000000000000000           0.0000000000000000
          0.0000000000000000           0.0000000000000000           0.0000000000000000
          0.0000000000000000           0.0000000000000000           0.0000000000000000
          0.0000000000000000           0.0000000000000000           0.0000000000000000
          0.0000000000000000           0.0000000000000000           0.0000000000000000
          0.0000000000000000           0.0000000000000000           0.0000000000000000
          0.0000000000000000           0.0000000000000000           0.0000000000000000
         -0.0261827793438704          -0.0271393080482410          -0.0169160548421788
          0.3167687244552878           0.3115712358785985           0.4182746802888184
         -0.0138060573195301          -0.0149126916208705          -0.0052879012928136
          0.3291454464796310           0.3237978523059701           0.4299028338381828
         -0.0121473367007246          -0.0119417064933822          -0.0141502835412576
          0.2731477076938770           0.2686121951486116           0.3581571297027921
         -0.0080409752643037          -0.0079575233601627          -0.0118053256105693
          0.2772540691302976           0.2725963782818311           0.3605020876334808
          0.2084710121015758           0.2048727059393110           0.2725128843615228
          0.2049892433521554           0.2015563846053897           0.2641631415564026
          0.1388330527192410           0.1364220294803118           0.1815520212745406
          0.1320835420283043           0.1303187187412172           0.1675811522014449
          0.1112290279116450           0.1117647515029576           0.1306792758447679
          0.0239944671506348           0.0264378711555089           0.0218411579701030
          0.0739451156843079           0.0727855996696784           0.0966499013430653
          0.0680194664373129           0.0678034749318662           0.0842051441713137
          0.0538248829350881           0.0554254019031806           0.0597189850795463
          0.0086217372036289           0.0102234931921390           0.0067398056561361
          0.0184127730658157           0.0182426634773006           0.0239465259227202
          0.0162312929985829           0.0166306142037943           0.0192463852733605
          0.0119509703202927           0.0130029146676449           0.0120405121689109
          0.0013937770184780           0.0018513811060026           0.0008442437389614
          0.0000000000000000           0.0000000000000000           0.0000000000000000
          0.0000000000000000           0.0000000000000000           0.0000000000000000
          0.0000000000000000           0.0000000000000000           0.0000000000000000
          0.0000000000000000           0.0000000000000000           0.0000000000000000
          0.0000000000000000           0.0000000000000000           0.0000000000000000
          0.0000000000000000           0.0000000000000000           0.0000000000000000
          0.0000000000000000           0.0000000000000000           0.0000000000000000
          0.0000000000000000           0.0000000000000000           0.0000000000000000
          0.0000000000000000           0.0000000000000000           0.0000000000000000
          0.0000000000000000           0.0000000000000000           0.0000000000000000
          0.0000000000000000           0.0000000000000000           0.0000000000000000
          0.0000000000000000           0.0000000000000000           0.0000000000000000
          0.0000000000000000           0.0000000000000000           0.0000000000000000
          0.0000000000000000           0.0000000000000000           0.0000000000000000
          0.0000000000000000           0.0000000000000000           0.0000000000000000
          0.0000000000000000           0.0000000000000000           0.0000000000000000
          0.0000000000000000           0.0000000000000000           0.0000000000000000
          0.0000000000000000           0.0000000000000000           0.0000000000000000
          0.0000000000000000           0.0000000000000000           0.0000000000000000
          0.0000000000000000           0.0000000000000000           0.0000000000000000
          0.0000000000000000           0.0000000000000000           0.0000000000000000
          0.0000000000000000           0.0000000000000000           0.0000000000000000
