1  82   2   1   2   -5.867498   0.000000
  0 
./DATA/100/00/GA/G006/M027/
0
          3.2921925687823617
          2.3308175377075746
          1.6311208939026745
          0.9873212238777368
          0.4494798349830947
          0.1358840553259838
          0.0077536554004623
          0.0000296171537587
          1.0140450528364693
          2.8291431089213366
          0.3789593802572834
          2.1940574363421499
          0.7297724418541356
          2.0422581517341385
          0.2685287356848427
          1.5810144455648449
          1.1719151137127668
          0.9047816627073459
          0.5441832255995966
          0.4188093315080355
          0.2667142889658273
          0.0372837902649926
          0.1846620129501454
          0.1416168609641323
          0.0890708415017417
          0.0111180768118582
          0.0220267183402031
          0.0168123368958483
          0.0103874348792051
          0.0010955325019939
          4.2403835578453988
          2.8689593765332684
          1.9367798860607213
          1.1440886733949793
          0.5308219434133359
          0.1788498029865958
          0.0149575137009976
          0.0001330033496469
          3.5128190137247679
          9.2015473519327191
          1.3611143951608147
          7.0498427333687612
          2.5011350642708479
          6.6359466694865867
          0.9509467621444326
          5.0857583673601701
          3.8648531500040799
          2.9638752712183836
          1.8893120067290718
          1.4502686355917054
          0.9095474993698668
          0.1186321210126245
          0.7243163586440015
          0.5567195544068458
          0.3449854155965516
          0.0374120686529667
          0.1229591194376440
          0.0946857994229932
          0.0577292850776664
          0.0046186012571401
          1.5105548586109481
          4.8466283242177948
          0.4813257698869577
          3.8173992354938049
          1.0983097074399732
          3.4702311594387458
          0.3460896906686552
          2.7180111426674252
          1.9940419084935446
          1.5460197539337437
          0.9559959658668490
          0.7306476831968539
          0.4508928467069465
          0.0637202638295646
          0.3572561571132318
          0.2679538776602860
          0.1582425933566303
          0.0180206738741382
          0.0584866869094955
          0.0426799542104319
          0.0235221564218722
          0.0016678599992978
1
          3.2921925687823617
          2.3308175377075750
          1.6311208939026747
          0.9873212238777368
          0.4494798349830946
          0.1358840553259838
          0.0077536554004623
          0.0000296171537587
          1.0140450528364695
          2.8291431089213370
          0.3789593802572833
          2.1940574363421494
          0.7297724418541356
          2.0422581517341385
          0.2685287356848427
          1.5810144455648449
          1.1719151137127668
          0.9047816627073456
          0.5441832255995966
          0.4188093315080355
          0.2667142889658273
          0.0372837902649926
          0.1846620129501454
          0.1416168609641323
          0.0890708415017417
          0.0111180768118582
          0.0220267183402031
          0.0168123368958483
          0.0103874348792051
          0.0010955325019939
          4.2403835578453970
          2.8689593765332679
          1.9367798860607210
          1.1440886733949795
          0.5308219434133357
          0.1788498029865958
          0.0149575137009976
          0.0001330033496469
          3.5128190137247683
          9.2015473519327173
          1.3611143951608153
          7.0498427333687621
          2.5011350642708470
          6.6359466694865779
          0.9509467621444335
          5.0857583673601683
          3.8648531500040750
          2.9638752712183858
          1.8893120067290723
          1.4502686355917056
          0.9095474993698662
          0.1186321210126245
          0.7243163586440011
          0.5567195544068463
          0.3449854155965515
          0.0374120686529667
          0.1229591194376439
          0.0946857994229931
          0.0577292850776664
          0.0046186012571401
          1.5105548586109476
          4.8466283242177948
          0.4813257698869575
          3.8173992354938031
          1.0983097074399726
          3.4702311594387445
          0.3460896906686552
          2.7180111426674265
          1.9940419084935448
          1.5460197539337439
          0.9559959658668488
          0.7306476831968537
          0.4508928467069463
          0.0637202638295647
          0.3572561571132318
          0.2679538776602860
          0.1582425933566304
          0.0180206738741382
          0.0584866869094955
          0.0426799542104319
          0.0235221564218722
          0.0016678599992978
   0    2  0.908996  0.468818  0.098736 
          0.0000000000000000           0.0000000000000000           0.0000000000000001
          0.0000000000000000           0.0000000000000001           0.0000000000000002
          0.0000000000000000           0.0000000000000000          -0.0000000000000001
         -0.0000000000000000           0.0000000000000000          -0.0000000000000001
         -0.0000000000000000           0.0000000000000000          -0.0000000000000000
         -0.0000000000000000           0.0000000000000000           0.0000000000000000
         -0.0000000000000000           0.0000000000000000           0.0000000000000000
         -0.0000000000000000           0.0000000000000000          -0.0000000000000000
         -0.0000000000000000           0.0000000000000000           0.0000000000000000
         -0.0000000000000000           0.0000000000000000           0.0000000000000001
          0.0000000000000000           0.0000000000000000           0.0000000000000001
         -0.0000000000000000           0.0000000000000000           0.0000000000000003
          0.0000000000000000          -0.0000000000000000          -0.0000000000000000
          0.0000000000000000           0.0000000000000000           0.0000000000000002
         -0.0000000000000000           0.0000000000000000           0.0000000000000000
         -0.0000000000000000          -0.0000000000000000           0.0000000000000001
         -0.0000000000000000          -0.0000000000000001           0.0000000000000000
         -0.0000000000000000          -0.0000000000000001           0.0000000000000000
          0.0000000000000000           0.0000000000000000          -0.0000000000000000
          0.0000000000000000          -0.0000000000000000           0.0000000000000000
          0.0000000000000000          -0.0000000000000000          -0.0000000000000000
          0.0000000000000000          -0.0000000000000000          -0.0000000000000000
         -0.0000000000000000           0.0000000000000000           0.0000000000000000
         -0.0000000000000000          -0.0000000000000000           0.0000000000000000
          0.0000000000000000           0.0000000000000000           0.0000000000000000
         -0.0000000000000000           0.0000000000000000          -0.0000000000000000
          0.0000000000000000          -0.0000000000000000          -0.0000000000000000
          0.0000000000000000          -0.0000000000000000           0.0000000000000000
         -0.0000000000000000          -0.0000000000000000           0.0000000000000000
         -0.0000000000000000           0.0000000000000000           0.0000000000000000
         -0.0628284690656536          -0.0025268503657042          -0.0415731583609076
         -0.2310826579173636          -0.0289500329267227           0.0281798090281695
         -0.3453860655934987          -0.0381550776218585           0.0678093643927729
         -0.4161138369032877          -0.0441227096857933           0.0814164489447283
         -0.3887725915131570          -0.0510870912629731           0.0611516838248556
         -0.2445554596326349          -0.0467581209929251           0.0261298556714811
         -0.0433328773915317          -0.0134228371931002           0.0013782990653775
         -0.0007596617563857          -0.0003578341276915          -0.0000569610995763
         -0.7448963922976441          -0.0996877987746076           0.1014864368028491
         -0.9508888728143989          -0.1245196856785424           0.1666404000525379
         -0.4624937638133856          -0.0334829076549999           0.0761244249136419
         -0.6684862443301403          -0.0583147945589354           0.1412783881633312
         -0.6394221681109540          -0.0896986535907709           0.0869652152493960
         -0.9199169267318553          -0.1040794603282108           0.1984418392565520
         -0.3674118418011499          -0.0318528231889008           0.0557297306625910
         -0.6479066004220508          -0.0462336299263401           0.1672063546697469
         -0.7919285463483404          -0.0681285095897293           0.1986410957231217
         -0.5586187721306181          -0.0232639815530851           0.1677393436798857
         -0.5782431703437481          -0.0339138000795116           0.1544478400909731
         -0.4088191641209071          -0.0030405942478122           0.1315252333969170
         -0.2126077428679558           0.0120560719660372           0.0866036288117316
          0.0025354237037199          -0.0195247765949678          -0.0154726068973933
         -0.3328739930921395          -0.0127210988764147           0.0873908173278723
         -0.2365177289925955           0.0051474659164589           0.0754461329335311
         -0.1234168899795847           0.0139205206768242           0.0522016821849935
         -0.0021863132337858          -0.0077361253344065          -0.0034627979194541
         -0.0948902678496130          -0.0036422320872897           0.0207646970975498
         -0.0682798338118819           0.0020670061847294           0.0184854559142562
         -0.0360226935365215           0.0054806846552699           0.0136392663414338
         -0.0009161403895310          -0.0007274924363136           0.0002960972687542
         -0.9940195894327822          -0.0791551697623528           0.2365603256127290
         -0.7017656756792620          -0.1450523146907985           0.0315665112426601
         -0.4999262934766190          -0.0245527364479591           0.1248456415711897
         -0.2076723797230990          -0.0904498813764044          -0.0801481727988791
         -0.8409810093130536          -0.0643866044867366           0.2009557669724404
         -0.7183580855297560          -0.1293915094322452           0.0844512875335086
         -0.4076551936140630          -0.0206158051377711           0.1010959520770579
         -0.2850322698307652          -0.0856207100832797          -0.0154085273618739
         -0.6515841444197927          -0.0952197023063259           0.1151966304887026
         -0.3169155797350943          -0.0650696914501308           0.0379363727379247
         -0.4927017840744773          -0.0569760131929763           0.1021082130370381
         -0.2693948090447532          -0.0382671359975492           0.0522431818675974
         -0.0743573696691134          -0.0218098883760680           0.0090687111514158
         -0.0196006375077236          -0.0043351885994191          -0.0033003544472876
         -0.2898900390020901          -0.0274423434766099           0.0615399931915411
         -0.1705507059092736          -0.0170745982213029           0.0371000194589383
         -0.0582153149692464          -0.0084323860043458           0.0137215651748554
         -0.0065803524125525          -0.0028168270678049          -0.0010867946556955
         -0.0838444055272496          -0.0080231199543939           0.0148826440467957
         -0.0523444211267691          -0.0044597134055139           0.0098918122874754
         -0.0203840518174828          -0.0013845941989773           0.0047396705948506
         -0.0007110801397206          -0.0004945118800230           0.0000130902498452
   1
          0.0000000000000000           0.0000000000000000           0.0000000000000000
          0.0000000000000000           0.0000000000000000           0.0000000000000000
          0.0000000000000000           0.0000000000000000           0.0000000000000000
          0.0000000000000000           0.0000000000000000           0.0000000000000000
          0.0000000000000000           0.0000000000000000           0.0000000000000000
          0.0000000000000000           0.0000000000000000           0.0000000000000000
          0.0000000000000000           0.0000000000000000           0.0000000000000000
          0.0000000000000000           0.0000000000000000           0.0000000000000000
          0.0000000000000000           0.0000000000000000           0.0000000000000000
          0.0000000000000000           0.0000000000000000           0.0000000000000000
          0.0000000000000000           0.0000000000000000           0.0000000000000000
          0.0000000000000000           0.0000000000000000           0.0000000000000000
          0.0000000000000000           0.0000000000000000           0.0000000000000000
          0.0000000000000000           0.0000000000000000           0.0000000000000000
          0.0000000000000000           0.0000000000000000           0.0000000000000000
          0.0000000000000000           0.0000000000000000           0.0000000000000000
          0.0000000000000000           0.0000000000000000           0.0000000000000000
          0.0000000000000000           0.0000000000000000           0.0000000000000000
          0.0000000000000000           0.0000000000000000           0.0000000000000000
          0.0000000000000000           0.0000000000000000           0.0000000000000000
          0.0000000000000000           0.0000000000000000           0.0000000000000000
          0.0000000000000000           0.0000000000000000           0.0000000000000000
          0.0000000000000000           0.0000000000000000           0.0000000000000000
          0.0000000000000000           0.0000000000000000           0.0000000000000000
          0.0000000000000000           0.0000000000000000           0.0000000000000000
          0.0000000000000000           0.0000000000000000           0.0000000000000000
          0.0000000000000000           0.0000000000000000           0.0000000000000000
          0.0000000000000000           0.0000000000000000           0.0000000000000000
          0.0000000000000000           0.0000000000000000           0.0000000000000000
          0.0000000000000000           0.0000000000000000           0.0000000000000000
         -0.0628284690656536          -0.0025268503657042          -0.0415731583609077
         -0.2310826579173637          -0.0289500329267228           0.0281798090281696
         -0.3453860655934988          -0.0381550776218585           0.0678093643927729
         -0.4161138369032877          -0.0441227096857933           0.0814164489447283
         -0.3887725915131569          -0.0510870912629732           0.0611516838248556
         -0.2445554596326349          -0.0467581209929251           0.0261298556714811
         -0.0433328773915317          -0.0134228371931002           0.0013782990653775
         -0.0007596617563857          -0.0003578341276915          -0.0000569610995763
         -0.4786800641193295          -0.1263192435892544          -0.0313281836110085
         -2.9128904661047574          -0.3220957253170485           0.5675818573217878
         -0.3281210589538464          -0.0754109161651395          -0.0422290179101863
         -2.7623314609392735          -0.2711873978929342           0.5566810230226096
         -0.4802534778501675          -0.1136142215068113           0.0156492004698527
         -2.6384247118354516          -0.2739420063311533           0.5551649085420447
         -0.2700108243603094          -0.0722185991159525          -0.0266437194073563
         -2.4281820583455906          -0.2325463839402946           0.5128719886648363
         -2.1153073604561250          -0.1984193571086616           0.4718844004214315
         -1.8782777328393483          -0.1711450114046854           0.4116502964920392
         -1.4566083652800055          -0.1245198468726413           0.3280686787738263
         -1.2528416354005949          -0.1094018743306005           0.2748759734923212
         -0.9500084799544017          -0.1075016878866151           0.1835052770537149
         -0.2114731104577222          -0.0508935220876651           0.0114514359458205
         -0.7982963022899792          -0.0672596270353662           0.1705037492940464
         -0.6680944196900632          -0.0596275203083099           0.1389544624078975
         -0.4790667805977086          -0.0557526527027809           0.0904313330072613
         -0.0821044419899332          -0.0213685883318813           0.0057503255769860
         -0.2158557782922871          -0.0224575214634539           0.0368223410543437
         -0.1756937956223484          -0.0194436853962484           0.0293707107053553
         -0.1182924347189533          -0.0158682875896738           0.0187926990209183
         -0.0137649453310655          -0.0038886241071828           0.0012900181800723
         -0.9940195894327819          -0.0791551697623527           0.2365603256127294
         -0.7017656756792625          -0.1450523146907982           0.0315665112426622
         -0.4999262934766194          -0.0245527364479592           0.1248456415711896
         -0.2076723797230992          -0.0904498813764039          -0.0801481727988788
         -0.8409810093130534          -0.0643866044867366           0.2009557669724404
         -0.7183580855297563          -0.1293915094322454           0.0844512875335087
         -0.4076551936140625          -0.0206158051377711           0.1010959520770579
         -0.2850322698307652          -0.0856207100832798          -0.0154085273618737
         -0.6515841444197927          -0.0952197023063256           0.1151966304887023
         -0.3169155797350944          -0.0650696914501309           0.0379363727379253
         -0.4927017840744771          -0.0569760131929765           0.1021082130370376
         -0.2693948090447533          -0.0382671359975494           0.0522431818675975
         -0.0743573696691134          -0.0218098883760679           0.0090687111514159
         -0.0196006375077236          -0.0043351885994190          -0.0033003544472876
         -0.2898900390020902          -0.0274423434766099           0.0615399931915411
         -0.1705507059092737          -0.0170745982213028           0.0371000194589384
         -0.0582153149692464          -0.0084323860043458           0.0137215651748554
         -0.0065803524125524          -0.0028168270678049          -0.0010867946556955
         -0.0838444055272495          -0.0080231199543940           0.0148826440467957
         -0.0523444211267691          -0.0044597134055138           0.0098918122874754
         -0.0203840518174828          -0.0013845941989773           0.0047396705948506
         -0.0007110801397206          -0.0004945118800230           0.0000130902498451
   0
         -0.0000000000000000           0.0000000000000000          -0.0000000000000001
         -0.0000000000000000          -0.0000000000000001          -0.0000000000000002
         -0.0000000000000000           0.0000000000000000           0.0000000000000001
          0.0000000000000000           0.0000000000000000           0.0000000000000001
          0.0000000000000000           0.0000000000000000           0.0000000000000000
          0.0000000000000000           0.0000000000000000          -0.0000000000000000
          0.0000000000000000          -0.0000000000000000          -0.0000000000000000
          0.0000000000000000           0.0000000000000000           0.0000000000000000
         -0.0000000000000000          -0.0000000000000002           0.0000000000000002
         -0.0000000000000001          -0.0000000000000000           0.0000000000000005
         -0.0000000000000000           0.0000000000000000          -0.0000000000000000
          0.0000000000000000          -0.0000000000000001           0.0000000000000001
          0.0000000000000000           0.0000000000000001          -0.0000000000000002
         -0.0000000000000001           0.0000000000000002          -0.0000000000000002
          0.0000000000000000           0.0000000000000001           0.0000000000000000
          0.0000000000000000          -0.0000000000000000          -0.0000000000000004
          0.0000000000000000           0.0000000000000001           0.0000000000000001
         -0.0000000000000000           0.0000000000000000           0.0000000000000000
          0.0000000000000000           0.0000000000000001           0.0000000000000002
          0.0000000000000000           0.0000000000000001          -0.0000000000000002
          0.0000000000000000           0.0000000000000001           0.0000000000000001
          0.0000000000000000          -0.0000000000000000          -0.0000000000000000
          0.0000000000000000           0.0000000000000000          -0.0000000000000001
         -0.0000000000000000          -0.0000000000000000          -0.0000000000000001
         -0.0000000000000000          -0.0000000000000000           0.0000000000000000
          0.0000000000000000           0.0000000000000000          -0.0000000000000000
         -0.0000000000000000          -0.0000000000000000           0.0000000000000000
          0.0000000000000000           0.0000000000000000           0.0000000000000000
          0.0000000000000000           0.0000000000000000           0.0000000000000000
         -0.0000000000000000           0.0000000000000000           0.0000000000000000
          0.0000000000000000           0.0000000000000000           0.0000000000000000
          0.0000000000000000           0.0000000000000000           0.0000000000000000
          0.0000000000000000           0.0000000000000000           0.0000000000000000
          0.0000000000000000           0.0000000000000000           0.0000000000000000
          0.0000000000000000           0.0000000000000000           0.0000000000000000
          0.0000000000000000           0.0000000000000000           0.0000000000000000
          0.0000000000000000           0.0000000000000000           0.0000000000000000
          0.0000000000000000           0.0000000000000000           0.0000000000000000
          0.2662163281783145          -0.0266314448146460          -0.1328146204138583
         -1.9620015932903583          -0.1975760396385037           0.4009414572692484
          0.1343727048595388          -0.0419280085101399          -0.1183534428238281
         -2.0938452166091333          -0.2128726033339988           0.4154026348592767
          0.1591686902607868          -0.0239155679160407          -0.0713160147795431
         -1.7185077851035966          -0.1698625460029424           0.3567230692854923
          0.0974010174408406          -0.0403657759270520          -0.0823734500699472
         -1.7802754579235434          -0.1863127540139540           0.3456656339950891
         -1.3233788141077845          -0.1302908475189333           0.2732433046983099
         -1.3196589607087286          -0.1478810298516002           0.2439109528121541
         -0.8783651949362559          -0.0906060467931298           0.1736208386828539
         -0.8440224712796873          -0.1063612800827880           0.1433507400954035
         -0.7374007370864465          -0.1195577598526524           0.0969016482419828
         -0.2140085341614421          -0.0313687454926972           0.0269240428432138
         -0.4654223091978392          -0.0545385281589517           0.0831129319661742
         -0.4315766906974675          -0.0647749862247690           0.0635083294743666
         -0.3556498906181240          -0.0696731733796050           0.0382296508222676
         -0.0799181287561474          -0.0136324629974749           0.0092131234964400
         -0.1209655104426741          -0.0188152893761643           0.0160576439567939
         -0.1074139618104667          -0.0215106915809778           0.0108852547910991
         -0.0822697411824320          -0.0213489722449438           0.0051534326794845
         -0.0128488049415345          -0.0031611316708692           0.0009939209113181
          0.0000000000000000           0.0000000000000000           0.0000000000000000
          0.0000000000000000           0.0000000000000000           0.0000000000000000
          0.0000000000000000           0.0000000000000000           0.0000000000000000
          0.0000000000000000           0.0000000000000000           0.0000000000000000
          0.0000000000000000           0.0000000000000000           0.0000000000000000
          0.0000000000000000           0.0000000000000000           0.0000000000000000
          0.0000000000000000           0.0000000000000000           0.0000000000000000
          0.0000000000000000           0.0000000000000000           0.0000000000000000
          0.0000000000000000           0.0000000000000000           0.0000000000000000
          0.0000000000000000           0.0000000000000000           0.0000000000000000
          0.0000000000000000           0.0000000000000000           0.0000000000000000
          0.0000000000000000           0.0000000000000000           0.0000000000000000
          0.0000000000000000           0.0000000000000000           0.0000000000000000
          0.0000000000000000           0.0000000000000000           0.0000000000000000
          0.0000000000000000           0.0000000000000000           0.0000000000000000
          0.0000000000000000           0.0000000000000000           0.0000000000000000
          0.0000000000000000           0.0000000000000000           0.0000000000000000
          0.0000000000000000           0.0000000000000000           0.0000000000000000
          0.0000000000000000           0.0000000000000000           0.0000000000000000
          0.0000000000000000           0.0000000000000000           0.0000000000000000
          0.0000000000000000           0.0000000000000000           0.0000000000000000
          0.0000000000000000           0.0000000000000000           0.0000000000000000
