1  82   2   1   2   -6.427404   0.000000
  0 
./DATA/100/00/GA/G021/M026/
0
          4.2483295091467426
          2.7938048247575376
          1.8237905605214908
          1.0185638006588222
          0.4245452645515825
          0.1184057541107375
          0.0060927795943693
          0.0000207811184781
          1.2785882367724783
          3.5715460813267361
          0.4638921557309020
          2.7568500002851595
          0.8608857728977991
          2.4101147414351187
          0.3095338797480078
          1.8587628482853267
          1.2508698846295239
          0.9631539532403913
          0.5191980336692599
          0.3988331752080774
          0.2532853786380794
          0.0361347532215008
          0.1565547755424511
          0.1198822394029408
          0.0751420002902261
          0.0095228278643938
          0.0160136830778442
          0.0122045313763691
          0.0074998205156672
          0.0007834457687860
          5.3834106765517138
          3.8304402661620047
          2.7199270044843225
          1.7046972721811733
          0.8355976036355973
          0.2861864540634969
          0.0223838228261751
          0.0001852220709617
          5.1906201400863532
         16.9083657944478816
          1.8340326561640750
         13.5517783105255987
          3.7314286951808393
         12.2278982316784788
          1.2863259622273882
          9.7827954987250241
          7.1268654626371024
          5.6826682334464031
          3.4595978741285851
          2.7452865873701913
          1.8127284949997720
          0.2968988210099648
          1.2957594305608522
          1.0216509894560251
          0.6596713061747757
          0.0899976913667285
          0.2038559497404619
          0.1591462530733448
          0.0994424546534857
          0.0099231181108781
          3.6015643241691544
          7.4479286430979590
          1.5720803355179096
          5.4184446544467146
          2.5964246096832717
          5.3832388537463887
          1.1159208987798301
          3.9027351428429431
          3.1380769203752013
          2.2629317977255861
          1.5264355820723365
          1.0942554523841901
          0.6164723144562391
          0.0712657396949747
          0.5746653873425749
          0.4097210626986664
          0.2245206967282927
          0.0201338666058949
          0.0915916065201353
          0.0650843099696858
          0.0345171208422258
          0.0019092653894916
1
          4.2483295091467417
          2.7938048247575376
          1.8237905605214912
          1.0185638006588225
          0.4245452645515825
          0.1184057541107375
          0.0060927795943693
          0.0000207811184781
          1.2785882367724783
          3.5715460813267370
          0.4638921557309020
          2.7568500002851604
          0.8608857728977990
          2.4101147414351178
          0.3095338797480078
          1.8587628482853271
          1.2508698846295241
          0.9631539532403914
          0.5191980336692598
          0.3988331752080773
          0.2532853786380793
          0.0361347532215008
          0.1565547755424510
          0.1198822394029408
          0.0751420002902262
          0.0095228278643938
          0.0160136830778442
          0.0122045313763691
          0.0074998205156672
          0.0007834457687860
          5.3834106765517120
          3.8304402661620065
          2.7199270044843225
          1.7046972721811733
          0.8355976036355974
          0.2861864540634968
          0.0223838228261751
          0.0001852220709617
          5.1906201400863461
         16.9083657944478745
          1.8340326561640761
         13.5517783105256022
          3.7314286951808380
         12.2278982316784770
          1.2863259622273879
          9.7827954987250276
          7.1268654626371051
          5.6826682334464076
          3.4595978741285860
          2.7452865873701917
          1.8127284949997697
          0.2968988210099646
          1.2957594305608526
          1.0216509894560255
          0.6596713061747754
          0.0899976913667285
          0.2038559497404618
          0.1591462530733447
          0.0994424546534858
          0.0099231181108781
          3.6015643241691535
          7.4479286430979581
          1.5720803355179100
          5.4184446544467146
          2.5964246096832704
          5.3832388537463887
          1.1159208987798301
          3.9027351428429413
          3.1380769203751990
          2.2629317977255861
          1.5264355820723370
          1.0942554523841896
          0.6164723144562390
          0.0712657396949747
          0.5746653873425747
          0.4097210626986664
          0.2245206967282926
          0.0201338666058950
          0.0915916065201353
          0.0650843099696858
          0.0345171208422259
          0.0019092653894916
   0    2 -0.528827  0.951982  0.142471 
          0.0000000000000000           0.0000000000000000           0.0000000000000001
          0.0000000000000000          -0.0000000000000000          -0.0000000000000000
          0.0000000000000000           0.0000000000000000           0.0000000000000000
          0.0000000000000000           0.0000000000000000           0.0000000000000000
          0.0000000000000000           0.0000000000000000          -0.0000000000000000
         -0.0000000000000000          -0.0000000000000000          -0.0000000000000000
          0.0000000000000000           0.0000000000000000           0.0000000000000000
         -0.0000000000000000           0.0000000000000000          -0.0000000000000000
          0.0000000000000000           0.0000000000000001          -0.0000000000000000
          0.0000000000000001          -0.0000000000000001           0.0000000000000001
          0.0000000000000000          -0.0000000000000000          -0.0000000000000000
         -0.0000000000000002           0.0000000000000000          -0.0000000000000001
          0.0000000000000000          -0.0000000000000000           0.0000000000000000
         -0.0000000000000001          -0.0000000000000000          -0.0000000000000005
         -0.0000000000000000          -0.0000000000000000           0.0000000000000000
          0.0000000000000000          -0.0000000000000000          -0.0000000000000001
          0.0000000000000001          -0.0000000000000000          -0.0000000000000000
          0.0000000000000001           0.0000000000000000           0.0000000000000001
          0.0000000000000000          -0.0000000000000000           0.0000000000000001
         -0.0000000000000000           0.0000000000000000           0.0000000000000001
         -0.0000000000000000           0.0000000000000000          -0.0000000000000000
         -0.0000000000000000          -0.0000000000000000           0.0000000000000000
         -0.0000000000000000          -0.0000000000000000          -0.0000000000000000
         -0.0000000000000000           0.0000000000000000           0.0000000000000000
          0.0000000000000000           0.0000000000000000          -0.0000000000000000
          0.0000000000000000           0.0000000000000000           0.0000000000000000
          0.0000000000000000           0.0000000000000000          -0.0000000000000000
         -0.0000000000000000          -0.0000000000000000           0.0000000000000000
          0.0000000000000000           0.0000000000000000          -0.0000000000000000
         -0.0000000000000000           0.0000000000000000           0.0000000000000000
         -0.0740908780752439          -0.0369073819076570           0.0380114102868749
         -0.0311660664112344          -0.0134842598183180           0.0089114500539273
          0.0087448761043106          -0.0151038282358486          -0.0113288800661953
          0.0405361689550964          -0.0413609313257350          -0.0303172756923956
          0.0510862282016140          -0.0801587027127346          -0.0419358337804486
          0.0406347748797814          -0.0831751172115842          -0.0330197726682812
          0.0132934409395048          -0.0242691752498141          -0.0058276811920633
          0.0004962718602968          -0.0006756756434241          -0.0000241763449862
          0.0428256792410324          -0.0984147397937159          -0.0425075344646576
         -0.1601796173434869          -0.0028336689884494           0.0349715504322526
          0.0583811709769789          -0.0600537994609368          -0.0347688348884503
         -0.1446241256075404           0.0355272713443300           0.0427102500084604
          0.0388707418127421          -0.0915825007674882          -0.0383530841761786
         -0.0516233632392201           0.0132199547793917          -0.0054177362598817
          0.0395250591722584          -0.0546508480589309          -0.0265685101022792
         -0.0509690458797044           0.0501516074879474           0.0063668378140157
          0.0480226418995794           0.0093740696487920          -0.0404933090575545
          0.0362942252124313           0.0450297679010338          -0.0261595300841816
          0.0866704220588727          -0.0111373389455152          -0.0528884548347655
          0.0713409582287213           0.0208374928336684          -0.0393615522012768
          0.0327064346372905           0.0383964110496533          -0.0205110325213678
         -0.0340389338818842          -0.0172839311126620           0.0136730058783284
          0.0710222467819951          -0.0267903266946138          -0.0440367018042290
          0.0591349332603184          -0.0033379919134653          -0.0342902187672719
          0.0349437350811585           0.0146016815967886          -0.0208304130602451
         -0.0093124015448904          -0.0044585954309073           0.0037240515623682
          0.0241209371466495          -0.0192831584413008          -0.0178481823400779
          0.0198320907639934          -0.0102621354373871          -0.0143393710751692
          0.0126513877327318          -0.0013683688280933          -0.0093404352182656
         -0.0002155710231089           0.0000280091356709          -0.0000106546370700
          0.1120884081412033          -0.0888919626898981          -0.0910604856285485
         -0.2294423462436563          -0.0123564460922669           0.0835245015961430
          0.0750348856172860          -0.1072009946741354          -0.0653425584203105
         -0.2664958687675744          -0.0306654780765044           0.1092424288043819
          0.1175489635388488          -0.0895514495302175          -0.0904954629620707
         -0.1303015849653266           0.0111889035421213           0.0467246425260102
          0.0704845117223881          -0.0964632576589497          -0.0605356296770991
         -0.1773660367817874           0.0042770954133898           0.0766844758109814
         -0.0280554250981881           0.0146105187788150           0.0091685589749131
         -0.0776687515837753           0.0228996835166488           0.0405611886001256
          0.0286031776592465          -0.0028657252727188          -0.0139678186004161
         -0.0120265888744739           0.0157019545016925           0.0133517273462286
         -0.0323493857108277           0.0147607097939908           0.0209273794778639
         -0.0016071945930095          -0.0132607972789516          -0.0069682406823225
          0.0382812839263261          -0.0198231289602173          -0.0206320187444771
          0.0133786223031125          -0.0006870721745607          -0.0021197854628139
         -0.0043231670343475           0.0086617867232808           0.0077344248180081
         -0.0010257163432883          -0.0038755797466360          -0.0020705718331710
          0.0161258982059119          -0.0166379318087312          -0.0110432914243176
          0.0088669380853285          -0.0077359106774364          -0.0047742127949629
          0.0024974544819721          -0.0004726095872617           0.0000319517240295
         -0.0001064638523312          -0.0001786756313406          -0.0001158426019503
   1
          0.0000000000000000           0.0000000000000000           0.0000000000000000
          0.0000000000000000           0.0000000000000000           0.0000000000000000
          0.0000000000000000           0.0000000000000000           0.0000000000000000
          0.0000000000000000           0.0000000000000000           0.0000000000000000
          0.0000000000000000           0.0000000000000000           0.0000000000000000
          0.0000000000000000           0.0000000000000000           0.0000000000000000
          0.0000000000000000           0.0000000000000000           0.0000000000000000
          0.0000000000000000           0.0000000000000000           0.0000000000000000
          0.0000000000000000           0.0000000000000000           0.0000000000000000
          0.0000000000000000           0.0000000000000000           0.0000000000000000
          0.0000000000000000           0.0000000000000000           0.0000000000000000
          0.0000000000000000           0.0000000000000000           0.0000000000000000
          0.0000000000000000           0.0000000000000000           0.0000000000000000
          0.0000000000000000           0.0000000000000000           0.0000000000000000
          0.0000000000000000           0.0000000000000000           0.0000000000000000
          0.0000000000000000           0.0000000000000000           0.0000000000000000
          0.0000000000000000           0.0000000000000000           0.0000000000000000
          0.0000000000000000           0.0000000000000000           0.0000000000000000
          0.0000000000000000           0.0000000000000000           0.0000000000000000
          0.0000000000000000           0.0000000000000000           0.0000000000000000
          0.0000000000000000           0.0000000000000000           0.0000000000000000
          0.0000000000000000           0.0000000000000000           0.0000000000000000
          0.0000000000000000           0.0000000000000000           0.0000000000000000
          0.0000000000000000           0.0000000000000000           0.0000000000000000
          0.0000000000000000           0.0000000000000000           0.0000000000000000
          0.0000000000000000           0.0000000000000000           0.0000000000000000
          0.0000000000000000           0.0000000000000000           0.0000000000000000
          0.0000000000000000           0.0000000000000000           0.0000000000000000
          0.0000000000000000           0.0000000000000000           0.0000000000000000
          0.0000000000000000           0.0000000000000000           0.0000000000000000
         -0.0740908780752441          -0.0369073819076570           0.0380114102868749
         -0.0311660664112345          -0.0134842598183180           0.0089114500539274
          0.0087448761043107          -0.0151038282358486          -0.0113288800661952
          0.0405361689550964          -0.0413609313257350          -0.0303172756923957
          0.0510862282016140          -0.0801587027127346          -0.0419358337804486
          0.0406347748797814          -0.0831751172115842          -0.0330197726682812
          0.0132934409395048          -0.0242691752498141          -0.0058276811920633
          0.0004962718602969          -0.0006756756434241          -0.0000241763449862
         -0.1871272037585507          -0.1001081109250572           0.0553837061228804
         -0.0475806724463575          -0.1023887066392732          -0.0704556741876886
         -0.0623334432099132          -0.1716268045417940          -0.0067983496945011
          0.0772130881022805          -0.1739074002560108          -0.1326377300050711
         -0.1177392893057584          -0.0569027930556576           0.0333612802732402
          0.0922340464528025          -0.0998222989205356          -0.1209029211453586
         -0.0503029248387952          -0.1232272884570450          -0.0059593454421147
          0.1596704109197674          -0.1661467943219223          -0.1602235468607167
          0.2009450524744253          -0.1192016290316066          -0.1553573073029964
          0.2128077925655447          -0.1647284305385949          -0.1698043924582475
          0.2136032707812282          -0.1378704681395506          -0.1496151585362339
          0.1971854428122267          -0.1554369527234588          -0.1472987028633887
          0.1499831942016279          -0.1881682514717348          -0.1311154938032366
          0.0279416647855210          -0.1369342056769676          -0.0228398813477454
          0.1505500256840096          -0.1239081711832071          -0.1082787413153088
          0.1307064711093854          -0.1206233490394209          -0.0994255301961710
          0.0949618877200203          -0.1151932354961131          -0.0799601537918506
          0.0176866978903590          -0.0542813115686132          -0.0103079139277475
          0.0483551563271001          -0.0573282136076668          -0.0392273417850716
          0.0403477137185965          -0.0497700454483901          -0.0338181717018599
          0.0283648673229067          -0.0381062940143572          -0.0245579085142013
          0.0050398427480429          -0.0091413066154936          -0.0023137646751466
          0.1120884081412037          -0.0888919626898979          -0.0910604856285481
         -0.2294423462436597          -0.0123564460922668           0.0835245015961425
          0.0750348856172854          -0.1072009946741351          -0.0653425584203113
         -0.2664958687675746          -0.0306654780765042           0.1092424288043808
          0.1175489635388497          -0.0895514495302179          -0.0904954629620695
         -0.1303015849653280           0.0111889035421219           0.0467246425260062
          0.0704845117223878          -0.0964632576589493          -0.0605356296770994
         -0.1773660367817875           0.0042770954133897           0.0766844758109814
         -0.0280554250981876           0.0146105187788151           0.0091685589749118
         -0.0776687515837751           0.0228996835166487           0.0405611886001255
          0.0286031776592463          -0.0028657252727182          -0.0139678186004152
         -0.0120265888744736           0.0157019545016927           0.0133517273462283
         -0.0323493857108280           0.0147607097939909           0.0209273794778642
         -0.0016071945930095          -0.0132607972789516          -0.0069682406823225
          0.0382812839263259          -0.0198231289602172          -0.0206320187444772
          0.0133786223031126          -0.0006870721745606          -0.0021197854628144
         -0.0043231670343477           0.0086617867232808           0.0077344248180080
         -0.0010257163432883          -0.0038755797466360          -0.0020705718331710
          0.0161258982059120          -0.0166379318087311          -0.0110432914243176
          0.0088669380853285          -0.0077359106774364          -0.0047742127949630
          0.0024974544819721          -0.0004726095872617           0.0000319517240295
         -0.0001064638523312          -0.0001786756313406          -0.0001158426019503
   0
         -0.0000000000000000          -0.0000000000000000          -0.0000000000000001
         -0.0000000000000000           0.0000000000000000           0.0000000000000000
          0.0000000000000000          -0.0000000000000000          -0.0000000000000000
         -0.0000000000000000          -0.0000000000000000          -0.0000000000000000
          0.0000000000000000           0.0000000000000000           0.0000000000000000
          0.0000000000000000           0.0000000000000000           0.0000000000000000
          0.0000000000000000           0.0000000000000000           0.0000000000000000
          0.0000000000000000           0.0000000000000000           0.0000000000000000
          0.0000000000000001           0.0000000000000000          -0.0000000000000002
         -0.0000000000000002           0.0000000000000002           0.0000000000000001
          0.0000000000000000          -0.0000000000000000          -0.0000000000000001
          0.0000000000000002          -0.0000000000000001           0.0000000000000002
          0.0000000000000000           0.0000000000000001          -0.0000000000000006
         -0.0000000000000004           0.0000000000000002           0.0000000000000002
          0.0000000000000001          -0.0000000000000000          -0.0000000000000000
         -0.0000000000000000          -0.0000000000000000          -0.0000000000000001
         -0.0000000000000001           0.0000000000000000          -0.0000000000000002
          0.0000000000000001          -0.0000000000000000          -0.0000000000000001
          0.0000000000000000          -0.0000000000000000          -0.0000000000000002
         -0.0000000000000000          -0.0000000000000001          -0.0000000000000000
         -0.0000000000000000          -0.0000000000000000           0.0000000000000000
          0.0000000000000000           0.0000000000000000           0.0000000000000000
          0.0000000000000000           0.0000000000000000           0.0000000000000000
          0.0000000000000000           0.0000000000000000           0.0000000000000000
         -0.0000000000000000          -0.0000000000000000           0.0000000000000000
          0.0000000000000000          -0.0000000000000000           0.0000000000000000
          0.0000000000000000           0.0000000000000000          -0.0000000000000000
          0.0000000000000000           0.0000000000000000          -0.0000000000000000
          0.0000000000000000          -0.0000000000000000           0.0000000000000000
         -0.0000000000000000          -0.0000000000000000           0.0000000000000000
          0.0000000000000000           0.0000000000000000           0.0000000000000000
          0.0000000000000000           0.0000000000000000           0.0000000000000000
          0.0000000000000000           0.0000000000000000           0.0000000000000000
          0.0000000000000000           0.0000000000000000           0.0000000000000000
          0.0000000000000000           0.0000000000000000           0.0000000000000000
          0.0000000000000000           0.0000000000000000           0.0000000000000000
          0.0000000000000000           0.0000000000000000           0.0000000000000000
          0.0000000000000000           0.0000000000000000           0.0000000000000000
         -0.2299528829995833          -0.0016933711313410           0.0978912405875381
          0.1125989448971288          -0.0995550376508240          -0.1054272246199408
         -0.1207146141868921          -0.1115730050808576           0.0279704851939493
          0.2218372137098207          -0.2094346716003414          -0.1753479800135277
         -0.1566100311185009           0.0346797077118299           0.0717143644494180
          0.1438574096920230          -0.1130422536999267          -0.1154851848854784
         -0.0898279840110539          -0.0685764403981144           0.0206091646601647
          0.2106394567994709          -0.2162984018098707          -0.1665903846747319
          0.1529224105748457          -0.1285756986803987          -0.1148639982454425
          0.1765135673531135          -0.2097581984396286          -0.1436448623740668
          0.1269328487223554          -0.1267331291940359          -0.0967267037014686
          0.1258444845835050          -0.1762744455571267          -0.1079371506621119
          0.1172767595643374          -0.2265646625213881          -0.1106044612818690
          0.0619805986674051          -0.1196502745643055          -0.0365128872260739
          0.0795277789020148          -0.0971178444885933          -0.0642420395110797
          0.0715715378490670          -0.1172853571259557          -0.0651353114288990
          0.0600181526388616          -0.1297949170929017          -0.0591297407316057
          0.0269990994352495          -0.0498227161377059          -0.0140319654901157
          0.0242342191804506          -0.0380450551663658          -0.0213791594449937
          0.0205156229546031          -0.0395079100110030          -0.0194788006266907
          0.0157134795901748          -0.0367379251862639          -0.0152174732959357
          0.0052554137711518          -0.0091693157511645          -0.0023031100380766
          0.0000000000000000           0.0000000000000000           0.0000000000000000
          0.0000000000000000           0.0000000000000000           0.0000000000000000
          0.0000000000000000           0.0000000000000000           0.0000000000000000
          0.0000000000000000           0.0000000000000000           0.0000000000000000
          0.0000000000000000           0.0000000000000000           0.0000000000000000
          0.0000000000000000           0.0000000000000000           0.0000000000000000
          0.0000000000000000           0.0000000000000000           0.0000000000000000
          0.0000000000000000           0.0000000000000000           0.0000000000000000
          0.0000000000000000           0.0000000000000000           0.0000000000000000
          0.0000000000000000           0.0000000000000000           0.0000000000000000
          0.0000000000000000           0.0000000000000000           0.0000000000000000
          0.0000000000000000           0.0000000000000000           0.0000000000000000
          0.0000000000000000           0.0000000000000000           0.0000000000000000
          0.0000000000000000           0.0000000000000000           0.0000000000000000
          0.0000000000000000           0.0000000000000000           0.0000000000000000
          0.0000000000000000           0.0000000000000000           0.0000000000000000
          0.0000000000000000           0.0000000000000000           0.0000000000000000
          0.0000000000000000           0.0000000000000000           0.0000000000000000
          0.0000000000000000           0.0000000000000000           0.0000000000000000
          0.0000000000000000           0.0000000000000000           0.0000000000000000
          0.0000000000000000           0.0000000000000000           0.0000000000000000
          0.0000000000000000           0.0000000000000000           0.0000000000000000
