1  82   2   1   2   -5.887483   0.000000
  0 
./DATA/100/00/GA/G013/M024/
0
          3.7787717981364524
          2.4506767503375326
          1.5932317318133911
          0.9074540274666810
          0.4158746292659245
          0.1483204310033419
          0.0153534242490291
          0.0001850881297739
          0.9202837545375103
          2.4460310610077629
          0.4078715241123974
          1.9336188305826498
          0.5985993123366624
          1.5895120888236858
          0.2665218337558754
          1.2574346102428979
          0.7665468577098513
          0.6069377206778931
          0.2826091293247343
          0.2239122110938591
          0.1558561417152964
          0.0578764376419348
          0.0702556241088395
          0.0556729187695551
          0.0386665737340789
          0.0145835188423519
          0.0046769543468253
          0.0037018090203788
          0.0025528218008889
          0.0009675206831361
          4.9903709909244292
          3.5504683282229856
          2.4890160254208951
          1.5098130193924930
          0.6948783474769202
          0.2189289323007889
          0.0154825056621598
          0.0001197806446895
          4.3706215332149814
         13.7394758711869738
          1.5123438857383122
         10.8811982237103191
          3.1588425521107641
          9.8159088265383243
          1.0901648003961211
          7.7472310748236817
          5.5920964182885387
          4.3870595987145515
          2.6243703224308694
          2.0415969926266078
          1.3212478803258170
          0.1997223617645741
          0.9367948857244464
          0.7204445582492468
          0.4553726217793217
          0.0617592501885312
          0.1356216379284156
          0.1022532921688571
          0.0619289085448646
          0.0068903903489317
          2.8199336520672627
          6.2351150501337189
          1.1982517601127152
          4.6134331581791725
          1.9847539206412350
          4.5026217686833094
          0.8305122166407271
          3.3483800646828028
          2.6123857965068304
          1.9591818379174513
          1.2563185718741330
          0.9527210153103021
          0.6075624249995731
          0.1007602361094951
          0.4629110945457526
          0.3560611848664743
          0.2297685226874619
          0.0350216211709794
          0.0705269613925677
          0.0554644617978314
          0.0363978065469778
          0.0047953538084708
1
          3.7787717981364533
          2.4506767503375326
          1.5932317318133911
          0.9074540274666810
          0.4158746292659245
          0.1483204310033419
          0.0153534242490291
          0.0001850881297739
          0.9202837545375103
          2.4460310610077625
          0.4078715241123972
          1.9336188305826498
          0.5985993123366624
          1.5895120888236858
          0.2665218337558754
          1.2574346102428979
          0.7665468577098513
          0.6069377206778930
          0.2826091293247343
          0.2239122110938591
          0.1558561417152963
          0.0578764376419348
          0.0702556241088394
          0.0556729187695551
          0.0386665737340789
          0.0145835188423519
          0.0046769543468253
          0.0037018090203788
          0.0025528218008889
          0.0009675206831361
          4.9903709909244274
          3.5504683282229852
          2.4890160254208960
          1.5098130193924928
          0.6948783474769202
          0.2189289323007889
          0.0154825056621598
          0.0001197806446895
          4.3706215332149796
         13.7394758711869880
          1.5123438857383129
         10.8811982237103280
          3.1588425521107646
          9.8159088265383225
          1.0901648003961206
          7.7472310748236772
          5.5920964182885351
          4.3870595987145498
          2.6243703224308708
          2.0415969926266073
          1.3212478803258179
          0.1997223617645744
          0.9367948857244468
          0.7204445582492470
          0.4553726217793219
          0.0617592501885312
          0.1356216379284158
          0.1022532921688571
          0.0619289085448646
          0.0068903903489317
          2.8199336520672635
          6.2351150501337189
          1.1982517601127145
          4.6134331581791717
          1.9847539206412359
          4.5026217686833103
          0.8305122166407267
          3.3483800646828015
          2.6123857965068300
          1.9591818379174513
          1.2563185718741330
          0.9527210153103018
          0.6075624249995732
          0.1007602361094950
          0.4629110945457526
          0.3560611848664741
          0.2297685226874619
          0.0350216211709793
          0.0705269613925677
          0.0554644617978314
          0.0363978065469778
          0.0047953538084708
   0    2 -0.307102  0.253627 -0.631339 
          0.0000000000000000           0.0000000000000000          -0.0000000000000000
          0.0000000000000000           0.0000000000000001           0.0000000000000000
         -0.0000000000000000          -0.0000000000000000          -0.0000000000000001
         -0.0000000000000000          -0.0000000000000000          -0.0000000000000000
         -0.0000000000000000           0.0000000000000000           0.0000000000000000
         -0.0000000000000000           0.0000000000000000           0.0000000000000000
         -0.0000000000000000           0.0000000000000000          -0.0000000000000000
         -0.0000000000000000           0.0000000000000000           0.0000000000000000
         -0.0000000000000000           0.0000000000000001          -0.0000000000000000
          0.0000000000000000           0.0000000000000002          -0.0000000000000002
          0.0000000000000000           0.0000000000000001          -0.0000000000000000
         -0.0000000000000000          -0.0000000000000000           0.0000000000000003
          0.0000000000000000           0.0000000000000000          -0.0000000000000000
         -0.0000000000000000           0.0000000000000003           0.0000000000000001
         -0.0000000000000000           0.0000000000000000          -0.0000000000000000
          0.0000000000000000          -0.0000000000000001           0.0000000000000001
         -0.0000000000000000          -0.0000000000000000           0.0000000000000000
          0.0000000000000000           0.0000000000000000          -0.0000000000000000
          0.0000000000000000          -0.0000000000000000           0.0000000000000000
         -0.0000000000000000           0.0000000000000000          -0.0000000000000000
          0.0000000000000000           0.0000000000000000          -0.0000000000000000
          0.0000000000000000           0.0000000000000000           0.0000000000000000
         -0.0000000000000000           0.0000000000000000           0.0000000000000000
          0.0000000000000000           0.0000000000000000           0.0000000000000000
          0.0000000000000000          -0.0000000000000000           0.0000000000000000
         -0.0000000000000000          -0.0000000000000000           0.0000000000000000
         -0.0000000000000000          -0.0000000000000000           0.0000000000000000
         -0.0000000000000000           0.0000000000000000           0.0000000000000000
          0.0000000000000000          -0.0000000000000000          -0.0000000000000000
          0.0000000000000000          -0.0000000000000000          -0.0000000000000000
         -0.0766808814230105           0.0319671887927704          -0.0335355032051989
         -0.0288845233351909           0.0100352705266638          -0.0278724128175934
          0.0114892839193102           0.0027301414539598           0.0026029338729400
          0.0489854723198332           0.0019374620974821           0.0462374048869921
          0.0690748037735066          -0.0005454643507543           0.0816015387172959
          0.0543584068695624          -0.0085648997722106           0.0761785834738585
          0.0116319103827356          -0.0055230723611383           0.0204102185819852
          0.0002593522775415          -0.0001561132342302           0.0004663400095979
          0.0933869437731467           0.0023793867633355           0.1191435678824346
         -0.1772661355736913           0.0426892324902961          -0.2431870671602467
          0.0737390995161934           0.0174342866199747           0.1009057038249002
         -0.1969139798306447           0.0577441323469357          -0.2614249312177803
          0.0890539470080606          -0.0019617244420495           0.1156659422594677
         -0.0890976520022310           0.0229909917389013          -0.1675413425465726
          0.0630856539648078           0.0114861698569139           0.0904602211847755
         -0.1150659450454842           0.0364388860378672          -0.1927470636212641
         -0.0033837765021159           0.0125413936782051          -0.0732146766446717
         -0.0325706529976388           0.0227004706778491          -0.1029195493488231
          0.0397347856995876           0.0139220830630429          -0.0045865643189998
          0.0138887780323877           0.0202308209046904          -0.0318730327342178
         -0.0085978011962190           0.0077548409182107          -0.0410457679018282
         -0.0090067938635562          -0.0119306311926686          -0.0043518047601933
          0.0419942138772671           0.0166498208275020           0.0234180508703604
          0.0247014936674443           0.0196418855333012           0.0046678964157389
          0.0078457461563592           0.0106529288924298          -0.0071759113334547
         -0.0025206399727942          -0.0077054655318376          -0.0029552124274784
          0.0168117892948827           0.0105321425168006           0.0147205071255542
          0.0111681511968423           0.0111466888177063           0.0084276467626411
          0.0052589643982736           0.0075983922087405           0.0031062246474444
         -0.0000997392126104          -0.0017144575949075          -0.0004205497439271
          0.0922794184269803           0.0110623903666286           0.0443763981470033
         -0.1761586102275245           0.0340062288870065          -0.1684198974248158
          0.1048209804272760           0.0000708513833908           0.1039468446656509
         -0.1636170482272291           0.0230146899037686          -0.1088494509061689
          0.0942616622787647           0.0108741773636582           0.0531739727694710
         -0.0943053672729349           0.0101550899331935          -0.1050493730565760
          0.0894456035788400           0.0006114730229041           0.0869560155054249
         -0.0991214259728594          -0.0001076144075603          -0.0712673303206221
         -0.0114526649946023          -0.0047348666968857          -0.0272029767962560
         -0.0303827570295348          -0.0145002033825020          -0.0201706296338723
          0.0338340555788694          -0.0044879612539953           0.0254684949304704
          0.0118312229184401          -0.0131109620225822           0.0174308232659417
         -0.0001634933623864          -0.0200273357767914           0.0103261484470615
         -0.0028913971241189           0.0101046327988537          -0.0089439120793362
          0.0400971944131702           0.0018325752387291           0.0396198187012274
          0.0240159593770813          -0.0043101942823910           0.0288535680327832
          0.0104067985910503          -0.0106257622742457           0.0170431126346222
         -0.0008067977983551           0.0007863184634927          -0.0020923051025529
          0.0174275264543305           0.0043595894709923           0.0191627071710679
          0.0121880295185220           0.0020697459202669           0.0144671840486352
          0.0065154800413188          -0.0007930536016388           0.0087495642030872
          0.0000764182615423          -0.0006970141475199           0.0002888810365351
   0
         -0.0000000000000000          -0.0000000000000000           0.0000000000000000
         -0.0000000000000000          -0.0000000000000001           0.0000000000000000
          0.0000000000000000           0.0000000000000000           0.0000000000000001
          0.0000000000000000           0.0000000000000000           0.0000000000000000
          0.0000000000000000          -0.0000000000000000          -0.0000000000000000
          0.0000000000000000          -0.0000000000000000          -0.0000000000000000
          0.0000000000000000          -0.0000000000000000           0.0000000000000000
          0.0000000000000000          -0.0000000000000000          -0.0000000000000000
          0.0000000000000000           0.0000000000000002          -0.0000000000000001
         -0.0000000000000001          -0.0000000000000000           0.0000000000000008
          0.0000000000000000           0.0000000000000000          -0.0000000000000001
          0.0000000000000000           0.0000000000000004          -0.0000000000000000
          0.0000000000000000          -0.0000000000000001          -0.0000000000000003
         -0.0000000000000000          -0.0000000000000000          -0.0000000000000003
         -0.0000000000000000           0.0000000000000002           0.0000000000000000
         -0.0000000000000001          -0.0000000000000001          -0.0000000000000001
         -0.0000000000000000          -0.0000000000000001           0.0000000000000000
          0.0000000000000000          -0.0000000000000001          -0.0000000000000002
         -0.0000000000000000          -0.0000000000000000           0.0000000000000001
         -0.0000000000000000          -0.0000000000000000          -0.0000000000000001
         -0.0000000000000000          -0.0000000000000000          -0.0000000000000000
          0.0000000000000000          -0.0000000000000000           0.0000000000000000
          0.0000000000000000           0.0000000000000000           0.0000000000000000
         -0.0000000000000000          -0.0000000000000000           0.0000000000000000
         -0.0000000000000000           0.0000000000000000           0.0000000000000000
          0.0000000000000000          -0.0000000000000000          -0.0000000000000000
          0.0000000000000000          -0.0000000000000000          -0.0000000000000000
         -0.0000000000000000          -0.0000000000000000          -0.0000000000000000
          0.0000000000000000           0.0000000000000000          -0.0000000000000000
         -0.0000000000000000          -0.0000000000000000           0.0000000000000000
          0.0000000000000000           0.0000000000000000           0.0000000000000000
          0.0000000000000000           0.0000000000000000           0.0000000000000000
          0.0000000000000000           0.0000000000000000           0.0000000000000000
          0.0000000000000000           0.0000000000000000           0.0000000000000000
          0.0000000000000000           0.0000000000000000           0.0000000000000000
          0.0000000000000000           0.0000000000000000           0.0000000000000000
          0.0000000000000000           0.0000000000000000           0.0000000000000000
          0.0000000000000000           0.0000000000000000           0.0000000000000000
         -0.1992854635346012           0.0219408594831892          -0.1769797039135296
          0.1154062717340568           0.0231277597704431           0.0529362046357182
         -0.0684295556704529           0.0179743235394554          -0.0316615696275001
          0.2462621795982053           0.0191612238267100           0.1982543389217485
         -0.1444157493562721           0.0032103916573109          -0.1470012377438986
          0.1443720443621021           0.0178188756395409           0.0951258374567940
         -0.0522112174144832           0.0003552274067625          -0.0363318615249263
          0.2365765763038913           0.0149637113889917           0.2057952136757663
          0.1535968293801082           0.0133875068864311           0.1243874542088059
          0.2020460942239466           0.0089682137750592           0.1900522275176986
          0.1289442081855565           0.0098475982896385           0.1173957140562578
          0.1460480285765774           0.0027805179114566           0.1459055351449697
          0.1574454367759800          -0.0108407355120814           0.1782176398501118
          0.0772448685042622          -0.0075973642440382           0.1200659391000548
          0.0814135644617286           0.0060912910852941           0.0803074075764133
          0.0825036615731556          -0.0015867738654449           0.0865261198230705
          0.0783933454168803          -0.0114858932315261           0.0917212951834694
          0.0309492989447588          -0.0041924446332124           0.0496828724475389
          0.0244413897948079           0.0020885731759745           0.0261456344534866
          0.0221784899348778          -0.0020037447383388           0.0246480642953411
          0.0180479147088941          -0.0056311521237590           0.0220001774573836
          0.0050271716791954          -0.0011563604025991           0.0084348187324118
          0.0000000000000000           0.0000000000000000           0.0000000000000000
          0.0000000000000000           0.0000000000000000           0.0000000000000000
          0.0000000000000000           0.0000000000000000           0.0000000000000000
          0.0000000000000000           0.0000000000000000           0.0000000000000000
          0.0000000000000000           0.0000000000000000           0.0000000000000000
          0.0000000000000000           0.0000000000000000           0.0000000000000000
          0.0000000000000000           0.0000000000000000           0.0000000000000000
          0.0000000000000000           0.0000000000000000           0.0000000000000000
          0.0000000000000000           0.0000000000000000           0.0000000000000000
          0.0000000000000000           0.0000000000000000           0.0000000000000000
          0.0000000000000000           0.0000000000000000           0.0000000000000000
          0.0000000000000000           0.0000000000000000           0.0000000000000000
          0.0000000000000000           0.0000000000000000           0.0000000000000000
          0.0000000000000000           0.0000000000000000           0.0000000000000000
          0.0000000000000000           0.0000000000000000           0.0000000000000000
          0.0000000000000000           0.0000000000000000           0.0000000000000000
          0.0000000000000000           0.0000000000000000           0.0000000000000000
          0.0000000000000000           0.0000000000000000           0.0000000000000000
          0.0000000000000000           0.0000000000000000           0.0000000000000000
          0.0000000000000000           0.0000000000000000           0.0000000000000000
          0.0000000000000000           0.0000000000000000           0.0000000000000000
          0.0000000000000000           0.0000000000000000           0.0000000000000000
   1
          0.0000000000000000           0.0000000000000000           0.0000000000000000
          0.0000000000000000           0.0000000000000000           0.0000000000000000
          0.0000000000000000           0.0000000000000000           0.0000000000000000
          0.0000000000000000           0.0000000000000000           0.0000000000000000
          0.0000000000000000           0.0000000000000000           0.0000000000000000
          0.0000000000000000           0.0000000000000000           0.0000000000000000
          0.0000000000000000           0.0000000000000000           0.0000000000000000
          0.0000000000000000           0.0000000000000000           0.0000000000000000
          0.0000000000000000           0.0000000000000000           0.0000000000000000
          0.0000000000000000           0.0000000000000000           0.0000000000000000
          0.0000000000000000           0.0000000000000000           0.0000000000000000
          0.0000000000000000           0.0000000000000000           0.0000000000000000
          0.0000000000000000           0.0000000000000000           0.0000000000000000
          0.0000000000000000           0.0000000000000000           0.0000000000000000
          0.0000000000000000           0.0000000000000000           0.0000000000000000
          0.0000000000000000           0.0000000000000000           0.0000000000000000
          0.0000000000000000           0.0000000000000000           0.0000000000000000
          0.0000000000000000           0.0000000000000000           0.0000000000000000
          0.0000000000000000           0.0000000000000000           0.0000000000000000
          0.0000000000000000           0.0000000000000000           0.0000000000000000
          0.0000000000000000           0.0000000000000000           0.0000000000000000
          0.0000000000000000           0.0000000000000000           0.0000000000000000
          0.0000000000000000           0.0000000000000000           0.0000000000000000
          0.0000000000000000           0.0000000000000000           0.0000000000000000
          0.0000000000000000           0.0000000000000000           0.0000000000000000
          0.0000000000000000           0.0000000000000000           0.0000000000000000
          0.0000000000000000           0.0000000000000000           0.0000000000000000
          0.0000000000000000           0.0000000000000000           0.0000000000000000
          0.0000000000000000           0.0000000000000000           0.0000000000000000
          0.0000000000000000           0.0000000000000000           0.0000000000000000
         -0.0766808814230105           0.0319671887927703          -0.0335355032051988
         -0.0288845233351909           0.0100352705266639          -0.0278724128175934
          0.0114892839193102           0.0027301414539598           0.0026029338729401
          0.0489854723198332           0.0019374620974821           0.0462374048869921
          0.0690748037735066          -0.0005454643507542           0.0816015387172959
          0.0543584068695624          -0.0085648997722106           0.0761785834738585
          0.0116319103827356          -0.0055230723611383           0.0204102185819852
          0.0002593522775415          -0.0001561132342302           0.0004663400095979
         -0.1058985197614538           0.0243202462465279          -0.0578361360310951
         -0.0618598638396343           0.0658169922607405          -0.1902508625245282
          0.0053095438457406           0.0354086101594308           0.0692441341974001
          0.0493481997675610           0.0769053561736441          -0.0631705922960342
         -0.0553618023482112           0.0012486672152606          -0.0313352954844313
          0.0552743923598708           0.0408098673784424          -0.0724155050897795
          0.0108744365503245           0.0118413972636766           0.0541283596598493
          0.1215106312584069           0.0514025974268588           0.0130481500545017
          0.1502130528779922           0.0259289005646375           0.0511727775641335
          0.1694754412263081           0.0316686844529087           0.0871326781688757
          0.1686789938851440           0.0237696813526817           0.1128091497372578
          0.1599368066089652           0.0230113388161468           0.1140325024107520
          0.1488476355797610          -0.0030858945938708           0.1371718719482840
          0.0682380746407060          -0.0195279954367068           0.1157141343398616
          0.1234077783389958           0.0227411119127966           0.1037254584467738
          0.1072051552405998           0.0180551116678561           0.0911940162388093
          0.0862390915732395          -0.0008329643390965           0.0845453838500145
          0.0284286589719647          -0.0118979101650500           0.0467276600200606
          0.0412531790896905           0.0126207156927751           0.0408661415790407
          0.0333466411317201           0.0091429440793674           0.0330757110579822
          0.0233068791071677           0.0019672400849815           0.0251064021048280
          0.0049274324665850          -0.0028708179975067           0.0080142689884847
          0.0922794184269804           0.0110623903666287           0.0443763981470037
         -0.1761586102275245           0.0340062288870059          -0.1684198974248147
          0.1048209804272759           0.0000708513833911           0.1039468446656513
         -0.1636170482272293           0.0230146899037695          -0.1088494509061693
          0.0942616622787644           0.0108741773636588           0.0531739727694705
         -0.0943053672729347           0.0101550899331945          -0.1050493730565752
          0.0894456035788398           0.0006114730229042           0.0869560155054247
         -0.0991214259728597          -0.0001076144075601          -0.0712673303206226
         -0.0114526649946021          -0.0047348666968858          -0.0272029767962563
         -0.0303827570295345          -0.0145002033825022          -0.0201706296338726
          0.0338340555788693          -0.0044879612539951           0.0254684949304704
          0.0118312229184401          -0.0131109620225820           0.0174308232659415
         -0.0001634933623864          -0.0200273357767916           0.0103261484470615
         -0.0028913971241189           0.0101046327988537          -0.0089439120793362
          0.0400971944131701           0.0018325752387290           0.0396198187012273
          0.0240159593770814          -0.0043101942823909           0.0288535680327834
          0.0104067985910502          -0.0106257622742457           0.0170431126346222
         -0.0008067977983551           0.0007863184634927          -0.0020923051025529
          0.0174275264543305           0.0043595894709923           0.0191627071710679
          0.0121880295185220           0.0020697459202669           0.0144671840486352
          0.0065154800413188          -0.0007930536016388           0.0087495642030872
          0.0000764182615423          -0.0006970141475199           0.0002888810365351
