1  82   2   1   2   -5.427385   0.000000
  0 
./DATA/100/00/GA/G006/M024/
0
          2.3560051291571309
          1.5337446546774873
          1.0073346558138838
          0.5858784567751718
          0.2745913912420509
          0.0945970150830618
          0.0074433212462948
          0.0000471040954129
          0.2188242453044177
          0.5704068591990512
          0.1038712766972842
          0.4554538905919178
          0.1337027889920849
          0.3476057627145341
          0.0642736452062960
          0.2781766189287452
          0.1484267110145989
          0.1192647233677679
          0.0453446314276014
          0.0366597924009415
          0.0266782510037981
          0.0129968722858299
          0.0084177134968818
          0.0068714962904244
          0.0050918480181822
          0.0026633352191169
          0.0002996431692228
          0.0002500862627002
          0.0001929237096558
          0.0001154234017954
          3.6640138129027275
          2.5153094079896188
          1.7097076397785380
          1.0058184343109868
          0.4520445260024273
          0.1403402012831327
          0.0092368601629895
          0.0000546246241107
          1.9690731588715435
          5.8330770048171274
          0.7208428794046555
          4.5848467253502383
          1.3912433889443028
          4.0954973179674861
          0.5048392335694037
          3.2090931625925871
          2.2827747676283865
          1.7782526793573412
          1.0565549052764907
          0.8159272415210044
          0.5180937175981279
          0.0812263829654367
          0.3805585590907799
          0.2904150847846375
          0.1781726755195922
          0.0230029607547806
          0.0595348649399907
          0.0446479620519506
          0.0259420291329327
          0.0021661642445610
          1.1374535119215361
          2.7636215699227988
          0.4748569656813334
          2.1010250236825954
          0.7882427648322075
          1.9551275886236870
          0.3238613861536344
          1.4907462099451143
          1.1039056472527755
          0.8452836696166752
          0.5197057964199946
          0.3997131978617452
          0.2564316886281341
          0.0422468075072033
          0.1911319041936778
          0.1475952089539291
          0.0933521353473479
          0.0124557202584380
          0.0307243322069218
          0.0238095438355540
          0.0147024913237397
          0.0013015732738055
1
          2.3560051291571309
          1.5337446546774873
          1.0073346558138838
          0.5858784567751720
          0.2745913912420510
          0.0945970150830618
          0.0074433212462948
          0.0000471040954129
          0.2188242453044177
          0.5704068591990512
          0.1038712766972842
          0.4554538905919178
          0.1337027889920848
          0.3476057627145341
          0.0642736452062960
          0.2781766189287452
          0.1484267110145989
          0.1192647233677679
          0.0453446314276014
          0.0366597924009415
          0.0266782510037981
          0.0129968722858299
          0.0084177134968818
          0.0068714962904244
          0.0050918480181822
          0.0026633352191169
          0.0002996431692228
          0.0002500862627002
          0.0001929237096558
          0.0001154234017954
          3.6640138129027271
          2.5153094079896188
          1.7097076397785376
          1.0058184343109866
          0.4520445260024274
          0.1403402012831327
          0.0092368601629895
          0.0000546246241107
          1.9690731588715438
          5.8330770048171239
          0.7208428794046552
          4.5848467253502374
          1.3912433889443028
          4.0954973179674878
          0.5048392335694036
          3.2090931625925889
          2.2827747676283865
          1.7782526793573408
          1.0565549052764909
          0.8159272415210040
          0.5180937175981282
          0.0812263829654367
          0.3805585590907798
          0.2904150847846376
          0.1781726755195922
          0.0230029607547805
          0.0595348649399907
          0.0446479620519506
          0.0259420291329327
          0.0021661642445610
          1.1374535119215365
          2.7636215699227993
          0.4748569656813333
          2.1010250236825958
          0.7882427648322075
          1.9551275886236867
          0.3238613861536344
          1.4907462099451139
          1.1039056472527755
          0.8452836696166750
          0.5197057964199946
          0.3997131978617453
          0.2564316886281341
          0.0422468075072033
          0.1911319041936778
          0.1475952089539291
          0.0933521353473479
          0.0124557202584380
          0.0307243322069218
          0.0238095438355541
          0.0147024913237397
          0.0013015732738055
   0    2 -0.179151 -0.316144  0.116047 
          0.0000000000000000          -0.0000000000000000           0.0000000000000000
          0.0000000000000000           0.0000000000000000           0.0000000000000000
         -0.0000000000000000           0.0000000000000000           0.0000000000000000
         -0.0000000000000000           0.0000000000000000           0.0000000000000000
          0.0000000000000000          -0.0000000000000000           0.0000000000000000
         -0.0000000000000000           0.0000000000000000           0.0000000000000000
         -0.0000000000000000           0.0000000000000000          -0.0000000000000000
          0.0000000000000000           0.0000000000000000           0.0000000000000000
          0.0000000000000000           0.0000000000000000          -0.0000000000000000
          0.0000000000000000          -0.0000000000000000           0.0000000000000000
          0.0000000000000000           0.0000000000000000          -0.0000000000000000
          0.0000000000000000           0.0000000000000000           0.0000000000000000
          0.0000000000000000          -0.0000000000000000          -0.0000000000000000
          0.0000000000000000          -0.0000000000000000           0.0000000000000000
         -0.0000000000000000          -0.0000000000000000           0.0000000000000000
          0.0000000000000000          -0.0000000000000000           0.0000000000000000
          0.0000000000000000          -0.0000000000000000          -0.0000000000000000
          0.0000000000000000          -0.0000000000000000          -0.0000000000000000
         -0.0000000000000000          -0.0000000000000000          -0.0000000000000000
          0.0000000000000000          -0.0000000000000000          -0.0000000000000000
         -0.0000000000000000          -0.0000000000000000          -0.0000000000000000
          0.0000000000000000          -0.0000000000000000           0.0000000000000000
          0.0000000000000000           0.0000000000000000          -0.0000000000000000
         -0.0000000000000000           0.0000000000000000          -0.0000000000000000
         -0.0000000000000000          -0.0000000000000000          -0.0000000000000000
          0.0000000000000000          -0.0000000000000000          -0.0000000000000000
          0.0000000000000000          -0.0000000000000000          -0.0000000000000000
          0.0000000000000000           0.0000000000000000          -0.0000000000000000
          0.0000000000000000          -0.0000000000000000           0.0000000000000000
         -0.0000000000000000           0.0000000000000000           0.0000000000000000
          0.1119792648410566           0.0924243625284216           0.1211450221010478
          0.0032768009217441          -0.0014095009502106          -0.0011970858916109
         -0.0758823309949073          -0.0685501422703198          -0.0930853132900064
         -0.1310463015920359          -0.1118320911334731          -0.1614310244720126
         -0.1321365807049817          -0.1049325402774925          -0.1714932115833396
         -0.0760449365648076          -0.0529542218865007          -0.1108014072058761
         -0.0091204669325674          -0.0038663373085834          -0.0190561649719503
         -0.0000706609535678           0.0000203434895262          -0.0003075067469858
         -0.1636311436539686          -0.1471837412738542          -0.2117929124485581
          0.0649208409788377           0.0408323946732933           0.0798102099768025
         -0.1163322528548997          -0.0929219274052508          -0.1417795611006388
          0.1122197317779064           0.0950942085418962           0.1498235613247220
         -0.1416930865393041          -0.1270884030034284          -0.1854062689329454
         -0.0198384010916657          -0.0274256551514002          -0.0170430710727722
         -0.0909903361047637          -0.0729252592855437          -0.1137689013566927
          0.0308643493428749           0.0267374885664847           0.0545942965034807
         -0.0842563770982061          -0.0748599891941124          -0.0910221451110304
         -0.0370929685616176          -0.0277632195056550          -0.0263374659539296
         -0.0944364960956479          -0.0753757112579530          -0.1029383025282695
         -0.0587959610645326          -0.0418695490422160          -0.0544449024998965
         -0.0172334226665071          -0.0112748162000806          -0.0090309858561266
          0.0054527298107028          -0.0100529560365917           0.0014151557063963
         -0.0661891741987349          -0.0465750180807412          -0.0711773665221321
         -0.0456614134926672          -0.0286425026109596          -0.0430114846301384
         -0.0204376693347500          -0.0111160196191676          -0.0150713372249919
          0.0020002248946097          -0.0041569062713622          -0.0005701856398858
         -0.0211073013156058          -0.0111522644939769          -0.0218291981797553
         -0.0155242403658344          -0.0069983889304447          -0.0138878492325722
         -0.0082290371190016          -0.0027877071714208          -0.0056509337186170
          0.0002213470496516          -0.0005581153763411          -0.0002469782190441
         -0.1573066486975339          -0.1386017066796824          -0.1797951463070592
          0.0585963460224021           0.0322503600791216           0.0478124438353037
         -0.1319834930112502          -0.1286993685220476          -0.1513637073172260
          0.0839195017086857           0.0421526982367564           0.0762438828251370
         -0.1433029766416533          -0.1229508651944128          -0.1636555226892936
         -0.0182285109893167          -0.0315631929604155          -0.0387938173164238
         -0.1042742996576626          -0.0995084512905519          -0.1195961640762943
          0.0208001659946742          -0.0081207790565546           0.0052655412965754
         -0.0777958143713116          -0.0774094296786189          -0.1043720475089186
         -0.0333690121704037          -0.0475327963642430          -0.0539649496739996
         -0.0881550001577955          -0.0789285941329050          -0.1119358305187128
         -0.0513459014200158          -0.0541100049491152          -0.0699953956869671
         -0.0150757467366302          -0.0264588558758733          -0.0275068743638061
         -0.0024259236493985           0.0010498993014231          -0.0010767508399017
         -0.0623752073158362          -0.0505170099447827          -0.0771934192999957
         -0.0402617464686073          -0.0365764346388565          -0.0519033759683339
         -0.0163167581249299          -0.0198783634580611          -0.0240646613444839
         -0.0007345504991478          -0.0000269034362865          -0.0011248129003985
         -0.0199609840430911          -0.0129900223033758          -0.0240545883542934
         -0.0137979024653817          -0.0098923565082522          -0.0169543812537793
         -0.0065208025414365          -0.0058355125895034          -0.0085187264144184
         -0.0000633991934169          -0.0001560677732964          -0.0003168827987732
   1
          0.0000000000000000           0.0000000000000000           0.0000000000000000
          0.0000000000000000           0.0000000000000000           0.0000000000000000
          0.0000000000000000           0.0000000000000000           0.0000000000000000
          0.0000000000000000           0.0000000000000000           0.0000000000000000
          0.0000000000000000           0.0000000000000000           0.0000000000000000
          0.0000000000000000           0.0000000000000000           0.0000000000000000
          0.0000000000000000           0.0000000000000000           0.0000000000000000
          0.0000000000000000           0.0000000000000000           0.0000000000000000
          0.0000000000000000           0.0000000000000000           0.0000000000000000
          0.0000000000000000           0.0000000000000000           0.0000000000000000
          0.0000000000000000           0.0000000000000000           0.0000000000000000
          0.0000000000000000           0.0000000000000000           0.0000000000000000
          0.0000000000000000           0.0000000000000000           0.0000000000000000
          0.0000000000000000           0.0000000000000000           0.0000000000000000
          0.0000000000000000           0.0000000000000000           0.0000000000000000
          0.0000000000000000           0.0000000000000000           0.0000000000000000
          0.0000000000000000           0.0000000000000000           0.0000000000000000
          0.0000000000000000           0.0000000000000000           0.0000000000000000
          0.0000000000000000           0.0000000000000000           0.0000000000000000
          0.0000000000000000           0.0000000000000000           0.0000000000000000
          0.0000000000000000           0.0000000000000000           0.0000000000000000
          0.0000000000000000           0.0000000000000000           0.0000000000000000
          0.0000000000000000           0.0000000000000000           0.0000000000000000
          0.0000000000000000           0.0000000000000000           0.0000000000000000
          0.0000000000000000           0.0000000000000000           0.0000000000000000
          0.0000000000000000           0.0000000000000000           0.0000000000000000
          0.0000000000000000           0.0000000000000000           0.0000000000000000
          0.0000000000000000           0.0000000000000000           0.0000000000000000
          0.0000000000000000           0.0000000000000000           0.0000000000000000
          0.0000000000000000           0.0000000000000000           0.0000000000000000
          0.1119792648410566           0.0924243625284216           0.1211450221010478
          0.0032768009217441          -0.0014095009502106          -0.0011970858916109
         -0.0758823309949073          -0.0685501422703199          -0.0930853132900064
         -0.1310463015920359          -0.1118320911334731          -0.1614310244720126
         -0.1321365807049817          -0.1049325402774925          -0.1714932115833396
         -0.0760449365648076          -0.0529542218865007          -0.1108014072058760
         -0.0091204669325674          -0.0038663373085834          -0.0190561649719503
         -0.0000706609535678           0.0000203434895262          -0.0003075067469858
          0.0365883781674216           0.0146443026527525           0.0148050409663577
         -0.2340089835176850          -0.2273469958538744          -0.2787704459098685
         -0.0332304873001378          -0.0335776042669673          -0.0583383632987748
         -0.3038278489852440          -0.2755689027735941          -0.3519138501750009
         -0.0108905216214567          -0.0245671879285015          -0.0371800677349454
         -0.3121724536404827          -0.2844609283811549          -0.3677186122764899
         -0.0307041541578080          -0.0318123349106047          -0.0557440968699052
         -0.3319860861768341          -0.2917060753632583          -0.3862826414114498
         -0.3334713836746916          -0.2875965526143281          -0.3916763847650739
         -0.3106027837967243          -0.2618836079788339          -0.3636563175397275
         -0.2702234033611364          -0.2191729542711807          -0.3174404162782311
         -0.2330023940244182          -0.1855373700679645          -0.2742145641465757
         -0.1732418380115193          -0.1399709056136315          -0.2174698732093026
         -0.0539657882987933          -0.0501667573486302          -0.0809883959700041
         -0.1616843877988649          -0.1192901739978700          -0.1897647861784394
         -0.1324245646854489          -0.0958857759881495          -0.1562059084546207
         -0.0891167278859057          -0.0650036038406562          -0.1121707059720335
         -0.0169473610621371          -0.0156288765417299          -0.0285056575623173
         -0.0456141222802305          -0.0266510721718636          -0.0533584630429942
         -0.0357411577386318          -0.0203461265574852          -0.0421030418850440
         -0.0218804396511248          -0.0122627045814674          -0.0273631546888037
         -0.0018837248836792          -0.0015608887740954          -0.0039520665917115
         -0.1573066486975338          -0.1386017066796825          -0.1797951463070588
          0.0585963460224024           0.0322503600791215           0.0478124438353031
         -0.1319834930112502          -0.1286993685220475          -0.1513637073172259
          0.0839195017086858           0.0421526982367562           0.0762438828251371
         -0.1433029766416533          -0.1229508651944127          -0.1636555226892938
         -0.0182285109893168          -0.0315631929604155          -0.0387938173164237
         -0.1042742996576626          -0.0995084512905519          -0.1195961640762943
          0.0208001659946736          -0.0081207790565546           0.0052655412965752
         -0.0777958143713118          -0.0774094296786188          -0.1043720475089186
         -0.0333690121704035          -0.0475327963642430          -0.0539649496739997
         -0.0881550001577954          -0.0789285941329051          -0.1119358305187126
         -0.0513459014200155          -0.0541100049491152          -0.0699953956869671
         -0.0150757467366301          -0.0264588558758733          -0.0275068743638060
         -0.0024259236493985           0.0010498993014231          -0.0010767508399017
         -0.0623752073158363          -0.0505170099447826          -0.0771934192999957
         -0.0402617464686073          -0.0365764346388565          -0.0519033759683339
         -0.0163167581249299          -0.0198783634580611          -0.0240646613444839
         -0.0007345504991478          -0.0000269034362865          -0.0011248129003985
         -0.0199609840430911          -0.0129900223033759          -0.0240545883542933
         -0.0137979024653818          -0.0098923565082522          -0.0169543812537793
         -0.0065208025414365          -0.0058355125895034          -0.0085187264144184
         -0.0000633991934169          -0.0001560677732964          -0.0003168827987732
   0
          0.0000000000000000           0.0000000000000000           0.0000000000000000
          0.0000000000000000          -0.0000000000000000           0.0000000000000000
          0.0000000000000000          -0.0000000000000000           0.0000000000000000
          0.0000000000000000           0.0000000000000000           0.0000000000000000
          0.0000000000000000           0.0000000000000000           0.0000000000000000
          0.0000000000000000           0.0000000000000000           0.0000000000000000
          0.0000000000000000           0.0000000000000000           0.0000000000000000
         -0.0000000000000000           0.0000000000000000          -0.0000000000000000
          0.0000000000000001          -0.0000000000000000           0.0000000000000000
         -0.0000000000000000           0.0000000000000001           0.0000000000000000
         -0.0000000000000000           0.0000000000000000          -0.0000000000000000
          0.0000000000000001          -0.0000000000000000           0.0000000000000000
          0.0000000000000000           0.0000000000000000           0.0000000000000000
         -0.0000000000000000           0.0000000000000000          -0.0000000000000000
          0.0000000000000000          -0.0000000000000000           0.0000000000000000
          0.0000000000000000           0.0000000000000000          -0.0000000000000000
          0.0000000000000000          -0.0000000000000000           0.0000000000000000
         -0.0000000000000000           0.0000000000000000          -0.0000000000000000
          0.0000000000000000           0.0000000000000000          -0.0000000000000000
         -0.0000000000000000           0.0000000000000000          -0.0000000000000000
          0.0000000000000000           0.0000000000000000          -0.0000000000000000
         -0.0000000000000000           0.0000000000000000          -0.0000000000000000
          0.0000000000000000           0.0000000000000000          -0.0000000000000000
          0.0000000000000000          -0.0000000000000000           0.0000000000000000
         -0.0000000000000000          -0.0000000000000000          -0.0000000000000000
          0.0000000000000000          -0.0000000000000000           0.0000000000000000
         -0.0000000000000000           0.0000000000000000           0.0000000000000000
          0.0000000000000000          -0.0000000000000000          -0.0000000000000000
          0.0000000000000000          -0.0000000000000000          -0.0000000000000000
         -0.0000000000000000           0.0000000000000000           0.0000000000000000
          0.0000000000000000           0.0000000000000000           0.0000000000000000
          0.0000000000000000           0.0000000000000000           0.0000000000000000
          0.0000000000000000           0.0000000000000000           0.0000000000000000
          0.0000000000000000           0.0000000000000000           0.0000000000000000
          0.0000000000000000           0.0000000000000000           0.0000000000000000
          0.0000000000000000           0.0000000000000000           0.0000000000000000
          0.0000000000000000           0.0000000000000000           0.0000000000000000
          0.0000000000000000           0.0000000000000000           0.0000000000000000
          0.2002195218213903           0.1618280439266063           0.2265979534149155
         -0.2989298244965222          -0.2681793905271673          -0.3585806558866710
          0.0831017655547620           0.0593443231382834           0.0834411978018639
         -0.4160475807631507          -0.3706631113154907          -0.5017374114997228
          0.1308025649178475           0.1025212150749266           0.1482262011980001
         -0.2923340525488172          -0.2570352732297545          -0.3506755412037177
          0.0602861819469559           0.0411129243749389           0.0580248044867875
         -0.3628504355197091          -0.3184435639297429          -0.4408769379149297
         -0.2492150065764855          -0.2127365634202157          -0.3006542396540433
         -0.2735098152351070          -0.2341203884731789          -0.3373188515857973
         -0.1757869072654887          -0.1437972430132277          -0.2145021137499615
         -0.1742064329598858          -0.1436678210257485          -0.2197696616466793
         -0.1560084153450121          -0.1286960894135509          -0.2084388873531760
         -0.0594185181094961          -0.0401138013120384          -0.0824035516764004
         -0.0954952136001300          -0.0727151559171288          -0.1185874196563073
         -0.0867631511927816          -0.0672432733771900          -0.1131944238244823
         -0.0686790585511557          -0.0538875842214886          -0.0970993687470416
         -0.0189475859567468          -0.0114719702703676          -0.0279354719224315
         -0.0245068209646247          -0.0154988076778867          -0.0315292648632388
         -0.0202169173727974          -0.0133477376270405          -0.0282151926524718
         -0.0136514025321232          -0.0094749974100466          -0.0217122209701867
         -0.0021050719333308          -0.0010027733977543          -0.0037050883726674
          0.0000000000000000           0.0000000000000000           0.0000000000000000
          0.0000000000000000           0.0000000000000000           0.0000000000000000
          0.0000000000000000           0.0000000000000000           0.0000000000000000
          0.0000000000000000           0.0000000000000000           0.0000000000000000
          0.0000000000000000           0.0000000000000000           0.0000000000000000
          0.0000000000000000           0.0000000000000000           0.0000000000000000
          0.0000000000000000           0.0000000000000000           0.0000000000000000
          0.0000000000000000           0.0000000000000000           0.0000000000000000
          0.0000000000000000           0.0000000000000000           0.0000000000000000
          0.0000000000000000           0.0000000000000000           0.0000000000000000
          0.0000000000000000           0.0000000000000000           0.0000000000000000
          0.0000000000000000           0.0000000000000000           0.0000000000000000
          0.0000000000000000           0.0000000000000000           0.0000000000000000
          0.0000000000000000           0.0000000000000000           0.0000000000000000
          0.0000000000000000           0.0000000000000000           0.0000000000000000
          0.0000000000000000           0.0000000000000000           0.0000000000000000
          0.0000000000000000           0.0000000000000000           0.0000000000000000
          0.0000000000000000           0.0000000000000000           0.0000000000000000
          0.0000000000000000           0.0000000000000000           0.0000000000000000
          0.0000000000000000           0.0000000000000000           0.0000000000000000
          0.0000000000000000           0.0000000000000000           0.0000000000000000
          0.0000000000000000           0.0000000000000000           0.0000000000000000
