1  82   2   1   2   -6.342310   0.000000
  0 
./DATA/100/00/GA/G004/M022/
0
          4.9038608633959697
          3.1787865553364534
          2.0252610482522901
          1.0806830413519006
          0.4137853410572242
          0.1003640275621425
          0.0036600355726688
          0.0000067219537084
          1.7765453262136985
          4.9949036216493230
          0.6244234852409746
          3.8427817806765985
          1.1659993561560151
          3.2800124344628325
          0.4090638243011170
          2.5230769026079356
          1.6092183892631631
          1.2373761588915246
          0.6080738937268797
          0.4672105140025065
          0.2985048265769946
          0.0392850737172188
          0.1572803378556007
          0.1206823292233502
          0.0766526024538636
          0.0096315332380487
          0.0115459289935714
          0.0088334098561314
          0.0055400718378022
          0.0006340386385839
          5.7220380772126092
          4.1407688941279854
          3.0158485707695428
          1.9704811689346780
          1.0310555047024936
          0.3861591976007778
          0.0360235634874628
          0.0003602757505001
          5.8379761957711649
         21.2905084771719579
          1.9977330755383282
         17.4502653569391448
          4.2048200662236006
         15.5944830623968809
          1.3833807976202872
         12.7730437937935548
          9.2910487286367971
          7.5965976167857301
          4.6443104603282528
          3.7853882554829097
          2.6056732714996693
          0.4833902978618302
          1.8043254304968652
          1.4637486299152931
          0.9896606248296486
          0.1553497631617259
          0.2990992861125282
          0.2407890946299969
          0.1587481672268038
          0.0190987708976985
          5.0235646806157419
          8.5406776558558217
          2.3671939622014215
          5.8843069374415062
          3.6933590792314752
          6.2062924850787695
          1.7250934744816278
          4.2380268803289223
          3.6630281867111885
          2.4689941568864797
          1.8197853741489243
          1.2101859177055820
          0.5990502604401379
          0.0601330505284971
          0.7069847361207692
          0.4647753429755363
          0.2198557651067128
          0.0153907508713658
          0.1185602466243379
          0.0773671796260890
          0.0349070836719921
          0.0012067416436679
1
          4.9038608633959697
          3.1787865553364529
          2.0252610482522906
          1.0806830413519006
          0.4137853410572241
          0.1003640275621425
          0.0036600355726688
          0.0000067219537084
          1.7765453262136985
          4.9949036216493212
          0.6244234852409746
          3.8427817806765994
          1.1659993561560156
          3.2800124344628330
          0.4090638243011172
          2.5230769026079338
          1.6092183892631629
          1.2373761588915260
          0.6080738937268795
          0.4672105140025066
          0.2985048265769946
          0.0392850737172188
          0.1572803378556007
          0.1206823292233502
          0.0766526024538636
          0.0096315332380487
          0.0115459289935714
          0.0088334098561314
          0.0055400718378022
          0.0006340386385839
          5.7220380772126056
          4.1407688941279854
          3.0158485707695437
          1.9704811689346777
          1.0310555047024934
          0.3861591976007779
          0.0360235634874628
          0.0003602757505001
          5.8379761957711667
         21.2905084771719686
          1.9977330755383278
         17.4502653569391200
          4.2048200662236024
         15.5944830623968684
          1.3833807976202874
         12.7730437937935584
          9.2910487286367953
          7.5965976167857407
          4.6443104603282572
          3.7853882554829088
          2.6056732714996711
          0.4833902978618298
          1.8043254304968666
          1.4637486299152942
          0.9896606248296486
          0.1553497631617259
          0.2990992861125286
          0.2407890946299971
          0.1587481672268038
          0.0190987708976986
          5.0235646806157437
          8.5406776558558288
          2.3671939622014206
          5.8843069374415080
          3.6933590792314730
          6.2062924850787660
          1.7250934744816280
          4.2380268803289196
          3.6630281867111898
          2.4689941568864833
          1.8197853741489236
          1.2101859177055811
          0.5990502604401376
          0.0601330505284971
          0.7069847361207696
          0.4647753429755362
          0.2198557651067126
          0.0153907508713658
          0.1185602466243379
          0.0773671796260890
          0.0349070836719921
          0.0012067416436679
   0    2  0.337991  0.501929  0.113762 
          0.0000000000000000           0.0000000000000000           0.0000000000000000
         -0.0000000000000000           0.0000000000000000          -0.0000000000000001
          0.0000000000000000          -0.0000000000000001           0.0000000000000001
         -0.0000000000000000           0.0000000000000000           0.0000000000000000
          0.0000000000000000           0.0000000000000001           0.0000000000000000
         -0.0000000000000000           0.0000000000000000           0.0000000000000000
          0.0000000000000000          -0.0000000000000000          -0.0000000000000000
          0.0000000000000000           0.0000000000000000           0.0000000000000000
         -0.0000000000000000           0.0000000000000000          -0.0000000000000003
         -0.0000000000000002          -0.0000000000000002          -0.0000000000000004
          0.0000000000000000           0.0000000000000000          -0.0000000000000001
          0.0000000000000001           0.0000000000000001          -0.0000000000000003
          0.0000000000000000           0.0000000000000000          -0.0000000000000001
          0.0000000000000000          -0.0000000000000000           0.0000000000000004
          0.0000000000000000           0.0000000000000000           0.0000000000000000
         -0.0000000000000000          -0.0000000000000000           0.0000000000000001
         -0.0000000000000001           0.0000000000000001           0.0000000000000001
         -0.0000000000000000          -0.0000000000000000           0.0000000000000000
         -0.0000000000000000           0.0000000000000000          -0.0000000000000001
         -0.0000000000000000          -0.0000000000000000          -0.0000000000000000
         -0.0000000000000000          -0.0000000000000000          -0.0000000000000000
          0.0000000000000000          -0.0000000000000000          -0.0000000000000000
          0.0000000000000000          -0.0000000000000000           0.0000000000000000
          0.0000000000000000           0.0000000000000000          -0.0000000000000000
          0.0000000000000000          -0.0000000000000000           0.0000000000000000
         -0.0000000000000000          -0.0000000000000000          -0.0000000000000000
          0.0000000000000000          -0.0000000000000000          -0.0000000000000000
         -0.0000000000000000          -0.0000000000000000          -0.0000000000000000
          0.0000000000000000           0.0000000000000000          -0.0000000000000000
         -0.0000000000000000          -0.0000000000000000           0.0000000000000000
         -0.0455314258433815          -0.0442580634583537          -0.0415533375158832
         -0.0124175616327375          -0.0209251361342499          -0.0136562155913574
         -0.0030385474268457          -0.0057903374373349          -0.0030113800575040
         -0.0080999753224517          -0.0058362488325553          -0.0077967257955432
         -0.0197758158298851          -0.0247161952785674          -0.0223839703869499
         -0.0213227716836178          -0.0352558862605319          -0.0236254915590774
         -0.0071662349503560          -0.0112948395684274          -0.0044321240741449
         -0.0003281844276826          -0.0002759408403175           0.0000350066903768
         -0.0150040297712391          -0.0239923223237103          -0.0168279782231862
         -0.0388903088398555          -0.1035592019117269          -0.0519843122206010
         -0.0029314560648654           0.0092394058509879          -0.0034492593020022
         -0.0268177351334815          -0.0703274737370286          -0.0386055932994188
         -0.0151608094548954          -0.0242335975213293          -0.0164521546814628
         -0.0063283201627544          -0.0401607037666391          -0.0114820355733877
         -0.0049733738929401           0.0004438338078557          -0.0051748330591567
          0.0038591153992015          -0.0154832724374539          -0.0002047139510839
          0.0085694686329496           0.0121120720624022           0.0120818968381926
          0.0179845574914001           0.0291467528721651           0.0224285898268783
          0.0026276522076377           0.0264088932183388           0.0083315947559948
          0.0114862144220700           0.0388387556247792           0.0181780744143636
          0.0158333050358173           0.0302453706858695           0.0231138015800046
         -0.0110927368981167          -0.0326216137674285          -0.0134277753981928
         -0.0063846214864657           0.0151920005145418          -0.0046785137741239
          0.0004867332087140           0.0239186467743070           0.0032738129485464
          0.0058410032088785           0.0222110324645978           0.0098823272213237
         -0.0037995993408163          -0.0106768378958003          -0.0034452182344554
         -0.0056514075625292           0.0000457709583297          -0.0082012061138973
         -0.0029831601990425           0.0035543334281305          -0.0047471150302666
         -0.0003085272727683           0.0051084078287499          -0.0008362636440589
         -0.0005408750436589          -0.0008728842273006          -0.0001551614204645
         -0.0257252562733802          -0.0245327818817955          -0.0246272996065174
         -0.0281690823377147          -0.1030187423536409          -0.0441849908372711
         -0.0373286748285443          -0.0480706725577034          -0.0384886954194453
         -0.0397725008928797          -0.1265566330295488          -0.0580463866501993
         -0.0259746711929281          -0.0192438513834148          -0.0250568265830611
          0.0044855415752779          -0.0451504499045538          -0.0028773636717887
         -0.0351509819363568          -0.0437527354099258          -0.0366740995618779
         -0.0046907691681507          -0.0696593339310644          -0.0144946366506056
          0.0193976359426632           0.0047679948007250           0.0226248346211359
          0.0160709685763716          -0.0143706324226970           0.0176742757094795
          0.0120347382461925           0.0211373670857095           0.0196807186192771
          0.0144787923245602           0.0119206323448169           0.0222164062896930
          0.0097799872651966          -0.0078466565792903           0.0137717356231081
         -0.0049889358872697          -0.0070630044059541          -0.0093710597618114
         -0.0003837202744628           0.0134254972139197           0.0043963085772848
          0.0043533680716798           0.0127654531484081           0.0107146663858169
          0.0056327301105653           0.0041809088651677           0.0108438169699136
         -0.0011772202864428          -0.0029228822239768          -0.0024131462826744
         -0.0041884386341805           0.0004429302504166          -0.0047562241264222
         -0.0017350195424637           0.0025334748939360          -0.0007829619141425
          0.0002431834524320           0.0022693795520585           0.0018865718672637
         -0.0000206053770440          -0.0003687100991087          -0.0000548851908523
   1
          0.0000000000000000           0.0000000000000000           0.0000000000000000
          0.0000000000000000           0.0000000000000000           0.0000000000000000
          0.0000000000000000           0.0000000000000000           0.0000000000000000
          0.0000000000000000           0.0000000000000000           0.0000000000000000
          0.0000000000000000           0.0000000000000000           0.0000000000000000
          0.0000000000000000           0.0000000000000000           0.0000000000000000
          0.0000000000000000           0.0000000000000000           0.0000000000000000
          0.0000000000000000           0.0000000000000000           0.0000000000000000
          0.0000000000000000           0.0000000000000000           0.0000000000000000
          0.0000000000000000           0.0000000000000000           0.0000000000000000
          0.0000000000000000           0.0000000000000000           0.0000000000000000
          0.0000000000000000           0.0000000000000000           0.0000000000000000
          0.0000000000000000           0.0000000000000000           0.0000000000000000
          0.0000000000000000           0.0000000000000000           0.0000000000000000
          0.0000000000000000           0.0000000000000000           0.0000000000000000
          0.0000000000000000           0.0000000000000000           0.0000000000000000
          0.0000000000000000           0.0000000000000000           0.0000000000000000
          0.0000000000000000           0.0000000000000000           0.0000000000000000
          0.0000000000000000           0.0000000000000000           0.0000000000000000
          0.0000000000000000           0.0000000000000000           0.0000000000000000
          0.0000000000000000           0.0000000000000000           0.0000000000000000
          0.0000000000000000           0.0000000000000000           0.0000000000000000
          0.0000000000000000           0.0000000000000000           0.0000000000000000
          0.0000000000000000           0.0000000000000000           0.0000000000000000
          0.0000000000000000           0.0000000000000000           0.0000000000000000
          0.0000000000000000           0.0000000000000000           0.0000000000000000
          0.0000000000000000           0.0000000000000000           0.0000000000000000
          0.0000000000000000           0.0000000000000000           0.0000000000000000
          0.0000000000000000           0.0000000000000000           0.0000000000000000
          0.0000000000000000           0.0000000000000000           0.0000000000000000
         -0.0455314258433816          -0.0442580634583538          -0.0415533375158830
         -0.0124175616327374          -0.0209251361342496          -0.0136562155913574
         -0.0030385474268458          -0.0057903374373349          -0.0030113800575042
         -0.0080999753224519          -0.0058362488325552          -0.0077967257955431
         -0.0197758158298850          -0.0247161952785674          -0.0223839703869501
         -0.0213227716836178          -0.0352558862605319          -0.0236254915590773
         -0.0071662349503560          -0.0112948395684274          -0.0044321240741449
         -0.0003281844276826          -0.0002759408403175           0.0000350066903768
         -0.0578609977664539          -0.1403876873383552          -0.0776508203075082
         -0.0499276794557339          -0.1147153611325158          -0.0599737605800679
         -0.0786611277114599          -0.1211530650217254          -0.0979885019404278
         -0.0707278094007414          -0.0954807388158883          -0.0803114422129894
         -0.0216753994387162          -0.0859471531002602          -0.0337371070976078
         -0.0213028597965834          -0.0428414494756764          -0.0221312734120926
         -0.0476464046433493          -0.0930657272418346          -0.0636970231188485
         -0.0472738650012167          -0.0499600236172516          -0.0520911894333320
         -0.0168050688364274           0.0050472225599646          -0.0100839590327797
         -0.0384774882423611          -0.0194976638912134          -0.0389305933127506
         -0.0299363192206623           0.0068131561508625          -0.0248156760529618
         -0.0403943055710883          -0.0164396371106890          -0.0416416772750192
         -0.0543514602742063          -0.0704551973167462          -0.0624520445767995
         -0.0482776245982510          -0.0894330087150144          -0.0427388934373330
         -0.0348327453949293          -0.0101203354844711          -0.0374613824404248
         -0.0356479836731563          -0.0218575331153105          -0.0411608924453676
         -0.0350606717181621          -0.0433010340283643          -0.0415294777668907
         -0.0209263864884872          -0.0363050560318725          -0.0149163036965075
         -0.0169164338908996          -0.0137065594858196          -0.0238469564189671
         -0.0148586595264320          -0.0146019073420389          -0.0214040490645365
         -0.0115596137544510          -0.0154813856200230          -0.0162209193387229
         -0.0041681780183127          -0.0061897596785687          -0.0020955043916192
         -0.0257252562733788          -0.0245327818817965          -0.0246272996065177
         -0.0281690823377145          -0.1030187423536424          -0.0441849908372707
         -0.0373286748285445          -0.0480706725577030          -0.0384886954194438
         -0.0397725008928797          -0.1265566330295498          -0.0580463866502019
         -0.0259746711929284          -0.0192438513834148          -0.0250568265830623
          0.0044855415752778          -0.0451504499045540          -0.0028773636717843
         -0.0351509819363567          -0.0437527354099261          -0.0366740995618768
         -0.0046907691681510          -0.0696593339310645          -0.0144946366506082
          0.0193976359426632           0.0047679948007245           0.0226248346211341
          0.0160709685763720          -0.0143706324226969           0.0176742757094788
          0.0120347382461923           0.0211373670857098           0.0196807186192764
          0.0144787923245601           0.0119206323448173           0.0222164062896937
          0.0097799872651966          -0.0078466565792901           0.0137717356231078
         -0.0049889358872697          -0.0070630044059540          -0.0093710597618114
         -0.0003837202744627           0.0134254972139198           0.0043963085772848
          0.0043533680716798           0.0127654531484082           0.0107146663858166
          0.0056327301105652           0.0041809088651677           0.0108438169699136
         -0.0011772202864428          -0.0029228822239768          -0.0024131462826744
         -0.0041884386341805           0.0004429302504166          -0.0047562241264222
         -0.0017350195424637           0.0025334748939359          -0.0007829619141425
          0.0002431834524320           0.0022693795520585           0.0018865718672638
         -0.0000206053770440          -0.0003687100991087          -0.0000548851908523
   0
         -0.0000000000000000           0.0000000000000000          -0.0000000000000000
          0.0000000000000000           0.0000000000000000           0.0000000000000001
         -0.0000000000000000           0.0000000000000001          -0.0000000000000001
          0.0000000000000000          -0.0000000000000000          -0.0000000000000000
         -0.0000000000000000          -0.0000000000000001          -0.0000000000000000
          0.0000000000000000           0.0000000000000000          -0.0000000000000000
          0.0000000000000000           0.0000000000000000           0.0000000000000000
         -0.0000000000000000           0.0000000000000000           0.0000000000000000
          0.0000000000000001          -0.0000000000000002           0.0000000000000003
          0.0000000000000001           0.0000000000000000          -0.0000000000000018
          0.0000000000000000           0.0000000000000001           0.0000000000000001
         -0.0000000000000002          -0.0000000000000002           0.0000000000000024
         -0.0000000000000001          -0.0000000000000000          -0.0000000000000003
          0.0000000000000002           0.0000000000000002           0.0000000000000005
         -0.0000000000000000          -0.0000000000000000           0.0000000000000000
         -0.0000000000000000          -0.0000000000000002          -0.0000000000000002
          0.0000000000000000          -0.0000000000000003          -0.0000000000000001
          0.0000000000000001           0.0000000000000000          -0.0000000000000001
         -0.0000000000000000          -0.0000000000000000          -0.0000000000000001
          0.0000000000000000           0.0000000000000001           0.0000000000000002
         -0.0000000000000000          -0.0000000000000000           0.0000000000000000
          0.0000000000000000          -0.0000000000000000          -0.0000000000000000
         -0.0000000000000000          -0.0000000000000000           0.0000000000000001
          0.0000000000000000           0.0000000000000000           0.0000000000000000
         -0.0000000000000000           0.0000000000000000           0.0000000000000000
         -0.0000000000000000          -0.0000000000000000           0.0000000000000000
         -0.0000000000000000          -0.0000000000000000          -0.0000000000000000
         -0.0000000000000000           0.0000000000000000           0.0000000000000000
          0.0000000000000000          -0.0000000000000000          -0.0000000000000000
          0.0000000000000000          -0.0000000000000000           0.0000000000000000
          0.0000000000000000           0.0000000000000000           0.0000000000000000
          0.0000000000000000           0.0000000000000000           0.0000000000000000
          0.0000000000000000           0.0000000000000000           0.0000000000000000
          0.0000000000000000           0.0000000000000000           0.0000000000000000
          0.0000000000000000           0.0000000000000000           0.0000000000000000
          0.0000000000000000           0.0000000000000000           0.0000000000000000
          0.0000000000000000           0.0000000000000000           0.0000000000000000
          0.0000000000000000           0.0000000000000000           0.0000000000000000
         -0.0428569679952148          -0.1163953650146446          -0.0608228420843198
         -0.0110373706158806          -0.0111561592207916          -0.0079894483594763
         -0.0757296716465945          -0.1303924708727129          -0.0945392426384253
         -0.0439100742672594          -0.0251532650788598          -0.0417058489135736
         -0.0065145899838211          -0.0617135555789309          -0.0172849524161453
         -0.0149745396338297          -0.0026807457090377          -0.0106492378387016
         -0.0426730307504094          -0.0935095610496900          -0.0585221900596920
         -0.0511329804004170          -0.0344767511797981          -0.0518864754822479
         -0.0253745374693761          -0.0070648495024389          -0.0221658558709740
         -0.0564620457337616          -0.0486444167633793          -0.0613591831396284
         -0.0325639714283002          -0.0195957370674760          -0.0331472708089583
         -0.0518805199931579          -0.0552783927354683          -0.0598197516893840
         -0.0701847653100237          -0.1007005680026155          -0.0855658461568039
         -0.0371848877001343          -0.0568113949475861          -0.0293111180391404
         -0.0284481239084635          -0.0253123359990127          -0.0327828686663012
         -0.0361347168818705          -0.0457761798896177          -0.0444347053939145
         -0.0409016749270406          -0.0655120664929622          -0.0514118049882143
         -0.0171267871476709          -0.0256282181360722          -0.0114710854620522
         -0.0112650263283703          -0.0137523304441492          -0.0156457503050699
         -0.0118754993273895          -0.0181562407701694          -0.0166569340342698
         -0.0112510864816826          -0.0205897934487729          -0.0153846556946639
         -0.0036273029746538          -0.0053168754512681          -0.0019403429711546
          0.0000000000000000           0.0000000000000000           0.0000000000000000
          0.0000000000000000           0.0000000000000000           0.0000000000000000
          0.0000000000000000           0.0000000000000000           0.0000000000000000
          0.0000000000000000           0.0000000000000000           0.0000000000000000
          0.0000000000000000           0.0000000000000000           0.0000000000000000
          0.0000000000000000           0.0000000000000000           0.0000000000000000
          0.0000000000000000           0.0000000000000000           0.0000000000000000
          0.0000000000000000           0.0000000000000000           0.0000000000000000
          0.0000000000000000           0.0000000000000000           0.0000000000000000
          0.0000000000000000           0.0000000000000000           0.0000000000000000
          0.0000000000000000           0.0000000000000000           0.0000000000000000
          0.0000000000000000           0.0000000000000000           0.0000000000000000
          0.0000000000000000           0.0000000000000000           0.0000000000000000
          0.0000000000000000           0.0000000000000000           0.0000000000000000
          0.0000000000000000           0.0000000000000000           0.0000000000000000
          0.0000000000000000           0.0000000000000000           0.0000000000000000
          0.0000000000000000           0.0000000000000000           0.0000000000000000
          0.0000000000000000           0.0000000000000000           0.0000000000000000
          0.0000000000000000           0.0000000000000000           0.0000000000000000
          0.0000000000000000           0.0000000000000000           0.0000000000000000
          0.0000000000000000           0.0000000000000000           0.0000000000000000
          0.0000000000000000           0.0000000000000000           0.0000000000000000
