1  82   2   1   2   -5.895929   0.000000
  0 
./DATA/100/00/GA/G016/M025/
0
          4.9388715611757963
          3.4019475119758975
          2.3539656855211031
          1.4453283675088053
          0.7103721296676409
          0.2576646899998396
          0.0246254022390024
          0.0002582176937064
          2.2603772059172758
          6.1265035832134975
          0.9499039729303321
          4.8160303502265513
          1.6295926949686581
          4.4272879104574248
          0.6785722176697581
          3.4762674331585219
          2.5881257178613728
          2.0279170960204951
          1.2649176695932294
          0.9883403484077398
          0.6663259291587663
          0.1386313872926684
          0.4748821042887534
          0.3698304010191203
          0.2474193594865548
          0.0459933091966752
          0.0713603482863960
          0.0553544170348923
          0.0366903277682079
          0.0059095570585981
          6.3342494158704259
          4.4105012280530493
          3.0580006060738660
          1.8648006787609768
          0.8995109212719408
          0.3168831606734178
          0.0287383592775625
          0.0002935953159772
          8.3441521836671022
         22.7866657641911665
          3.3148803781797103
         17.7573939587037479
          6.0558662081067087
         16.5025165819834001
          2.3819534094396473
         12.8286037833163391
          9.6802771956935949
          7.4925236652859830
          4.7848299794654983
          3.6811885076114157
          2.3646388428027643
          0.4345555032468313
          1.8722356627943717
          1.4291099570026400
          0.8929300379635851
          0.1366873633934344
          0.3376523757471606
          0.2547797640517135
          0.1522135750448887
          0.0158055885952419
          4.1243825497227951
         11.4410264242063242
          1.6746621279904694
          8.9913060024739817
          2.9563424274742052
          8.3228489675708435
          1.1768272314244153
          6.5433337715210627
          4.9142010145821819
          3.8628046756351018
          2.4460690056594951
          1.9197769496912560
          1.2598385145701414
          0.2145023627589920
          0.9633189848336158
          0.7533665674959358
          0.4851388133532316
          0.0708081749618961
          0.1746143570788392
          0.1355157283855054
          0.0843720833744304
          0.0089260631230020
1
          4.9388715611757963
          3.4019475119758980
          2.3539656855211031
          1.4453283675088051
          0.7103721296676410
          0.2576646899998397
          0.0246254022390024
          0.0002582176937064
          2.2603772059172753
          6.1265035832134993
          0.9499039729303320
          4.8160303502265513
          1.6295926949686583
          4.4272879104574265
          0.6785722176697577
          3.4762674331585224
          2.5881257178613724
          2.0279170960204955
          1.2649176695932303
          0.9883403484077397
          0.6663259291587673
          0.1386313872926684
          0.4748821042887534
          0.3698304010191203
          0.2474193594865548
          0.0459933091966752
          0.0713603482863960
          0.0553544170348923
          0.0366903277682079
          0.0059095570585981
          6.3342494158704277
          4.4105012280530485
          3.0580006060738665
          1.8648006787609765
          0.8995109212719411
          0.3168831606734177
          0.0287383592775625
          0.0002935953159772
          8.3441521836670951
         22.7866657641911345
          3.3148803781797094
         17.7573939587037621
          6.0558662081067123
         16.5025165819834108
          2.3819534094396442
         12.8286037833163498
          9.6802771956936020
          7.4925236652859892
          4.7848299794654965
          3.6811885076114161
          2.3646388428027620
          0.4345555032468312
          1.8722356627943721
          1.4291099570026393
          0.8929300379635847
          0.1366873633934341
          0.3376523757471604
          0.2547797640517134
          0.1522135750448887
          0.0158055885952419
          4.1243825497227959
         11.4410264242063313
          1.6746621279904708
          8.9913060024739995
          2.9563424274742074
          8.3228489675708435
          1.1768272314244155
          6.5433337715210556
          4.9142010145821891
          3.8628046756351044
          2.4460690056594956
          1.9197769496912584
          1.2598385145701401
          0.2145023627589918
          0.9633189848336163
          0.7533665674959353
          0.4851388133532319
          0.0708081749618962
          0.1746143570788390
          0.1355157283855054
          0.0843720833744303
          0.0089260631230020
   0    2 -0.410295  0.088874  0.771031 
         -0.0000000000000002          -0.0000000000000001          -0.0000000000000001
          0.0000000000000000          -0.0000000000000001          -0.0000000000000001
          0.0000000000000000           0.0000000000000001           0.0000000000000000
         -0.0000000000000001          -0.0000000000000001          -0.0000000000000000
          0.0000000000000000           0.0000000000000000           0.0000000000000000
          0.0000000000000000          -0.0000000000000000          -0.0000000000000000
         -0.0000000000000000           0.0000000000000000          -0.0000000000000000
          0.0000000000000000          -0.0000000000000000           0.0000000000000000
         -0.0000000000000001          -0.0000000000000000           0.0000000000000001
         -0.0000000000000001           0.0000000000000001           0.0000000000000003
          0.0000000000000000           0.0000000000000000          -0.0000000000000000
          0.0000000000000002           0.0000000000000000          -0.0000000000000001
         -0.0000000000000000          -0.0000000000000001          -0.0000000000000001
         -0.0000000000000004           0.0000000000000002           0.0000000000000005
         -0.0000000000000000           0.0000000000000001           0.0000000000000000
         -0.0000000000000002          -0.0000000000000002           0.0000000000000005
         -0.0000000000000000          -0.0000000000000001          -0.0000000000000003
          0.0000000000000000          -0.0000000000000001           0.0000000000000002
          0.0000000000000002          -0.0000000000000001           0.0000000000000001
          0.0000000000000003          -0.0000000000000000           0.0000000000000002
         -0.0000000000000000           0.0000000000000000          -0.0000000000000001
         -0.0000000000000000          -0.0000000000000000          -0.0000000000000000
          0.0000000000000001           0.0000000000000000          -0.0000000000000000
          0.0000000000000000           0.0000000000000000           0.0000000000000000
         -0.0000000000000000           0.0000000000000000           0.0000000000000000
          0.0000000000000000          -0.0000000000000000           0.0000000000000000
         -0.0000000000000000          -0.0000000000000000          -0.0000000000000000
          0.0000000000000000           0.0000000000000000           0.0000000000000000
          0.0000000000000000          -0.0000000000000000           0.0000000000000000
          0.0000000000000000          -0.0000000000000000          -0.0000000000000000
         -0.0501290628452322           0.0485699875460888           0.0168610435148986
          0.0035431179646120          -0.0005194075003540          -0.0177955184918674
          0.0596115059965592          -0.0324845806152882          -0.0469931748958190
          0.1151344203228570          -0.0616369908330875          -0.0814770457461073
          0.1377903638785995          -0.0763607894392560          -0.1089942368281501
          0.0963781361927977          -0.0533490449157703          -0.0924610824472410
          0.0154480032937415          -0.0059723115335054          -0.0211919150717920
          0.0001118507522205           0.0000926764725692          -0.0003957880905447
          0.2395437160762226          -0.1396228600656639          -0.2190191110948637
          0.0116404115153576          -0.0115108790180650          -0.0689787452021039
          0.2047218242387011          -0.1187482676091809          -0.1495879948981845
         -0.0231814803221681           0.0093637134384192           0.0004523709945804
          0.2124623615093339          -0.1252637730746371          -0.1977921081999278
          0.1416276287954962          -0.0772641972304953          -0.1141206748032059
          0.1513963841891656          -0.0926879617512685          -0.1222587893196566
          0.0805616514753286          -0.0446883859071278          -0.0385873559229341
          0.2567722977901348          -0.1298852437390070          -0.1493223360346158
          0.1748619111364282          -0.0882590815334712          -0.0715660341740460
          0.2850681785265681          -0.1417572950134805          -0.1516175249273845
          0.2025136732794669          -0.1001526782431599          -0.0811932180905112
          0.0530572122166597          -0.0335389673039127          -0.0080997295214172
         -0.0533541653154443           0.0217803155409361          -0.0072672988643236
          0.2253760360763741          -0.1148937407216753          -0.1199175618914062
          0.1622065539557408          -0.0828590856669954          -0.0677510708318234
          0.0636834792578031          -0.0359278034699328          -0.0146929078005662
         -0.0154003330838793           0.0067468933860406          -0.0070736772797605
          0.0931758889770318          -0.0501528167600208          -0.0529764391732859
          0.0670816778464343          -0.0370795669545324          -0.0314737523822475
          0.0308408084136324          -0.0186331759401070          -0.0091409131075976
         -0.0013099152833789           0.0007963846273459          -0.0014486563861665
          0.4038502069357279          -0.2150756791708255          -0.2629708268399800
         -0.1526660793441474           0.0639419400870990          -0.0250270294569815
          0.2078999572497085          -0.1310906310636347          -0.1700747200031168
         -0.3486163290301686           0.1479269881942898           0.0678690773798817
          0.3870225328556543          -0.2050717349041399          -0.2468503889756515
         -0.0329325425508208           0.0025437645990087          -0.0650623940274812
          0.1918220348816075          -0.1187945161972174          -0.1518576034564427
         -0.2281330405248679           0.0888209833059317           0.0299303914917284
          0.0926492425392175          -0.0542090472836295          -0.1033169722484556
         -0.0855938444122519           0.0277942264571779          -0.0122860922672258
          0.1585763132153356          -0.0822138675226584          -0.1188762436695090
          0.0168340076891509          -0.0140398983670226          -0.0416200653724363
         -0.0681927111455022           0.0277855597218184           0.0096072580366427
          0.0405296580348854          -0.0230252610138056          -0.0222574637195179
          0.1518069570175229          -0.0791208935916605          -0.1044784145050031
          0.0600916443389858          -0.0330384428754204          -0.0505380929796631
         -0.0123968571716923           0.0043515407757958          -0.0060131835575241
          0.0112181831266014          -0.0057098705158000          -0.0076652046565811
          0.0741881601038099          -0.0401646435275432          -0.0514967122980179
          0.0419447358418447          -0.0235179778961690          -0.0306446889568651
          0.0102383606626865          -0.0065894103355968          -0.0098092440708438
          0.0000415759137868           0.0003767801119439          -0.0005749075868466
   1
          0.0000000000000000           0.0000000000000000           0.0000000000000000
          0.0000000000000000           0.0000000000000000           0.0000000000000000
          0.0000000000000000           0.0000000000000000           0.0000000000000000
          0.0000000000000000           0.0000000000000000           0.0000000000000000
          0.0000000000000000           0.0000000000000000           0.0000000000000000
          0.0000000000000000           0.0000000000000000           0.0000000000000000
          0.0000000000000000           0.0000000000000000           0.0000000000000000
          0.0000000000000000           0.0000000000000000           0.0000000000000000
          0.0000000000000000           0.0000000000000000           0.0000000000000000
          0.0000000000000000           0.0000000000000000           0.0000000000000000
          0.0000000000000000           0.0000000000000000           0.0000000000000000
          0.0000000000000000           0.0000000000000000           0.0000000000000000
          0.0000000000000000           0.0000000000000000           0.0000000000000000
          0.0000000000000000           0.0000000000000000           0.0000000000000000
          0.0000000000000000           0.0000000000000000           0.0000000000000000
          0.0000000000000000           0.0000000000000000           0.0000000000000000
          0.0000000000000000           0.0000000000000000           0.0000000000000000
          0.0000000000000000           0.0000000000000000           0.0000000000000000
          0.0000000000000000           0.0000000000000000           0.0000000000000000
          0.0000000000000000           0.0000000000000000           0.0000000000000000
          0.0000000000000000           0.0000000000000000           0.0000000000000000
          0.0000000000000000           0.0000000000000000           0.0000000000000000
          0.0000000000000000           0.0000000000000000           0.0000000000000000
          0.0000000000000000           0.0000000000000000           0.0000000000000000
          0.0000000000000000           0.0000000000000000           0.0000000000000000
          0.0000000000000000           0.0000000000000000           0.0000000000000000
          0.0000000000000000           0.0000000000000000           0.0000000000000000
          0.0000000000000000           0.0000000000000000           0.0000000000000000
          0.0000000000000000           0.0000000000000000           0.0000000000000000
          0.0000000000000000           0.0000000000000000           0.0000000000000000
         -0.0501290628452321           0.0485699875460888           0.0168610435148984
          0.0035431179646121          -0.0005194075003540          -0.0177955184918675
          0.0596115059965592          -0.0324845806152882          -0.0469931748958190
          0.1151344203228569          -0.0616369908330875          -0.0814770457461072
          0.1377903638785995          -0.0763607894392560          -0.1089942368281501
          0.0963781361927977          -0.0533490449157704          -0.0924610824472410
          0.0154480032937415          -0.0059723115335054          -0.0211919150717920
          0.0001118507522205           0.0000926764725692          -0.0003957880905447
         -0.1296438496602700           0.0441898158915180          -0.0652110132408794
          0.6320121048434306          -0.3464572940589691          -0.5107846993530498
          0.0899189450957967          -0.0654158298646610          -0.1599568034371145
          0.8515748995994981          -0.4560629398151487          -0.6055304895492815
         -0.0611096982555803           0.0091710849095321          -0.0760238591432939
          0.7692896788652459          -0.4142270255197922          -0.5478017068629728
          0.0560813960692239          -0.0528485995463616          -0.1311737033646626
          0.8864807731900500          -0.4762467099756864          -0.6029515510843394
          0.8409911098494602          -0.4424420939775766          -0.5482466777607243
          0.8479319742043357          -0.4520312263153545          -0.5558414178720802
          0.7593176105089210          -0.3963480404749300          -0.4808740518506436
          0.6998476883902552          -0.3709026971510686          -0.4535662340233483
          0.5204053000060378          -0.2907456847974501          -0.3999205308302257
          0.0536004018087003          -0.0459410532774618          -0.1368258460027400
          0.5400880929034303          -0.2845839608367295          -0.3462715835921228
          0.4670760218966834          -0.2481234477443397          -0.3063784609558735
          0.3195944792136949          -0.1738873772022796          -0.2401603072904905
          0.0204032207549169          -0.0159996632434720          -0.0569829909571662
          0.2087590957118158          -0.1111366709813968          -0.1400755268836142
          0.1704151897681330          -0.0903395369092909          -0.1158332251624928
          0.1075947416458401          -0.0562892189285466          -0.0792220864942575
          0.0039356377886765          -0.0019784599836021          -0.0101027836548828
          0.4038502069357287          -0.2150756791708262          -0.2629708268399809
         -0.1526660793441482           0.0639419400870996          -0.0250270294569820
          0.2078999572497074          -0.1310906310636348          -0.1700747200031164
         -0.3486163290301679           0.1479269881942893           0.0678690773798848
          0.3870225328556539          -0.2050717349041401          -0.2468503889756524
         -0.0329325425508227           0.0025437645990093          -0.0650623940274857
          0.1918220348816078          -0.1187945161972170          -0.1518576034564416
         -0.2281330405248669           0.0888209833059315           0.0299303914917231
          0.0926492425392166          -0.0542090472836294          -0.1033169722484526
         -0.0855938444122515           0.0277942264571777          -0.0122860922672246
          0.1585763132153349          -0.0822138675226584          -0.1188762436695081
          0.0168340076891504          -0.0140398983670227          -0.0416200653724355
         -0.0681927111455023           0.0277855597218184           0.0096072580366433
          0.0405296580348855          -0.0230252610138056          -0.0222574637195181
          0.1518069570175233          -0.0791208935916605          -0.1044784145050025
          0.0600916443389861          -0.0330384428754204          -0.0505380929796628
         -0.0123968571716923           0.0043515407757958          -0.0060131835575241
          0.0112181831266014          -0.0057098705158000          -0.0076652046565812
          0.0741881601038101          -0.0401646435275433          -0.0514967122980179
          0.0419447358418446          -0.0235179778961690          -0.0306446889568651
          0.0102383606626865          -0.0065894103355968          -0.0098092440708439
          0.0000415759137868           0.0003767801119439          -0.0005749075868466
   0
          0.0000000000000002           0.0000000000000001           0.0000000000000001
         -0.0000000000000000           0.0000000000000001           0.0000000000000001
         -0.0000000000000000          -0.0000000000000001           0.0000000000000000
          0.0000000000000001           0.0000000000000001           0.0000000000000000
         -0.0000000000000000           0.0000000000000000           0.0000000000000000
          0.0000000000000000           0.0000000000000000           0.0000000000000000
          0.0000000000000000          -0.0000000000000000           0.0000000000000000
         -0.0000000000000000           0.0000000000000000           0.0000000000000000
         -0.0000000000000009           0.0000000000000007          -0.0000000000000003
          0.0000000000000004           0.0000000000000002          -0.0000000000000012
         -0.0000000000000005           0.0000000000000004          -0.0000000000000001
          0.0000000000000012          -0.0000000000000010          -0.0000000000000013
         -0.0000000000000003          -0.0000000000000001          -0.0000000000000000
         -0.0000000000000012          -0.0000000000000014           0.0000000000000003
          0.0000000000000002           0.0000000000000001          -0.0000000000000001
          0.0000000000000006           0.0000000000000002           0.0000000000000002
          0.0000000000000001           0.0000000000000004           0.0000000000000011
          0.0000000000000002           0.0000000000000000           0.0000000000000006
         -0.0000000000000004          -0.0000000000000001           0.0000000000000002
         -0.0000000000000004          -0.0000000000000001           0.0000000000000004
         -0.0000000000000003           0.0000000000000001          -0.0000000000000001
          0.0000000000000000          -0.0000000000000000          -0.0000000000000001
         -0.0000000000000006          -0.0000000000000003          -0.0000000000000001
         -0.0000000000000001           0.0000000000000000          -0.0000000000000004
         -0.0000000000000000          -0.0000000000000000          -0.0000000000000001
         -0.0000000000000000          -0.0000000000000000           0.0000000000000000
          0.0000000000000000          -0.0000000000000000           0.0000000000000000
         -0.0000000000000000          -0.0000000000000000          -0.0000000000000000
         -0.0000000000000000           0.0000000000000000           0.0000000000000000
          0.0000000000000000           0.0000000000000000          -0.0000000000000000
          0.0000000000000000           0.0000000000000000           0.0000000000000000
          0.0000000000000000           0.0000000000000000           0.0000000000000000
          0.0000000000000000           0.0000000000000000           0.0000000000000000
          0.0000000000000000           0.0000000000000000           0.0000000000000000
          0.0000000000000000           0.0000000000000000           0.0000000000000000
          0.0000000000000000           0.0000000000000000           0.0000000000000000
          0.0000000000000000           0.0000000000000000           0.0000000000000000
          0.0000000000000000           0.0000000000000000           0.0000000000000000
         -0.3691875657364933           0.1838126759571808           0.1538080978539863
          0.6203716933280723          -0.3349464150409096          -0.4418059541509438
         -0.1148028791429020           0.0533324377445205          -0.0103688085389305
          0.8747563799216627          -0.4654266532535672          -0.6059828605438633
         -0.2735720597649161           0.1344348579841689           0.1217682490566343
          0.6276620500697491          -0.3369628282892987          -0.4336810320597668
         -0.0953149881199410           0.0398393622049067          -0.0089149140450058
          0.8059191217147241          -0.4315583240685598          -0.5643641951614079
          0.5842188120593267          -0.3125568502385685          -0.3989243417261082
          0.6730700630679093          -0.3637721447818833          -0.4842753836980330
          0.4742494319823528          -0.2545907454614499          -0.3292565269232580
          0.4973340151107888          -0.2707500189079085          -0.3723730159328368
          0.4673480877893781          -0.2572067174935378          -0.3918208013088089
          0.1069545671241447          -0.0677213688183979          -0.1295585471384163
          0.3147120568270566          -0.1696902201150539          -0.2263540217007168
          0.3048694679409429          -0.1652643620773445          -0.2386273901240510
          0.2559109999558918          -0.1379595737323469          -0.2254673994899249
          0.0358035538387962          -0.0227465566295127          -0.0499093136774056
          0.1155832067347842          -0.0609838542213761          -0.0870990877103284
          0.1033335119216984          -0.0532599699547586          -0.0843594727802453
          0.0767539332322076          -0.0376560429884396          -0.0700811733866599
          0.0052455530720554          -0.0027748446109480          -0.0086541272687163
          0.0000000000000000           0.0000000000000000           0.0000000000000000
          0.0000000000000000           0.0000000000000000           0.0000000000000000
          0.0000000000000000           0.0000000000000000           0.0000000000000000
          0.0000000000000000           0.0000000000000000           0.0000000000000000
          0.0000000000000000           0.0000000000000000           0.0000000000000000
          0.0000000000000000           0.0000000000000000           0.0000000000000000
          0.0000000000000000           0.0000000000000000           0.0000000000000000
          0.0000000000000000           0.0000000000000000           0.0000000000000000
          0.0000000000000000           0.0000000000000000           0.0000000000000000
          0.0000000000000000           0.0000000000000000           0.0000000000000000
          0.0000000000000000           0.0000000000000000           0.0000000000000000
          0.0000000000000000           0.0000000000000000           0.0000000000000000
          0.0000000000000000           0.0000000000000000           0.0000000000000000
          0.0000000000000000           0.0000000000000000           0.0000000000000000
          0.0000000000000000           0.0000000000000000           0.0000000000000000
          0.0000000000000000           0.0000000000000000           0.0000000000000000
          0.0000000000000000           0.0000000000000000           0.0000000000000000
          0.0000000000000000           0.0000000000000000           0.0000000000000000
          0.0000000000000000           0.0000000000000000           0.0000000000000000
          0.0000000000000000           0.0000000000000000           0.0000000000000000
          0.0000000000000000           0.0000000000000000           0.0000000000000000
          0.0000000000000000           0.0000000000000000           0.0000000000000000
