1  82   2   1   2   -6.247911   0.000000
  0 
./DATA/100/00/GA/G005/M027/
0
          3.9541662956972368
          5.1653018680238603
          2.7676058704143740
          3.5153814354376376
          1.9399435232291034
          2.3765244741508829
          1.1944963858448876
          1.3953514783434164
          0.5643039950974444
          0.6337575049525511
          0.1786202205809398
          0.2060852878275958
          0.0109298388900923
          0.0164719842569799
          0.0000497670655085
          0.0001472627228345
          1.4538469879126805
          5.3206660743014416
          2.2287286884373998
          4.0302140980109433
         13.7153666601928368
          7.2892876788097327
          1.1469023684458943
          4.1569864132072913
          1.5330445443739211
          6.2996365886424215
         20.9463875849900596
         11.6541625251185934
          1.0527167067589231
          3.8050941401317595
          1.5863801915411120
          2.9401984838899451
          9.8286250644726625
          5.2304794107610997
          0.8025972172612339
          2.9345774196691043
          1.0597476097234702
          4.5775607715232782
         14.9816392683509161
          8.3479460481634433
          1.7399616913874663
          5.6580366976815046
          3.0096297851765987
          2.6916761484683107
          8.6018332381593563
          4.7833396639193868
          0.8607367374742702
          2.7157619764457461
          1.4373374860430288
          1.3215002387493451
          4.1190570737007857
          2.2673844749844845
          3.2710452443881373
         10.2556846597534843
          5.8849472085451255
       1924.0090585876930618
       6139.8610715421846180
       3365.5116672883887077
          0.3282037638719870
          1.0098891509129455
          0.5279730407831699
          0.4999153351647417
          1.5297625530657977
          0.8229363804674144
          1.2019439936643967
          3.7535895133632495
          2.0742085766070550
        529.3479124669275961
       1893.1225152834447272
       1005.8846267230903777
          0.0515698868477693
          0.1593352030747454
          0.0809601944349997
          0.0778919466413499
          0.2416636196985331
          0.1233950577096614
          0.1813200334251286
          0.5835444114794119
          0.2954767759412049
         50.3901796445584154
        224.1278801679982564
        104.5944277341166071
1
          5.1653018680238612
          3.9541662956972368
          3.5153814354376385
          2.7676058704143740
          2.3765244741508833
          1.9399435232291036
          1.3953514783434160
          1.1944963858448876
          0.6337575049525509
          0.5643039950974443
          0.2060852878275958
          0.1786202205809398
          0.0164719842569799
          0.0109298388900923
          0.0001472627228345
          0.0000497670655085
          2.2287286884374020
          5.3206660743014424
          1.4538469879126807
          7.2892876788097363
         13.7153666601928439
          4.0302140980109433
          1.5330445443739193
          4.1569864132072931
          1.1469023684458943
         11.6541625251185774
         20.9463875849900809
          6.2996365886424215
          1.5863801915411124
          3.8050941401317617
          1.0527167067589231
          5.2304794107610997
          9.8286250644726678
          2.9401984838899451
          1.0597476097234708
          2.9345774196690999
          0.8025972172612338
          8.3479460481634451
         14.9816392683508983
          4.5775607715232782
          3.0096297851766001
          5.6580366976815064
          1.7399616913874665
          4.7833396639193877
          8.6018332381593599
          2.6916761484683116
          1.4373374860430295
          2.7157619764457461
          0.8607367374742702
          2.2673844749844858
          4.1190570737007866
          1.3215002387493449
          5.8849472085451229
         10.2556846597534754
          3.2710452443881377
       3365.5116672883859792
       6139.8610715421827990
       1924.0090585876923797
          0.5279730407831705
          1.0098891509129457
          0.3282037638719872
          0.8229363804674145
          1.5297625530657979
          0.4999153351647417
          2.0742085766070533
          3.7535895133632535
          1.2019439936643965
       1005.8846267230899230
       1893.1225152834449545
        529.3479124669274825
          0.0809601944349997
          0.1593352030747453
          0.0515698868477693
          0.1233950577096614
          0.2416636196985333
          0.0778919466413499
          0.2954767759412046
          0.5835444114794122
          0.1813200334251287
        104.5944277341166071
        224.1278801679982564
         50.3901796445584083
   0    2  0.040671  0.060562  1.100847 
          0.0000000000000000          -0.0000000000000001           0.0000000000000000
          0.0024009444779616          -0.0096065459412383          -0.0147358442053212
          0.0000000000000001           0.0000000000000000           0.0000000000000000
         -0.0066819330312888          -0.0068086672785006          -0.1057729460213924
          0.0000000000000000           0.0000000000000000           0.0000000000000000
         -0.0087975540212320           0.0003102524574337          -0.1851284103525540
          0.0000000000000001           0.0000000000000000           0.0000000000000000
         -0.0103381920536210           0.0034480609764084          -0.2544138379564532
          0.0000000000000000          -0.0000000000000001          -0.0000000000000000
         -0.0119432881469878          -0.0024552034794544          -0.2667168538712065
          0.0000000000000000          -0.0000000000000000           0.0000000000000000
         -0.0091331463980823          -0.0069419621795186          -0.1824851293347397
          0.0000000000000000          -0.0000000000000000           0.0000000000000000
         -0.0015523800528115          -0.0015010579883578          -0.0362953356296108
         -0.0000000000000000           0.0000000000000000           0.0000000000000000
         -0.0000222192967082          -0.0000127565528176          -0.0007788331583165
          0.0000000000000001          -0.0000000000000004           0.0000000000000000
         -0.0268192595335353          -0.0214438103183166          -0.5322726507280994
         -0.0271421106988874           0.0251400321989699          -0.7035464148429931
         -0.0000000000000001           0.0000000000000003          -0.0000000000000000
         -0.0347283430387451          -0.0084214152694661          -0.5066977904862191
         -0.0344054918733925          -0.0550052577867490          -0.3354240263713275
          0.0000000000000000          -0.0000000000000001          -0.0000000000000000
         -0.0326009329968293          -0.0200909598144779          -0.7225632136922416
         -0.0291971571724704          -0.0040665681637904          -0.6912954856374871
          0.0000000000000001          -0.0000000000000010           0.0000000000000000
         -0.0484191000072498           0.0059538302832280          -0.6714134932084771
         -0.0437239195214809          -0.1643571481352256           0.0449492913058426
         -0.0000000000000000           0.0000000000000003          -0.0000000000000000
         -0.0236531254343559          -0.0195860568948704          -0.4630169090923814
         -0.0231359510880434           0.0240308615284932          -0.6207368671574252
          0.0000000000000000          -0.0000000000000004          -0.0000000000000000
         -0.0303195366877612           0.0096318946486388          -0.5516826582487343
         -0.0308367110340747          -0.0339850237747233          -0.3939627001836919
          0.0000000000000001           0.0000000000000001           0.0000000000000000
         -0.0282362303115734          -0.0262561962962303          -0.5686384074527852
         -0.0246804073795175          -0.0008334788468380          -0.5863272518063881
         -0.0000000000000001           0.0000000000000005          -0.0000000000000000
         -0.0415690528183843           0.0321797067907947          -0.7459699057654917
         -0.0400819272715797          -0.1168652494532712          -0.1327789178589230
          0.0000000000000002          -0.0000000000000000          -0.0000000000000000
         -0.0221726172555615           0.0258224963638577          -0.5440892869064295
         -0.0231179563108682          -0.0104768029901501          -0.4181129227669566
          0.0000000000000000           0.0000000000000002          -0.0000000000000000
         -0.0286183646309192           0.0558836555731007          -0.7479752650754385
         -0.0293057105560295          -0.0588822458510035          -0.2970400126645690
          0.0000000000000000          -0.0000000000000000           0.0000000000000000
         -0.0143935553315037           0.0288876894098650          -0.4511580795316601
         -0.0151021861937457           0.0034477803626337          -0.3674227434095036
         -0.0000000000000000           0.0000000000000002          -0.0000000000000000
         -0.0171205075268004           0.0580772804133041          -0.6275808061098279
         -0.0179357973383180          -0.0174668532651773          -0.3482099732054814
         -0.0000000000000000           0.0000000000000003          -0.0000000000000000
         -0.0375866448939060           0.1058014491281266          -1.1728685918274862
         -0.0317922922212628          -0.1358609748864281          -0.0981648371095572
         -0.0000000000001569          -0.0000000000000442           0.0000000000000096
        -39.3296611501742817        -452.7576967260910692         815.7544416500836633
        -77.5563068088017076          -3.5377252615634771        -631.4018483319398456
          0.0000000000000000          -0.0000000000000000          -0.0000000000000000
         -0.0085878901721144           0.0200503400601568          -0.2929713822515611
         -0.0087904629547000           0.0065237265285795          -0.2502515064741456
         -0.0000000000000000          -0.0000000000000001          -0.0000000000000000
         -0.0099900886318140           0.0395158422111321          -0.4120541861319093
         -0.0099741770151455           0.0010869232514505          -0.2776123313038729
         -0.0000000000000001          -0.0000000000000000           0.0000000000000000
         -0.0179615606121211           0.0944011590175412          -0.8159796970495247
         -0.0131871997683411          -0.0373655144581955          -0.2778848763855529
         -0.0000000000000292          -0.0000000000000324           0.0000000000000006
        -12.7753011126348497        -139.3918205620889808         159.3452508551058884
        -24.5725088024556229         -28.5239609131405949        -138.4221098079179910
          0.0000000000000000          -0.0000000000000000          -0.0000000000000000
         -0.0032327509835162           0.0057290758760523          -0.0947619902367061
         -0.0031052445032265           0.0027285074215796          -0.0848520808337360
          0.0000000000000000          -0.0000000000000000          -0.0000000000000000
         -0.0042004192395517           0.0110473637316442          -0.1354860345923598
         -0.0036923557852250           0.0027540422619672          -0.1059690876666952
         -0.0000000000000000           0.0000000000000000           0.0000000000000000
         -0.0079525989403820           0.0303094749946344          -0.2821815601385446
         -0.0048473950205986          -0.0002209879009148          -0.1603918331875957
          0.0000000000000081           0.0000000000000138           0.0000000000000003
         -0.7606562653874316          -9.3222841636218234         -14.6826901143612893
         -1.6842664000010295          -7.2805003215612549          -3.7918293782706827
   1
          0.0024009444779616          -0.0096065459412383          -0.0147358442053212
          0.0000000000000000           0.0000000000000000           0.0000000000000000
         -0.0066819330312888          -0.0068086672785003          -0.1057729460213923
          0.0000000000000000           0.0000000000000000           0.0000000000000000
         -0.0087975540212320           0.0003102524574338          -0.1851284103525540
          0.0000000000000000           0.0000000000000000           0.0000000000000000
         -0.0103381920536210           0.0034480609764085          -0.2544138379564532
          0.0000000000000000           0.0000000000000000           0.0000000000000000
         -0.0119432881469878          -0.0024552034794544          -0.2667168538712065
          0.0000000000000000           0.0000000000000000           0.0000000000000000
         -0.0091331463980823          -0.0069419621795186          -0.1824851293347397
          0.0000000000000000           0.0000000000000000           0.0000000000000000
         -0.0015523800528115          -0.0015010579883578          -0.0362953356296108
          0.0000000000000000           0.0000000000000000           0.0000000000000000
         -0.0000222192967082          -0.0000127565528176          -0.0007788331583165
          0.0000000000000000           0.0000000000000000           0.0000000000000000
         -0.0271421106988872           0.0251400321989697          -0.7035464148429934
         -0.0303538545235018          -0.0677832926661171          -0.2389895481026506
          0.0000000000000000           0.0000000000000000           0.0000000000000000
         -0.0344054918733899          -0.0550052577867486          -0.3354240263713267
         -0.0927413506210577           0.0080528414905585          -1.8389513343259885
          0.0000000000000000           0.0000000000000000           0.0000000000000000
         -0.0291971571724703          -0.0040665681637906          -0.6912954856374867
         -0.0449140268823292          -0.0940822556388078          -0.5193535136507428
          0.0000000000000000           0.0000000000000000           0.0000000000000000
         -0.0437239195214819          -0.1643571481352294           0.0449492913058431
         -0.1696890190774414           0.0575900126745391          -3.7192770860974216
          0.0000000000000000           0.0000000000000000           0.0000000000000000
         -0.0231359510880431           0.0240308615284930          -0.6207368671574242
         -0.0268715731226486          -0.0497077190128097          -0.2615195620083371
          0.0000000000000000           0.0000000000000000           0.0000000000000000
         -0.0308367110340768          -0.0339850237747227          -0.3939627001836916
         -0.0810737511215891           0.0297993945203498          -1.7678795726738927
          0.0000000000000000           0.0000000000000000           0.0000000000000000
         -0.0246804073795176          -0.0008334788468379          -0.5863272518063891
         -0.0403928971703021          -0.0856021939834896          -0.4050378061232702
          0.0000000000000000           0.0000000000000000           0.0000000000000000
         -0.0400819272715769          -0.1168652494532715          -0.1327789178589219
         -0.1487972531681825           0.0734120330828258          -3.4177578274543863
          0.0000000000000000           0.0000000000000000           0.0000000000000000
         -0.0231179563108674          -0.0104768029901506          -0.4181129227669567
         -0.0622052755689529           0.0452516420586766          -1.5459939496178636
          0.0000000000000000           0.0000000000000000           0.0000000000000000
         -0.0293057105560320          -0.0588822458510028          -0.2970400126645688
         -0.1142458960518318           0.0802671932451714          -2.8344365120218158
          0.0000000000000000           0.0000000000000000           0.0000000000000000
         -0.0151021861937460           0.0034477803626341          -0.3674227434095038
         -0.0428322824954964           0.0428612165205665          -1.1736425547697282
          0.0000000000000000           0.0000000000000000           0.0000000000000000
         -0.0179357973383170          -0.0174668532651782          -0.3482099732054816
         -0.0776931302258734           0.0678089833142007          -2.0549552757485765
          0.0000000000000000           0.0000000000000000           0.0000000000000000
         -0.0317922922212643          -0.1358609748864277          -0.0981648371095582
         -0.2827862620985990           0.0195012928025552          -6.3188753501127222
          0.0000000000000000           0.0000000000000000           0.0000000000000000
        -77.5563068088010112          -3.5377252615628665        -631.4018483319399593
       -368.7025498973241611        -927.4241377627151905       -5552.7530670239502797
          0.0000000000000000           0.0000000000000000           0.0000000000000000
         -0.0087904629547002           0.0065237265285797          -0.2502515064741456
         -0.0254498815105688           0.0275675142082791          -0.7132576150801661
          0.0000000000000000           0.0000000000000000           0.0000000000000000
         -0.0099741770151459           0.0010869232514508          -0.2776123313038728
         -0.0447450398970607           0.0419849850148799          -1.2019867126732646
          0.0000000000000000           0.0000000000000000           0.0000000000000000
         -0.0131871997683416          -0.0373655144581954          -0.2778848763855529
         -0.1471378127212400           0.0400646959977963          -3.4528453982664788
          0.0000000000000000           0.0000000000000000           0.0000000000000000
        -24.5725088024560137         -28.5239609131406588        -138.4221098079181616
       -141.5030000782952015        -332.1587353382133756       -2323.2864332772041962
          0.0000000000000000           0.0000000000000000           0.0000000000000000
         -0.0031052445032265           0.0027285074215796          -0.0848520808337360
         -0.0084048215703960           0.0079316876686262          -0.2165406941356925
          0.0000000000000000           0.0000000000000000           0.0000000000000000
         -0.0036923557852251           0.0027540422619673          -0.1059690876666952
         -0.0140105904362304           0.0121097892154105          -0.3516323273450984
          0.0000000000000000           0.0000000000000000           0.0000000000000000
         -0.0048473950205988          -0.0002209879009147          -0.1603918331875956
         -0.0397548780690284           0.0205826141481399          -0.9422479991377234
          0.0000000000000000           0.0000000000000000           0.0000000000000000
         -1.6842664000010312          -7.2805003215612407          -3.7918293782706902
        -21.3844661588808265         -37.2708221326277140        -457.8176004806720130
          0.0000000000000000           0.0000000000000000           0.0000000000000000
   0
          0.0000000000000000           0.0000000000000001          -0.0000000000000000
          0.0000000000000000           0.0000000000000000           0.0000000000000000
         -0.0000000000000001          -0.0000000000000000           0.0000000000000000
          0.0000000000000000           0.0000000000000000           0.0000000000000000
          0.0000000000000000          -0.0000000000000000          -0.0000000000000000
          0.0000000000000000           0.0000000000000000           0.0000000000000000
         -0.0000000000000001          -0.0000000000000000          -0.0000000000000000
          0.0000000000000000           0.0000000000000000           0.0000000000000000
          0.0000000000000000           0.0000000000000001           0.0000000000000000
          0.0000000000000000           0.0000000000000000           0.0000000000000000
         -0.0000000000000000           0.0000000000000000           0.0000000000000000
          0.0000000000000000           0.0000000000000000           0.0000000000000000
          0.0000000000000000           0.0000000000000000           0.0000000000000000
          0.0000000000000000           0.0000000000000000           0.0000000000000000
          0.0000000000000000           0.0000000000000000           0.0000000000000000
          0.0000000000000000           0.0000000000000000           0.0000000000000000
          0.0000000000000011           0.0000000000000005          -0.0000000000000000
         -0.0035345949899680          -0.0463394823478011           0.2932831026254505
          0.0000000000000000           0.0000000000000000           0.0000000000000000
         -0.0000000000000003           0.0000000000000006           0.0000000000000000
         -0.0580130075823135           0.0164742567600197          -1.3322535438397709
          0.0000000000000000           0.0000000000000000           0.0000000000000000
         -0.0000000000000006          -0.0000000000000000          -0.0000000000000000
         -0.0123130938855002          -0.0739912958243300           0.2032097000414984
          0.0000000000000000           0.0000000000000000           0.0000000000000000
         -0.0000000000000000           0.0000000000000006           0.0000000000000000
         -0.1212699190701900           0.0516361823913112          -3.0478635928889428
          0.0000000000000000           0.0000000000000000           0.0000000000000000
         -0.0000000000000002           0.0000000000000002           0.0000000000000000
         -0.0032184476882923          -0.0301216621179373           0.2014973470840445
          0.0000000000000000           0.0000000000000000           0.0000000000000000
          0.0000000000000002          -0.0000000000000006           0.0000000000000000
         -0.0507542144338269           0.0201674998717082          -1.2161969144251603
          0.0000000000000000           0.0000000000000000           0.0000000000000000
          0.0000000000000001          -0.0000000000000004           0.0000000000000000
         -0.0121566668587278          -0.0593459976872599           0.1636006013295159
          0.0000000000000000           0.0000000000000000           0.0000000000000000
          0.0000000000000004          -0.0000000000000012           0.0000000000000000
         -0.1072282003497977           0.0412323262920357          -2.6717879216888933
          0.0000000000000000           0.0000000000000000           0.0000000000000000
         -0.0000000000000001          -0.0000000000000001          -0.0000000000000000
         -0.0400326583133911           0.0194291456948186          -1.0019046627114339
          0.0000000000000000           0.0000000000000000           0.0000000000000000
         -0.0000000000000004           0.0000000000000003          -0.0000000000000000
         -0.0856275314209129           0.0243835376720724          -2.0864612469463775
          0.0000000000000000           0.0000000000000000           0.0000000000000000
         -0.0000000000000002          -0.0000000000000004          -0.0000000000000000
         -0.0284387271639926           0.0139735271107015          -0.7224844752380686
          0.0000000000000000           0.0000000000000000           0.0000000000000000
         -0.0000000000000002           0.0000000000000006           0.0000000000000000
         -0.0605726226990735           0.0097317029008959          -1.4273744696387496
          0.0000000000000000           0.0000000000000000           0.0000000000000000
         -0.0000000000000000          -0.0000000000000008          -0.0000000000000000
         -0.2451996172046926          -0.0863001563255694          -5.1460067582852327
          0.0000000000000000           0.0000000000000000           0.0000000000000000
          0.0000000000001818           0.0000000000001339           0.0000000000000001
       -329.3728887471498297        -474.6664410366240077       -6368.5075086740343977
          0.0000000000000000           0.0000000000000000           0.0000000000000000
          0.0000000000000001           0.0000000000000000          -0.0000000000000000
         -0.0168619913384540           0.0075171741481216          -0.4202862328286051
          0.0000000000000000           0.0000000000000000           0.0000000000000000
         -0.0000000000000001          -0.0000000000000000          -0.0000000000000000
         -0.0347549512652472           0.0024691428037470          -0.7899325265413545
          0.0000000000000000           0.0000000000000000           0.0000000000000000
         -0.0000000000000000           0.0000000000000000           0.0000000000000000
         -0.1291762521091193          -0.0543364630197440          -2.6368657012169545
          0.0000000000000000           0.0000000000000000           0.0000000000000000
          0.0000000000002700           0.0000000000001569          -0.0000000000000054
       -128.7276989656600392        -192.7669147761239685       -2482.6316841323086919
          0.0000000000000000           0.0000000000000000           0.0000000000000000
         -0.0000000000000000          -0.0000000000000001          -0.0000000000000000
         -0.0051720705868798           0.0022026117925739          -0.1217787038989863
          0.0000000000000000           0.0000000000000000           0.0000000000000000
         -0.0000000000000000           0.0000000000000000           0.0000000000000000
         -0.0098101711966786           0.0010624254837662          -0.2161462927527387
          0.0000000000000000           0.0000000000000000           0.0000000000000000
         -0.0000000000000000           0.0000000000000001           0.0000000000000000
         -0.0318022791286462          -0.0097268608464944          -0.6600664389991786
          0.0000000000000000           0.0000000000000000           0.0000000000000000
          0.0000000000000053           0.0000000000000140          -0.0000000000000001
        -20.6238098934933340         -27.9485379690059155        -443.1349103663110895
          0.0000000000000000           0.0000000000000000           0.0000000000000000
