1  82   2   1   2   -5.772760   0.000000
  0 
./DATA/100/00/GA/G022/M029/
0
          4.7861154017875496
          3.1030485622437651
          1.9771117507286606
          1.0538041667907452
          0.4011511524528280
          0.0959048279224779
          0.0034463935160578
          0.0000067321645375
          1.6623395111741615
          4.6949586975206818
          0.5726354878292200
          3.6052546741757383
          1.0905702267892579
          3.0841680120208324
          0.3735188764208860
          2.3671166616524593
          1.5165494995619677
          1.1627654775658871
          0.5772978878329703
          0.4418966089853223
          0.2771576577134743
          0.0339192168738780
          0.1523789617137229
          0.1163464879395242
          0.0721413363641386
          0.0080850473019731
          0.0120343460858521
          0.0091464803914642
          0.0055519931871611
          0.0005219485538933
          5.6188347106301135
          4.0731855810109181
          2.9646226368108208
          1.9324692303551669
          1.0127172862910636
          0.3899137651950906
          0.0444533782935470
          0.0009522465416825
          5.6276462112551924
         20.4320295637255640
          1.9173924008114951
         16.7217757532818823
          4.0598549343144317
         14.9507847228739568
          1.3386490526443666
         12.2295788412038906
          8.8814809746929892
          7.2555979481653283
          4.4133464541689555
          3.5976035747480579
          2.4946764395897971
          0.5047978080780691
          1.6967499439995894
          1.3789901929615824
          0.9439479228216167
          0.1690412252776865
          0.2750543495321274
          0.2226358145294551
          0.1499744058188587
          0.0225667197752270
          4.8133411997390638
          8.2164966877513237
          2.2705306850969476
          5.6736861731092221
          3.5341224095391057
          5.9711974190550841
          1.6540529982615704
          4.0911280077775531
          3.5169137315273180
          2.3817078521576844
          1.7355492261286993
          1.1604753169274018
          0.5840220192097608
          0.0542978058313093
          0.6646033867280785
          0.4388425070949760
          0.2122528335037541
          0.0146519057767841
          0.1076199261488414
          0.0701018607639246
          0.0323316500446169
          0.0013093774422025
1
          4.7861154017875496
          3.1030485622437647
          1.9771117507286611
          1.0538041667907452
          0.4011511524528280
          0.0959048279224778
          0.0034463935160578
          0.0000067321645375
          1.6623395111741615
          4.6949586975206818
          0.5726354878292198
          3.6052546741757396
          1.0905702267892579
          3.0841680120208319
          0.3735188764208860
          2.3671166616524593
          1.5165494995619679
          1.1627654775658869
          0.5772978878329701
          0.4418966089853223
          0.2771576577134742
          0.0339192168738780
          0.1523789617137229
          0.1163464879395241
          0.0721413363641386
          0.0080850473019731
          0.0120343460858521
          0.0091464803914642
          0.0055519931871611
          0.0005219485538933
          5.6188347106301153
          4.0731855810109190
          2.9646226368108204
          1.9324692303551672
          1.0127172862910634
          0.3899137651950906
          0.0444533782935470
          0.0009522465416825
          5.6276462112551835
         20.4320295637255605
          1.9173924008114944
         16.7217757532818823
          4.0598549343144352
         14.9507847228739514
          1.3386490526443682
         12.2295788412038835
          8.8814809746929946
          7.2555979481653239
          4.4133464541689573
          3.5976035747480601
          2.4946764395897971
          0.5047978080780690
          1.6967499439995890
          1.3789901929615818
          0.9439479228216164
          0.1690412252776863
          0.2750543495321279
          0.2226358145294550
          0.1499744058188586
          0.0225667197752270
          4.8133411997390612
          8.2164966877513219
          2.2705306850969480
          5.6736861731092150
          3.5341224095391062
          5.9711974190550805
          1.6540529982615721
          4.0911280077775505
          3.5169137315273202
          2.3817078521576849
          1.7355492261286996
          1.1604753169274020
          0.5840220192097608
          0.0542978058313094
          0.6646033867280781
          0.4388425070949759
          0.2122528335037541
          0.0146519057767841
          0.1076199261488414
          0.0701018607639246
          0.0323316500446169
          0.0013093774422025
   0    2 -0.734345  0.378461  3.612566 
         -0.0000000000000000          -0.0000000000000001           0.0000000000000001
          0.0000000000000001          -0.0000000000000001           0.0000000000000001
          0.0000000000000001          -0.0000000000000001           0.0000000000000000
          0.0000000000000000           0.0000000000000000           0.0000000000000000
          0.0000000000000000          -0.0000000000000001          -0.0000000000000000
         -0.0000000000000000           0.0000000000000000          -0.0000000000000000
         -0.0000000000000000           0.0000000000000000           0.0000000000000000
         -0.0000000000000000           0.0000000000000000           0.0000000000000000
          0.0000000000000000          -0.0000000000000000          -0.0000000000000001
          0.0000000000000006           0.0000000000000001          -0.0000000000000002
          0.0000000000000000          -0.0000000000000000          -0.0000000000000000
         -0.0000000000000004          -0.0000000000000001           0.0000000000000003
         -0.0000000000000001          -0.0000000000000000           0.0000000000000000
         -0.0000000000000001          -0.0000000000000001          -0.0000000000000001
         -0.0000000000000000           0.0000000000000000           0.0000000000000000
          0.0000000000000001          -0.0000000000000000           0.0000000000000001
         -0.0000000000000000          -0.0000000000000001          -0.0000000000000001
          0.0000000000000001          -0.0000000000000000           0.0000000000000000
         -0.0000000000000001          -0.0000000000000000           0.0000000000000001
         -0.0000000000000001          -0.0000000000000000           0.0000000000000000
         -0.0000000000000000          -0.0000000000000000          -0.0000000000000000
          0.0000000000000000           0.0000000000000000          -0.0000000000000000
         -0.0000000000000000          -0.0000000000000000           0.0000000000000000
          0.0000000000000000           0.0000000000000000          -0.0000000000000000
          0.0000000000000000          -0.0000000000000000           0.0000000000000000
         -0.0000000000000000           0.0000000000000000          -0.0000000000000000
         -0.0000000000000000          -0.0000000000000000          -0.0000000000000000
          0.0000000000000000           0.0000000000000000           0.0000000000000000
         -0.0000000000000000          -0.0000000000000000          -0.0000000000000000
          0.0000000000000000           0.0000000000000000          -0.0000000000000000
          0.0064585873963298           0.0047371858929846          -0.0515486289023858
         -0.0009937081515456           0.0055200975116705          -0.0195434935071671
          0.0014637078494424           0.0014605995066366          -0.0059062748884100
          0.0107190169420588          -0.0059543773527993          -0.0170347906339408
          0.0205467520589513          -0.0133716618402919          -0.0630553049003555
          0.0209080842583890          -0.0149048088446970          -0.1052356785304028
          0.0103286012644442          -0.0068865198229538          -0.0611295957456118
          0.0012142832701792          -0.0004982444961572          -0.0045355596611133
          0.0124469844807327          -0.0089770259202289          -0.0557801998155753
         -0.0217244979447449           0.0477275283337090          -0.0516263883723763
          0.0168253861632686          -0.0261708603073392          -0.0273443972804385
         -0.0173460962622095           0.0305336939466030          -0.0231905858372382
          0.0123313970010006          -0.0089223546773398          -0.0583323889971771
         -0.0155958303215591           0.0318221801096354           0.0047123986963287
          0.0128727064168930          -0.0213462812205066          -0.0332517866000471
         -0.0150545209056684           0.0193982535664665           0.0297930010934592
         -0.0008255159852443           0.0105185784583808           0.0436379539309122
         -0.0043065983325630           0.0036927388802392           0.0667210214488230
          0.0138825525832070          -0.0067009742659779           0.0441507844925291
          0.0083567591507736          -0.0094488596810665           0.0652251545399574
         -0.0021867255988462          -0.0032347829011744           0.0615541414118059
         -0.0069648054275233           0.0216773803545067          -0.0271452768763859
          0.0188980147553695          -0.0144831452147981           0.0221181091158992
          0.0137690810357021          -0.0150703438518158           0.0383705682144619
          0.0052257800545272          -0.0096419264508580           0.0416476930674528
         -0.0021586688901519           0.0099172824971083          -0.0057352617825804
          0.0097404691928838          -0.0097271867589376          -0.0002897969553829
          0.0073978821353516          -0.0095882424280302           0.0065246005289879
          0.0038510231179489          -0.0072590774104259           0.0105791725594238
         -0.0001310211210860           0.0013240317395051           0.0008047699139571
          0.0294295040649319          -0.0119039860335433          -0.0417028967793204
         -0.0387070175289448           0.0506544884470251          -0.0657036914086317
          0.0230404396032076          -0.0138918694037248          -0.0976551380373710
         -0.0450960819906686           0.0486666050768437          -0.1216559326666825
          0.0328700071305586          -0.0161949401786054          -0.0372305241126675
         -0.0361344404511193           0.0390947656109005          -0.0163894661881802
          0.0239729227368298          -0.0145085882806215          -0.0879473883982088
         -0.0450315248448480           0.0407811175088843          -0.0671063304737201
         -0.0237030954139447           0.0224096868747114           0.0212154096312133
         -0.0355387536474112           0.0277577861617597          -0.0157612769701840
         -0.0066896106273345           0.0073031896596324           0.0285570519805504
         -0.0192766362688056           0.0141887256973316           0.0093942014520684
         -0.0199065146048042           0.0134240910118863          -0.0272781456483354
          0.0059078920592816          -0.0042542046670765          -0.0035308121142720
          0.0053793989166872          -0.0021990821725010           0.0163519586891827
         -0.0045334611879526           0.0037667034134933           0.0120516365728423
         -0.0092828715249707           0.0062393769774087          -0.0053730066843536
          0.0016023647631113          -0.0011510862043546          -0.0026131366823348
          0.0059889418714102          -0.0040351108853251           0.0005627937436918
          0.0021725449702017          -0.0013184464670746           0.0029779657351741
         -0.0009358236115217           0.0007212333647741           0.0008791764657638
          0.0000699300827528          -0.0000128844274892          -0.0005933642712760
   1
          0.0000000000000000           0.0000000000000000           0.0000000000000000
          0.0000000000000000           0.0000000000000000           0.0000000000000000
          0.0000000000000000           0.0000000000000000           0.0000000000000000
          0.0000000000000000           0.0000000000000000           0.0000000000000000
          0.0000000000000000           0.0000000000000000           0.0000000000000000
          0.0000000000000000           0.0000000000000000           0.0000000000000000
          0.0000000000000000           0.0000000000000000           0.0000000000000000
          0.0000000000000000           0.0000000000000000           0.0000000000000000
          0.0000000000000000           0.0000000000000000           0.0000000000000000
          0.0000000000000000           0.0000000000000000           0.0000000000000000
          0.0000000000000000           0.0000000000000000           0.0000000000000000
          0.0000000000000000           0.0000000000000000           0.0000000000000000
          0.0000000000000000           0.0000000000000000           0.0000000000000000
          0.0000000000000000           0.0000000000000000           0.0000000000000000
          0.0000000000000000           0.0000000000000000           0.0000000000000000
          0.0000000000000000           0.0000000000000000           0.0000000000000000
          0.0000000000000000           0.0000000000000000           0.0000000000000000
          0.0000000000000000           0.0000000000000000           0.0000000000000000
          0.0000000000000000           0.0000000000000000           0.0000000000000000
          0.0000000000000000           0.0000000000000000           0.0000000000000000
          0.0000000000000000           0.0000000000000000           0.0000000000000000
          0.0000000000000000           0.0000000000000000           0.0000000000000000
          0.0000000000000000           0.0000000000000000           0.0000000000000000
          0.0000000000000000           0.0000000000000000           0.0000000000000000
          0.0000000000000000           0.0000000000000000           0.0000000000000000
          0.0000000000000000           0.0000000000000000           0.0000000000000000
          0.0000000000000000           0.0000000000000000           0.0000000000000000
          0.0000000000000000           0.0000000000000000           0.0000000000000000
          0.0000000000000000           0.0000000000000000           0.0000000000000000
          0.0000000000000000           0.0000000000000000           0.0000000000000000
          0.0064585873963295           0.0047371858929847          -0.0515486289023859
         -0.0009937081515456           0.0055200975116705          -0.0195434935071671
          0.0014637078494426           0.0014605995066366          -0.0059062748884101
          0.0107190169420585          -0.0059543773527992          -0.0170347906339409
          0.0205467520589513          -0.0133716618402919          -0.0630553049003554
          0.0209080842583891          -0.0149048088446970          -0.1052356785304028
          0.0103286012644442          -0.0068865198229539          -0.0611295957456118
          0.0012142832701792          -0.0004982444961572          -0.0045355596611133
         -0.0115322487089759           0.0266165142780317          -0.1790653271272851
         -0.0070227782190467           0.0508844905489322          -0.0357478492486141
          0.0320458096782575          -0.0137449433510481          -0.1937329961914128
          0.0365552801681871           0.0105230329198511          -0.0504155183127459
         -0.0172482326289647           0.0230410759484328          -0.1194805050269295
          0.0107193659878468           0.0227585749161567           0.0122405244252367
          0.0167766275195871          -0.0062837607240805          -0.1545113888839451
          0.0447442261364008          -0.0065662617563569          -0.0227903594317797
          0.0367790800787362          -0.0089917564748394           0.0279966015987332
          0.0558423517943681          -0.0243923285596805          -0.0159938214069030
          0.0538090945921474          -0.0284352139688867           0.0051401786562035
          0.0589937764627863          -0.0328314468171731          -0.0299846394709884
          0.0547332655132002          -0.0298092914176308          -0.1309489585723713
          0.0266608842611326          -0.0167304210507586          -0.2609121576465006
          0.0500218756783883          -0.0311208167606851          -0.0234424937781697
          0.0471696447884474          -0.0295567113617379          -0.0411529781671837
          0.0372360505010270          -0.0227726057846232          -0.0860281520540301
          0.0128266377207590          -0.0076502622060993          -0.1203936347506200
          0.0218130559417089          -0.0164072407163829          -0.0250743133978998
          0.0186221278261642          -0.0141427343666495          -0.0270623175259163
          0.0130296784073064          -0.0100074869614466          -0.0324621634759052
          0.0031392626315697          -0.0020186284628197          -0.0258910100767297
          0.0294295040649323          -0.0119039860335431          -0.0417028967793187
         -0.0387070175289451           0.0506544884470232          -0.0657036914086320
          0.0230404396032079          -0.0138918694037249          -0.0976551380373706
         -0.0450960819906676           0.0486666050768434          -0.1216559326666827
          0.0328700071305575          -0.0161949401786052          -0.0372305241126684
         -0.0361344404511187           0.0390947656109003          -0.0163894661881816
          0.0239729227368293          -0.0145085882806215          -0.0879473883982082
         -0.0450315248448466           0.0407811175088844          -0.0671063304737200
         -0.0237030954139454           0.0224096868747111           0.0212154096312127
         -0.0355387536474101           0.0277577861617599          -0.0157612769701837
         -0.0066896106273354           0.0073031896596326           0.0285570519805502
         -0.0192766362688055           0.0141887256973314           0.0093942014520683
         -0.0199065146048039           0.0134240910118864          -0.0272781456483352
          0.0059078920592816          -0.0042542046670765          -0.0035308121142720
          0.0053793989166870          -0.0021990821725011           0.0163519586891827
         -0.0045334611879522           0.0037667034134932           0.0120516365728425
         -0.0092828715249707           0.0062393769774087          -0.0053730066843537
          0.0016023647631113          -0.0011510862043546          -0.0026131366823348
          0.0059889418714102          -0.0040351108853250           0.0005627937436918
          0.0021725449702017          -0.0013184464670746           0.0029779657351741
         -0.0009358236115217           0.0007212333647741           0.0008791764657638
          0.0000699300827528          -0.0000128844274892          -0.0005933642712760
   0
          0.0000000000000000           0.0000000000000001          -0.0000000000000001
         -0.0000000000000001           0.0000000000000001          -0.0000000000000001
         -0.0000000000000001           0.0000000000000001           0.0000000000000000
         -0.0000000000000000           0.0000000000000000          -0.0000000000000000
         -0.0000000000000000           0.0000000000000001           0.0000000000000000
          0.0000000000000000          -0.0000000000000000           0.0000000000000000
          0.0000000000000000           0.0000000000000000           0.0000000000000000
          0.0000000000000000           0.0000000000000000          -0.0000000000000000
         -0.0000000000000003           0.0000000000000004           0.0000000000000004
          0.0000000000000001          -0.0000000000000009          -0.0000000000000006
          0.0000000000000003          -0.0000000000000002           0.0000000000000001
         -0.0000000000000004           0.0000000000000000           0.0000000000000003
         -0.0000000000000001           0.0000000000000000           0.0000000000000000
         -0.0000000000000008           0.0000000000000002           0.0000000000000003
          0.0000000000000000           0.0000000000000001          -0.0000000000000001
         -0.0000000000000005          -0.0000000000000004          -0.0000000000000000
          0.0000000000000000          -0.0000000000000001           0.0000000000000001
         -0.0000000000000003           0.0000000000000001          -0.0000000000000001
         -0.0000000000000000           0.0000000000000001           0.0000000000000001
          0.0000000000000001          -0.0000000000000000           0.0000000000000000
         -0.0000000000000000          -0.0000000000000000          -0.0000000000000000
          0.0000000000000000           0.0000000000000000           0.0000000000000000
         -0.0000000000000000          -0.0000000000000000          -0.0000000000000000
          0.0000000000000000           0.0000000000000000          -0.0000000000000000
         -0.0000000000000000          -0.0000000000000000          -0.0000000000000000
          0.0000000000000000           0.0000000000000000          -0.0000000000000000
         -0.0000000000000000           0.0000000000000000          -0.0000000000000000
         -0.0000000000000000          -0.0000000000000000          -0.0000000000000000
          0.0000000000000000           0.0000000000000000          -0.0000000000000000
          0.0000000000000000          -0.0000000000000000           0.0000000000000000
          0.0000000000000000           0.0000000000000000           0.0000000000000000
          0.0000000000000000           0.0000000000000000           0.0000000000000000
          0.0000000000000000           0.0000000000000000           0.0000000000000000
          0.0000000000000000           0.0000000000000000           0.0000000000000000
          0.0000000000000000           0.0000000000000000           0.0000000000000000
          0.0000000000000000           0.0000000000000000           0.0000000000000000
          0.0000000000000000           0.0000000000000000           0.0000000000000000
          0.0000000000000000           0.0000000000000000           0.0000000000000000
         -0.0239792331897095           0.0355935401982626          -0.1232851273117099
          0.0147017197256993           0.0031569622152198           0.0158785391237579
          0.0152204235149899           0.0124259169562909          -0.1663885989109746
          0.0539013764303976          -0.0200106610267510          -0.0272249324755063
         -0.0295796296299655           0.0319634306257721          -0.0611481160297529
          0.0263151963094070          -0.0090636051934790           0.0075281257289062
          0.0039039211026947           0.0150625204964264          -0.1212596022838983
          0.0597987470420706          -0.0259645153228244          -0.0525833605252396
          0.0376045960639850          -0.0195103349332208          -0.0156413523321791
          0.0601489501269313          -0.0280850674399212          -0.0827148428557271
          0.0399265420089430          -0.0217342397029094          -0.0390106058363258
          0.0506370173120129          -0.0233825871361078          -0.0952097940109456
          0.0569199911120463          -0.0265745085164568          -0.1925030999841783
          0.0336256896886561          -0.0384078014052653          -0.2337668807701148
          0.0311238609230185          -0.0166376715458874          -0.0455606028940690
          0.0334005637527444          -0.0144863675099221          -0.0795235463816454
          0.0320102704465000          -0.0131306793337651          -0.1276758451214829
          0.0149853066109109          -0.0175675447032076          -0.1146583729680396
          0.0120725867488248          -0.0066800539574454          -0.0247845164425168
          0.0112242456908125          -0.0045544919386192          -0.0335869180549041
          0.0091786552893573          -0.0027484095510206          -0.0430413360353291
          0.0032702837526557          -0.0033426602023248          -0.0266957799906867
          0.0000000000000000           0.0000000000000000           0.0000000000000000
          0.0000000000000000           0.0000000000000000           0.0000000000000000
          0.0000000000000000           0.0000000000000000           0.0000000000000000
          0.0000000000000000           0.0000000000000000           0.0000000000000000
          0.0000000000000000           0.0000000000000000           0.0000000000000000
          0.0000000000000000           0.0000000000000000           0.0000000000000000
          0.0000000000000000           0.0000000000000000           0.0000000000000000
          0.0000000000000000           0.0000000000000000           0.0000000000000000
          0.0000000000000000           0.0000000000000000           0.0000000000000000
          0.0000000000000000           0.0000000000000000           0.0000000000000000
          0.0000000000000000           0.0000000000000000           0.0000000000000000
          0.0000000000000000           0.0000000000000000           0.0000000000000000
          0.0000000000000000           0.0000000000000000           0.0000000000000000
          0.0000000000000000           0.0000000000000000           0.0000000000000000
          0.0000000000000000           0.0000000000000000           0.0000000000000000
          0.0000000000000000           0.0000000000000000           0.0000000000000000
          0.0000000000000000           0.0000000000000000           0.0000000000000000
          0.0000000000000000           0.0000000000000000           0.0000000000000000
          0.0000000000000000           0.0000000000000000           0.0000000000000000
          0.0000000000000000           0.0000000000000000           0.0000000000000000
          0.0000000000000000           0.0000000000000000           0.0000000000000000
          0.0000000000000000           0.0000000000000000           0.0000000000000000
