1  82   2   1   2   -6.142420   0.000000
  0 
./DATA/100/00/GA/G016/M022/
0
          5.0640836546893455
          3.4005121882299214
          2.2850242392566695
          1.3426725762306915
          0.6144195562065166
          0.1991538707729211
          0.0143571894673580
          0.0000858308778799
          2.1294720030022938
          5.8649871314784301
          0.8315931992408684
          4.5671083277170039
          1.4808638117879251
          4.0919172432415118
          0.5709394864252936
          3.1819929178788779
          2.2611981675915422
          1.7538606981229055
          1.0336716294241430
          0.7988629578264831
          0.5162048898578154
          0.0884313417903459
          0.3615940434995412
          0.2781865033126303
          0.1768479224984660
          0.0257534061855006
          0.0503515338688480
          0.0384932737120196
          0.0239006377781457
          0.0027081998754874
          6.3336737619998260
          4.4731021591071505
          3.1581741677130464
          1.9788154265398221
          0.9907243498105169
          0.3633496151733273
          0.0352714478300959
          0.0004148252797308
          7.9913670655139235
         23.9269836822295083
          3.0784121965541704
         19.0140288132697535
          5.7959675550011136
         17.4007512832206821
          2.1978882049775104
         13.8026719331970824
         10.2718754994056027
          8.1198942091656825
          5.1063385739401239
          4.0161281243977855
          2.6637252779584193
          0.5217809861189204
          1.9984327872185206
          1.5608775096055554
          1.0104445659009877
          0.1675697700952002
          0.3517352873419956
          0.2717633579031677
          0.1692010342617368
          0.0201678718034982
          4.8099150316465638
         11.1492603422251388
          2.1052572571276245
          8.4446025677062018
          3.4806169631256227
          8.1177424559852760
          1.5009261500520055
          6.1380516429116554
          4.8025007137451583
          3.6197985674969009
          2.3953748696805452
          1.7973536483503025
          1.1011162252174189
          0.1588520242640156
          0.9420856365992133
          0.7028173799029820
          0.4196782984758152
          0.0495703615283656
          0.1672419115144610
          0.1237642696432876
          0.0710480645914091
          0.0056415383516714
1
          5.0640836546893464
          3.4005121882299214
          2.2850242392566700
          1.3426725762306915
          0.6144195562065166
          0.1991538707729211
          0.0143571894673580
          0.0000858308778799
          2.1294720030022920
          5.8649871314784283
          0.8315931992408685
          4.5671083277170030
          1.4808638117879254
          4.0919172432415110
          0.5709394864252939
          3.1819929178788788
          2.2611981675915409
          1.7538606981229059
          1.0336716294241435
          0.7988629578264832
          0.5162048898578154
          0.0884313417903459
          0.3615940434995411
          0.2781865033126302
          0.1768479224984660
          0.0257534061855006
          0.0503515338688480
          0.0384932737120196
          0.0239006377781457
          0.0027081998754874
          6.3336737619998278
          4.4731021591071496
          3.1581741677130459
          1.9788154265398219
          0.9907243498105170
          0.3633496151733273
          0.0352714478300959
          0.0004148252797308
          7.9913670655139182
         23.9269836822295119
          3.0784121965541704
         19.0140288132697641
          5.7959675550011100
         17.4007512832206999
          2.1978882049775117
         13.8026719331970931
         10.2718754994056081
          8.1198942091656825
          5.1063385739401266
          4.0161281243977802
          2.6637252779584228
          0.5217809861189200
          1.9984327872185197
          1.5608775096055538
          1.0104445659009869
          0.1675697700952002
          0.3517352873419954
          0.2717633579031682
          0.1692010342617367
          0.0201678718034982
          4.8099150316465664
         11.1492603422251442
          2.1052572571276222
          8.4446025677061982
          3.4806169631256214
          8.1177424559852760
          1.5009261500520059
          6.1380516429116563
          4.8025007137451601
          3.6197985674969004
          2.3953748696805448
          1.7973536483503005
          1.1011162252174185
          0.1588520242640156
          0.9420856365992138
          0.7028173799029825
          0.4196782984758149
          0.0495703615283656
          0.1672419115144610
          0.1237642696432877
          0.0710480645914091
          0.0056415383516714
   0    2 -0.159072 -0.573044 -0.189018 
         -0.0000000000000000           0.0000000000000001          -0.0000000000000002
          0.0000000000000000           0.0000000000000000           0.0000000000000001
          0.0000000000000000           0.0000000000000000          -0.0000000000000001
         -0.0000000000000000           0.0000000000000000           0.0000000000000000
          0.0000000000000000           0.0000000000000000           0.0000000000000000
          0.0000000000000000          -0.0000000000000000          -0.0000000000000000
          0.0000000000000000           0.0000000000000000           0.0000000000000000
         -0.0000000000000000           0.0000000000000000          -0.0000000000000000
          0.0000000000000000           0.0000000000000001           0.0000000000000001
         -0.0000000000000002          -0.0000000000000002          -0.0000000000000002
         -0.0000000000000000           0.0000000000000000          -0.0000000000000001
          0.0000000000000004           0.0000000000000002          -0.0000000000000006
         -0.0000000000000001          -0.0000000000000001          -0.0000000000000000
          0.0000000000000004           0.0000000000000002           0.0000000000000003
          0.0000000000000000           0.0000000000000000          -0.0000000000000000
          0.0000000000000000          -0.0000000000000001           0.0000000000000004
          0.0000000000000002           0.0000000000000001          -0.0000000000000005
          0.0000000000000000           0.0000000000000001           0.0000000000000003
          0.0000000000000000          -0.0000000000000000          -0.0000000000000001
         -0.0000000000000000          -0.0000000000000000           0.0000000000000002
         -0.0000000000000000          -0.0000000000000000           0.0000000000000001
         -0.0000000000000000          -0.0000000000000000          -0.0000000000000000
          0.0000000000000000           0.0000000000000000           0.0000000000000000
         -0.0000000000000000           0.0000000000000000          -0.0000000000000001
          0.0000000000000000           0.0000000000000000          -0.0000000000000001
          0.0000000000000000          -0.0000000000000000          -0.0000000000000000
          0.0000000000000000           0.0000000000000000          -0.0000000000000000
          0.0000000000000000           0.0000000000000000           0.0000000000000000
          0.0000000000000000           0.0000000000000000          -0.0000000000000000
          0.0000000000000000           0.0000000000000000          -0.0000000000000000
          0.0265375201328173          -0.0171634331562740           0.0081523867346642
          0.0046218902472298          -0.0024351084664315           0.0066108593953373
         -0.0039904733568484           0.0197033353015207          -0.0127228042695923
         -0.0103064389204146           0.0513005133851698          -0.0386611046500692
         -0.0149560775907170           0.0786915273300084          -0.0491304121791038
         -0.0099689341370188           0.0688836512405295          -0.0276386485040811
          0.0015430245953238           0.0156676857699394           0.0006501239377115
          0.0002493036311412           0.0003094357204445           0.0002867661873703
         -0.0157773043008231           0.1177783447296575          -0.0591307223571066
          0.0099414222989229          -0.0506100809370616           0.0573687634237012
         -0.0141948734441427           0.0873835031339374          -0.0672936687884923
          0.0115238531556030          -0.0810049225327806           0.0492058169923140
         -0.0144509606143220           0.1042716269365167          -0.0472015419879507
         -0.0089607649603891           0.0027020371926324          -0.0025185892901815
         -0.0097982116780801           0.0654840551846617          -0.0411055458413155
         -0.0043080160241475          -0.0360855345592213           0.0035774068564573
         -0.0213820592520124           0.0608439107331170          -0.0712423026121824
         -0.0144910776081937           0.0153538319346300          -0.0516663892422558
         -0.0245061993877056           0.0926046557673776          -0.1076941157094580
         -0.0172706106500608           0.0479036299553527          -0.0830538893058736
         -0.0022524798418596          -0.0071691499505558          -0.0177742672085031
          0.0099439116445773          -0.0013581016203684           0.0394137487108150
         -0.0220003257730716           0.0873520441779225          -0.0979229187929701
         -0.0161157092730653           0.0525671775676404          -0.0772118401369710
         -0.0058701265978324           0.0118521032737584          -0.0339102359265838
          0.0045522796884793           0.0024284883104263           0.0137862370897265
         -0.0121303974858339           0.0412934006008723          -0.0428414786101749
         -0.0094533299779968           0.0267291957951750          -0.0340093676431946
         -0.0051144360307214           0.0099993869278752          -0.0186538094083459
          0.0008657634339566           0.0008825414252893           0.0014381769907324
         -0.0385512202361934           0.1656036683248092          -0.1359417639780330
          0.0327153382342942          -0.0984354045322126           0.1341798050446286
         -0.0196847810271598           0.1304707940003069          -0.0710808677568485
          0.0515817774433260          -0.1335682788567168           0.1990407012658138
         -0.0387208874451967           0.1679836409819026          -0.1421196393770379
          0.0153091618704863          -0.0610099768527533           0.0923995080989066
         -0.0196042749031517           0.1226124712081239          -0.0716673132785791
          0.0344257744125319          -0.1063811466265317           0.1628518341973666
          0.0028674987026199          -0.0089195771788218           0.0297986472938083
          0.0210945984048349          -0.0624928065256666           0.1004933653426532
         -0.0035604446026806           0.0348116606840915          -0.0228763672388225
          0.0121731070831122          -0.0174472729073028           0.0374607593284392
          0.0149285020256141          -0.0364606791583260           0.0620951372457744
         -0.0121564361536596           0.0182676310333896          -0.0202216111229625
         -0.0076144989333004           0.0531855263917030          -0.0450967673499629
          0.0038267184488885           0.0134475725752078          -0.0044037234724171
          0.0092666779911588          -0.0120866231627336           0.0228200664044369
         -0.0038240298922742           0.0049687526910768          -0.0036552301288543
         -0.0069947035448042           0.0330575614140468          -0.0278868663028237
         -0.0022846095254110           0.0172244940524242          -0.0136965547299624
          0.0014544837922663           0.0031671801904308          -0.0007970275004772
         -0.0000896581713305           0.0000229634683605           0.0004980898524779
   1
          0.0000000000000000           0.0000000000000000           0.0000000000000000
          0.0000000000000000           0.0000000000000000           0.0000000000000000
          0.0000000000000000           0.0000000000000000           0.0000000000000000
          0.0000000000000000           0.0000000000000000           0.0000000000000000
          0.0000000000000000           0.0000000000000000           0.0000000000000000
          0.0000000000000000           0.0000000000000000           0.0000000000000000
          0.0000000000000000           0.0000000000000000           0.0000000000000000
          0.0000000000000000           0.0000000000000000           0.0000000000000000
          0.0000000000000000           0.0000000000000000           0.0000000000000000
          0.0000000000000000           0.0000000000000000           0.0000000000000000
          0.0000000000000000           0.0000000000000000           0.0000000000000000
          0.0000000000000000           0.0000000000000000           0.0000000000000000
          0.0000000000000000           0.0000000000000000           0.0000000000000000
          0.0000000000000000           0.0000000000000000           0.0000000000000000
          0.0000000000000000           0.0000000000000000           0.0000000000000000
          0.0000000000000000           0.0000000000000000           0.0000000000000000
          0.0000000000000000           0.0000000000000000           0.0000000000000000
          0.0000000000000000           0.0000000000000000           0.0000000000000000
          0.0000000000000000           0.0000000000000000           0.0000000000000000
          0.0000000000000000           0.0000000000000000           0.0000000000000000
          0.0000000000000000           0.0000000000000000           0.0000000000000000
          0.0000000000000000           0.0000000000000000           0.0000000000000000
          0.0000000000000000           0.0000000000000000           0.0000000000000000
          0.0000000000000000           0.0000000000000000           0.0000000000000000
          0.0000000000000000           0.0000000000000000           0.0000000000000000
          0.0000000000000000           0.0000000000000000           0.0000000000000000
          0.0000000000000000           0.0000000000000000           0.0000000000000000
          0.0000000000000000           0.0000000000000000           0.0000000000000000
          0.0000000000000000           0.0000000000000000           0.0000000000000000
          0.0000000000000000           0.0000000000000000           0.0000000000000000
          0.0265375201328173          -0.0171634331562740           0.0081523867346644
          0.0046218902472298          -0.0024351084664316           0.0066108593953372
         -0.0039904733568485           0.0197033353015208          -0.0127228042695922
         -0.0103064389204146           0.0513005133851698          -0.0386611046500691
         -0.0149560775907170           0.0786915273300083          -0.0491304121791037
         -0.0099689341370188           0.0688836512405295          -0.0276386485040811
          0.0015430245953237           0.0156676857699394           0.0006501239377115
          0.0002493036311412           0.0003094357204445           0.0002867661873703
          0.0246318243453991          -0.0259835369343614           0.1064354036108278
         -0.0363035883491964           0.1603200645195520          -0.1099593214776444
         -0.0063651702821309           0.1080300314065612          -0.0350872041140439
         -0.0673005829767297           0.2943336328604735          -0.2514819292025148
          0.0126704628338958          -0.0188499901189344           0.0905350759632667
         -0.0594939139833162           0.2327973183772354          -0.1899753385195297
         -0.0084820009529338           0.0754260874373182          -0.0009494576173271
         -0.0806463777701456           0.3270733959334869          -0.2814598721001242
         -0.0724950481808920           0.2996006041364737          -0.2655853593573114
         -0.0830850195276812           0.3422963655907268          -0.2970233221025086
         -0.0702440942214318           0.3098282725498031          -0.2789577407868676
         -0.0723119761460728           0.3103847570694624          -0.2680964262961902
         -0.0599106367369713           0.2867493332147713          -0.1876412266624527
          0.0091085839271034           0.0905160607969213           0.0316707493375721
         -0.0562289049417976           0.2472244018072482          -0.2179664949268046
         -0.0527627909246266           0.2262825680236346          -0.1915753786652943
         -0.0383626350601705           0.1825062854904488          -0.1235531825781463
          0.0068652771001280           0.0404617495378843           0.0155416626250999
         -0.0267792098693096           0.1044787943498662          -0.0875741737466675
         -0.0228293059693891           0.0883346047045022          -0.0719717448400702
         -0.0146120159166670           0.0623356240522205          -0.0440413121489313
          0.0018458833359038           0.0086657929856088           0.0023568876032861
         -0.0385512202361923           0.1656036683248089          -0.1359417639780339
          0.0327153382342943          -0.0984354045322128           0.1341798050446282
         -0.0196847810271606           0.1304707940003064          -0.0710808677568486
          0.0515817774433271          -0.1335682788567151           0.1990407012658117
         -0.0387208874451970           0.1679836409819020          -0.1421196393770390
          0.0153091618704851          -0.0610099768527535           0.0923995080989080
         -0.0196042749031519           0.1226124712081240          -0.0716673132785790
          0.0344257744125340          -0.1063811466265316           0.1628518341973663
          0.0028674987026230          -0.0089195771788226           0.0297986472938081
          0.0210945984048353          -0.0624928065256666           0.1004933653426523
         -0.0035604446026809           0.0348116606840914          -0.0228763672388206
          0.0121731070831121          -0.0174472729073028           0.0374607593284392
          0.0149285020256137          -0.0364606791583261           0.0620951372457741
         -0.0121564361536597           0.0182676310333896          -0.0202216111229626
         -0.0076144989333004           0.0531855263917029          -0.0450967673499631
          0.0038267184488881           0.0134475725752078          -0.0044037234724172
          0.0092666779911586          -0.0120866231627335           0.0228200664044366
         -0.0038240298922742           0.0049687526910768          -0.0036552301288543
         -0.0069947035448042           0.0330575614140467          -0.0278868663028236
         -0.0022846095254111           0.0172244940524243          -0.0136965547299624
          0.0014544837922663           0.0031671801904308          -0.0007970275004772
         -0.0000896581713305           0.0000229634683605           0.0004980898524779
   0
          0.0000000000000000          -0.0000000000000001           0.0000000000000002
          0.0000000000000000           0.0000000000000000          -0.0000000000000001
          0.0000000000000000          -0.0000000000000000           0.0000000000000001
          0.0000000000000000          -0.0000000000000000           0.0000000000000000
          0.0000000000000000           0.0000000000000000           0.0000000000000000
          0.0000000000000000           0.0000000000000000           0.0000000000000000
          0.0000000000000000          -0.0000000000000000          -0.0000000000000000
          0.0000000000000000           0.0000000000000000           0.0000000000000000
          0.0000000000000003          -0.0000000000000002          -0.0000000000000000
         -0.0000000000000005          -0.0000000000000004          -0.0000000000000005
          0.0000000000000002           0.0000000000000000           0.0000000000000000
         -0.0000000000000012           0.0000000000000001           0.0000000000000001
          0.0000000000000000           0.0000000000000000           0.0000000000000005
          0.0000000000000001          -0.0000000000000003           0.0000000000000007
          0.0000000000000004           0.0000000000000001          -0.0000000000000002
         -0.0000000000000002          -0.0000000000000001           0.0000000000000001
         -0.0000000000000000          -0.0000000000000002          -0.0000000000000000
          0.0000000000000001          -0.0000000000000002           0.0000000000000000
          0.0000000000000001          -0.0000000000000000          -0.0000000000000001
         -0.0000000000000000           0.0000000000000001           0.0000000000000001
          0.0000000000000000          -0.0000000000000000           0.0000000000000000
          0.0000000000000000           0.0000000000000000          -0.0000000000000000
          0.0000000000000000           0.0000000000000000          -0.0000000000000001
          0.0000000000000001          -0.0000000000000000          -0.0000000000000000
         -0.0000000000000000           0.0000000000000000          -0.0000000000000000
          0.0000000000000000          -0.0000000000000000           0.0000000000000000
         -0.0000000000000000          -0.0000000000000000           0.0000000000000000
         -0.0000000000000000           0.0000000000000000           0.0000000000000000
          0.0000000000000000          -0.0000000000000000          -0.0000000000000000
          0.0000000000000000           0.0000000000000000           0.0000000000000000
          0.0000000000000000           0.0000000000000000           0.0000000000000000
          0.0000000000000000           0.0000000000000000           0.0000000000000000
          0.0000000000000000           0.0000000000000000           0.0000000000000000
          0.0000000000000000           0.0000000000000000           0.0000000000000000
          0.0000000000000000           0.0000000000000000           0.0000000000000000
          0.0000000000000000           0.0000000000000000           0.0000000000000000
          0.0000000000000000           0.0000000000000000           0.0000000000000000
          0.0000000000000000           0.0000000000000000           0.0000000000000000
          0.0404091286462222          -0.1437618816640177           0.1655661259679335
         -0.0462450106481209           0.2109301454566120          -0.1673280849013417
          0.0078297031620111           0.0206465282726242           0.0322064646744486
         -0.0788244361323343           0.3753385553932532          -0.3006877461948275
          0.0271214234482169          -0.1231216170554508           0.1377366179512177
         -0.0505331490229265           0.2300952811846006          -0.1874567492293495
          0.0013162107251465           0.0099420322526564           0.0401560882239886
         -0.0763383617459983           0.3631589304927078          -0.2850372789565758
         -0.0511129889288802           0.2387566934033569          -0.1943430567451298
         -0.0685939419194881           0.3269425336560978          -0.2453569328602528
         -0.0457378948337271           0.2172236167824256          -0.1712636250774089
         -0.0550413654960117           0.2624811271141084          -0.1850425369903160
         -0.0576581568951117           0.2939184831653271          -0.1698669594539503
         -0.0008353277174737           0.0918741624172896          -0.0077429993732429
         -0.0342285791687256           0.1598723576293254          -0.1200435761338337
         -0.0366470816515609           0.1737153904559944          -0.1143635385283231
         -0.0324925084623380           0.1706541822166902          -0.0896429466515624
          0.0023129974116488           0.0380332612274581           0.0017554255353734
         -0.0146488123834756           0.0631853937489938          -0.0447326951364926
         -0.0133759759913923           0.0616054089093273          -0.0379623771968754
         -0.0094975798859455           0.0523362371243454          -0.0253875027405855
          0.0009801199019472           0.0077832515603195           0.0009187106125537
          0.0000000000000000           0.0000000000000000           0.0000000000000000
          0.0000000000000000           0.0000000000000000           0.0000000000000000
          0.0000000000000000           0.0000000000000000           0.0000000000000000
          0.0000000000000000           0.0000000000000000           0.0000000000000000
          0.0000000000000000           0.0000000000000000           0.0000000000000000
          0.0000000000000000           0.0000000000000000           0.0000000000000000
          0.0000000000000000           0.0000000000000000           0.0000000000000000
          0.0000000000000000           0.0000000000000000           0.0000000000000000
          0.0000000000000000           0.0000000000000000           0.0000000000000000
          0.0000000000000000           0.0000000000000000           0.0000000000000000
          0.0000000000000000           0.0000000000000000           0.0000000000000000
          0.0000000000000000           0.0000000000000000           0.0000000000000000
          0.0000000000000000           0.0000000000000000           0.0000000000000000
          0.0000000000000000           0.0000000000000000           0.0000000000000000
          0.0000000000000000           0.0000000000000000           0.0000000000000000
          0.0000000000000000           0.0000000000000000           0.0000000000000000
          0.0000000000000000           0.0000000000000000           0.0000000000000000
          0.0000000000000000           0.0000000000000000           0.0000000000000000
          0.0000000000000000           0.0000000000000000           0.0000000000000000
          0.0000000000000000           0.0000000000000000           0.0000000000000000
          0.0000000000000000           0.0000000000000000           0.0000000000000000
          0.0000000000000000           0.0000000000000000           0.0000000000000000
