1  82   2   1   1   -2.107512   0.000000
  0 
./DATA/000/093/
0
          0.0000000000000000
          0.0000000000000000
          0.0000000000000000
          0.0000000000000000
          0.0000000000000000
          0.0000000000000000
          0.0000000000000000
          0.0000000000000000
          0.0000000000000000
          0.0000000000000000
          0.0000000000000000
          0.0000000000000000
          0.0000000000000000
          0.0000000000000000
          0.0000000000000000
          0.0000000000000000
          0.0000000000000000
          0.0000000000000000
          0.0000000000000000
          0.0000000000000000
          0.0000000000000000
          0.0000000000000000
          0.0000000000000000
          0.0000000000000000
          0.0000000000000000
          0.0000000000000000
          0.0000000000000000
          0.0000000000000000
          0.0000000000000000
          0.0000000000000000
          0.7289861268301229
          0.6373873771252371
          0.5490452257996586
          0.4389500583998709
          0.3022920765049791
          0.1664352866097700
          0.0374362224401013
          0.0018940229667477
          0.0000000000000000
          0.0000000000000000
          0.0000000000000000
          0.0000000000000000
          0.0000000000000000
          0.0000000000000000
          0.0000000000000000
          0.0000000000000000
          0.0000000000000000
          0.0000000000000000
          0.0000000000000000
          0.0000000000000000
          0.0000000000000000
          0.0000000000000000
          0.0000000000000000
          0.0000000000000000
          0.0000000000000000
          0.0000000000000000
          0.0000000000000000
          0.0000000000000000
          0.0000000000000000
          0.0000000000000000
          0.0000000000000000
          0.0000000000000000
          0.0000000000000000
          0.0000000000000000
          0.0000000000000000
          0.0000000000000000
          0.0000000000000000
          0.0000000000000000
          0.0000000000000000
          0.0000000000000000
          0.0000000000000000
          0.0000000000000000
          0.0000000000000000
          0.0000000000000000
          0.0000000000000000
          0.0000000000000000
          0.0000000000000000
          0.0000000000000000
          0.0000000000000000
          0.0000000000000000
          0.0000000000000000
          0.0000000000000000
1
          0.0000000000000000
          0.0000000000000000
          0.0000000000000000
          0.0000000000000000
          0.0000000000000000
          0.0000000000000000
          0.0000000000000000
          0.0000000000000000
          0.0000000000000000
          0.0000000000000000
          0.0000000000000000
          0.0000000000000000
          0.0000000000000000
          0.0000000000000000
          0.0000000000000000
          0.0000000000000000
          0.0000000000000000
          0.0000000000000000
          0.0000000000000000
          0.0000000000000000
          0.0000000000000000
          0.0000000000000000
          0.0000000000000000
          0.0000000000000000
          0.0000000000000000
          0.0000000000000000
          0.0000000000000000
          0.0000000000000000
          0.0000000000000000
          0.0000000000000000
          0.7289861268301229
          0.6373873771252371
          0.5490452257996586
          0.4389500583998709
          0.3022920765049791
          0.1664352866097700
          0.0374362224401013
          0.0018940229667477
          0.0000000000000000
          0.0000000000000000
          0.0000000000000000
          0.0000000000000000
          0.0000000000000000
          0.0000000000000000
          0.0000000000000000
          0.0000000000000000
          0.0000000000000000
          0.0000000000000000
          0.0000000000000000
          0.0000000000000000
          0.0000000000000000
          0.0000000000000000
          0.0000000000000000
          0.0000000000000000
          0.0000000000000000
          0.0000000000000000
          0.0000000000000000
          0.0000000000000000
          0.0000000000000000
          0.0000000000000000
          0.0000000000000000
          0.0000000000000000
          0.0000000000000000
          0.0000000000000000
          0.0000000000000000
          0.0000000000000000
          0.0000000000000000
          0.0000000000000000
          0.0000000000000000
          0.0000000000000000
          0.0000000000000000
          0.0000000000000000
          0.0000000000000000
          0.0000000000000000
          0.0000000000000000
          0.0000000000000000
          0.0000000000000000
          0.0000000000000000
          0.0000000000000000
          0.0000000000000000
          0.0000000000000000
          0.0000000000000000
   0    1 -5.973127  0.000000 -0.000000 
          0.0000000000000000           0.0000000000000000           0.0000000000000000
          0.0000000000000000           0.0000000000000000           0.0000000000000000
          0.0000000000000000           0.0000000000000000           0.0000000000000000
          0.0000000000000000           0.0000000000000000           0.0000000000000000
          0.0000000000000000           0.0000000000000000           0.0000000000000000
          0.0000000000000000           0.0000000000000000           0.0000000000000000
          0.0000000000000000           0.0000000000000000           0.0000000000000000
          0.0000000000000000           0.0000000000000000           0.0000000000000000
          0.0000000000000000           0.0000000000000000           0.0000000000000000
          0.0000000000000000           0.0000000000000000           0.0000000000000000
          0.0000000000000000           0.0000000000000000           0.0000000000000000
          0.0000000000000000           0.0000000000000000           0.0000000000000000
          0.0000000000000000           0.0000000000000000           0.0000000000000000
          0.0000000000000000           0.0000000000000000           0.0000000000000000
          0.0000000000000000           0.0000000000000000           0.0000000000000000
          0.0000000000000000           0.0000000000000000           0.0000000000000000
          0.0000000000000000           0.0000000000000000           0.0000000000000000
          0.0000000000000000           0.0000000000000000           0.0000000000000000
          0.0000000000000000           0.0000000000000000           0.0000000000000000
          0.0000000000000000           0.0000000000000000           0.0000000000000000
          0.0000000000000000           0.0000000000000000           0.0000000000000000
          0.0000000000000000           0.0000000000000000           0.0000000000000000
          0.0000000000000000           0.0000000000000000           0.0000000000000000
          0.0000000000000000           0.0000000000000000           0.0000000000000000
          0.0000000000000000           0.0000000000000000           0.0000000000000000
          0.0000000000000000           0.0000000000000000           0.0000000000000000
          0.0000000000000000           0.0000000000000000           0.0000000000000000
          0.0000000000000000           0.0000000000000000           0.0000000000000000
          0.0000000000000000           0.0000000000000000           0.0000000000000000
          0.0000000000000000           0.0000000000000000           0.0000000000000000
          0.2369322559522575           0.0000000000000000           0.0000000000000000
          0.2909053432260597           0.0000000000000000           0.0000000000000000
          0.3307381707727460           0.0000000000000000           0.0000000000000000
          0.3605384382867914           0.0000000000000000           0.0000000000000000
          0.3586176397836935           0.0000000000000000           0.0000000000000000
          0.2946351815045727           0.0000000000000000           0.0000000000000000
          0.1209234836777887           0.0000000000000000           0.0000000000000000
          0.0116479040912560           0.0000000000000000           0.0000000000000000
          0.0000000000000000           0.0000000000000000           0.0000000000000000
          0.0000000000000000           0.0000000000000000           0.0000000000000000
          0.0000000000000000           0.0000000000000000           0.0000000000000000
          0.0000000000000000           0.0000000000000000           0.0000000000000000
          0.0000000000000000           0.0000000000000000           0.0000000000000000
          0.0000000000000000           0.0000000000000000           0.0000000000000000
          0.0000000000000000           0.0000000000000000           0.0000000000000000
          0.0000000000000000           0.0000000000000000           0.0000000000000000
          0.0000000000000000           0.0000000000000000           0.0000000000000000
          0.0000000000000000           0.0000000000000000           0.0000000000000000
          0.0000000000000000           0.0000000000000000           0.0000000000000000
          0.0000000000000000           0.0000000000000000           0.0000000000000000
          0.0000000000000000           0.0000000000000000           0.0000000000000000
          0.0000000000000000           0.0000000000000000           0.0000000000000000
          0.0000000000000000           0.0000000000000000           0.0000000000000000
          0.0000000000000000           0.0000000000000000           0.0000000000000000
          0.0000000000000000           0.0000000000000000           0.0000000000000000
          0.0000000000000000           0.0000000000000000           0.0000000000000000
          0.0000000000000000           0.0000000000000000           0.0000000000000000
          0.0000000000000000           0.0000000000000000           0.0000000000000000
          0.0000000000000000           0.0000000000000000           0.0000000000000000
          0.0000000000000000           0.0000000000000000           0.0000000000000000
          0.0000000000000000           0.0000000000000000           0.0000000000000000
          0.0000000000000000           0.0000000000000000           0.0000000000000000
          0.0000000000000000           0.0000000000000000           0.0000000000000000
          0.0000000000000000           0.0000000000000000           0.0000000000000000
          0.0000000000000000           0.0000000000000000           0.0000000000000000
          0.0000000000000000           0.0000000000000000           0.0000000000000000
          0.0000000000000000           0.0000000000000000           0.0000000000000000
          0.0000000000000000           0.0000000000000000           0.0000000000000000
          0.0000000000000000           0.0000000000000000           0.0000000000000000
          0.0000000000000000           0.0000000000000000           0.0000000000000000
          0.0000000000000000           0.0000000000000000           0.0000000000000000
          0.0000000000000000           0.0000000000000000           0.0000000000000000
          0.0000000000000000           0.0000000000000000           0.0000000000000000
          0.0000000000000000           0.0000000000000000           0.0000000000000000
          0.0000000000000000           0.0000000000000000           0.0000000000000000
          0.0000000000000000           0.0000000000000000           0.0000000000000000
          0.0000000000000000           0.0000000000000000           0.0000000000000000
          0.0000000000000000           0.0000000000000000           0.0000000000000000
          0.0000000000000000           0.0000000000000000           0.0000000000000000
          0.0000000000000000           0.0000000000000000           0.0000000000000000
          0.0000000000000000           0.0000000000000000           0.0000000000000000
          0.0000000000000000           0.0000000000000000           0.0000000000000000
   1
          0.0000000000000000           0.0000000000000000           0.0000000000000000
          0.0000000000000000           0.0000000000000000           0.0000000000000000
          0.0000000000000000           0.0000000000000000           0.0000000000000000
          0.0000000000000000           0.0000000000000000           0.0000000000000000
          0.0000000000000000           0.0000000000000000           0.0000000000000000
          0.0000000000000000           0.0000000000000000           0.0000000000000000
          0.0000000000000000           0.0000000000000000           0.0000000000000000
          0.0000000000000000           0.0000000000000000           0.0000000000000000
          0.0000000000000000           0.0000000000000000           0.0000000000000000
          0.0000000000000000           0.0000000000000000           0.0000000000000000
          0.0000000000000000           0.0000000000000000           0.0000000000000000
          0.0000000000000000           0.0000000000000000           0.0000000000000000
          0.0000000000000000           0.0000000000000000           0.0000000000000000
          0.0000000000000000           0.0000000000000000           0.0000000000000000
          0.0000000000000000           0.0000000000000000           0.0000000000000000
          0.0000000000000000           0.0000000000000000           0.0000000000000000
          0.0000000000000000           0.0000000000000000           0.0000000000000000
          0.0000000000000000           0.0000000000000000           0.0000000000000000
          0.0000000000000000           0.0000000000000000           0.0000000000000000
          0.0000000000000000           0.0000000000000000           0.0000000000000000
          0.0000000000000000           0.0000000000000000           0.0000000000000000
          0.0000000000000000           0.0000000000000000           0.0000000000000000
          0.0000000000000000           0.0000000000000000           0.0000000000000000
          0.0000000000000000           0.0000000000000000           0.0000000000000000
          0.0000000000000000           0.0000000000000000           0.0000000000000000
          0.0000000000000000           0.0000000000000000           0.0000000000000000
          0.0000000000000000           0.0000000000000000           0.0000000000000000
          0.0000000000000000           0.0000000000000000           0.0000000000000000
          0.0000000000000000           0.0000000000000000           0.0000000000000000
          0.0000000000000000           0.0000000000000000           0.0000000000000000
          0.2369322559522575           0.0000000000000000           0.0000000000000000
          0.2909053432260597           0.0000000000000000           0.0000000000000000
          0.3307381707727460           0.0000000000000000           0.0000000000000000
          0.3605384382867914           0.0000000000000000           0.0000000000000000
          0.3586176397836935           0.0000000000000000           0.0000000000000000
          0.2946351815045727           0.0000000000000000           0.0000000000000000
          0.1209234836777887           0.0000000000000000           0.0000000000000000
          0.0116479040912560           0.0000000000000000           0.0000000000000000
          0.0000000000000000           0.0000000000000000           0.0000000000000000
          0.0000000000000000           0.0000000000000000           0.0000000000000000
          0.0000000000000000           0.0000000000000000           0.0000000000000000
          0.0000000000000000           0.0000000000000000           0.0000000000000000
          0.0000000000000000           0.0000000000000000           0.0000000000000000
          0.0000000000000000           0.0000000000000000           0.0000000000000000
          0.0000000000000000           0.0000000000000000           0.0000000000000000
          0.0000000000000000           0.0000000000000000           0.0000000000000000
          0.0000000000000000           0.0000000000000000           0.0000000000000000
          0.0000000000000000           0.0000000000000000           0.0000000000000000
          0.0000000000000000           0.0000000000000000           0.0000000000000000
          0.0000000000000000           0.0000000000000000           0.0000000000000000
          0.0000000000000000           0.0000000000000000           0.0000000000000000
          0.0000000000000000           0.0000000000000000           0.0000000000000000
          0.0000000000000000           0.0000000000000000           0.0000000000000000
          0.0000000000000000           0.0000000000000000           0.0000000000000000
          0.0000000000000000           0.0000000000000000           0.0000000000000000
          0.0000000000000000           0.0000000000000000           0.0000000000000000
          0.0000000000000000           0.0000000000000000           0.0000000000000000
          0.0000000000000000           0.0000000000000000           0.0000000000000000
          0.0000000000000000           0.0000000000000000           0.0000000000000000
          0.0000000000000000           0.0000000000000000           0.0000000000000000
          0.0000000000000000           0.0000000000000000           0.0000000000000000
          0.0000000000000000           0.0000000000000000           0.0000000000000000
          0.0000000000000000           0.0000000000000000           0.0000000000000000
          0.0000000000000000           0.0000000000000000           0.0000000000000000
          0.0000000000000000           0.0000000000000000           0.0000000000000000
          0.0000000000000000           0.0000000000000000           0.0000000000000000
          0.0000000000000000           0.0000000000000000           0.0000000000000000
          0.0000000000000000           0.0000000000000000           0.0000000000000000
          0.0000000000000000           0.0000000000000000           0.0000000000000000
          0.0000000000000000           0.0000000000000000           0.0000000000000000
          0.0000000000000000           0.0000000000000000           0.0000000000000000
          0.0000000000000000           0.0000000000000000           0.0000000000000000
          0.0000000000000000           0.0000000000000000           0.0000000000000000
          0.0000000000000000           0.0000000000000000           0.0000000000000000
          0.0000000000000000           0.0000000000000000           0.0000000000000000
          0.0000000000000000           0.0000000000000000           0.0000000000000000
          0.0000000000000000           0.0000000000000000           0.0000000000000000
          0.0000000000000000           0.0000000000000000           0.0000000000000000
          0.0000000000000000           0.0000000000000000           0.0000000000000000
          0.0000000000000000           0.0000000000000000           0.0000000000000000
          0.0000000000000000           0.0000000000000000           0.0000000000000000
          0.0000000000000000           0.0000000000000000           0.0000000000000000
