1  82   2   1   2   -5.940308   0.000000
  0 
./DATA/100/00/GA/G005/M026/
0
          3.6815996535778059
          2.3358974616455375
          1.4416685503979845
          0.7225857445670878
          0.2422711911884011
          0.0461656283230935
          0.0009567545629505
          0.0000006765551771
          0.7881934205913109
          2.2821000009709498
          0.2397136101067321
          1.7336201904863695
          0.5034123379389799
          1.4604190861844020
          0.1515110571851794
          1.1085178054306009
          0.6860323927715677
          0.5200303615690985
          0.2446118204719151
          0.1851109136096190
          0.1099176590013413
          0.0086763299191234
          0.0585756010105594
          0.0442410909799459
          0.0260107099979871
          0.0018380170446632
          0.0037325341125952
          0.0028121772862052
          0.0016320740988618
          0.0000980500375241
          4.6308427680290611
          3.3537935439720514
          2.4191214111398036
          1.5440492894407345
          0.7767666970418843
          0.2785008630127349
          0.0247760814328456
          0.0002469670580566
          3.3090583096952160
         12.6333690715174480
          1.0213314298767351
         10.3456421916989605
          2.3431797207939900
          9.0751024056927392
          0.7034180276720635
          7.4353407125708140
          5.1978077757389949
          4.2611906643198356
          2.4364213593216832
          1.9983722879401615
          1.3974582878649811
          0.2680962596455451
          0.8538693942854521
          0.7005452942036184
          0.4869081300890296
          0.0852133574250014
          0.1133049113887327
          0.0929497073016818
          0.0640301933655954
          0.0097389210551340
          3.0395033953641528
          4.9317102952421772
          1.4108213613924576
          3.3030282612704789
          2.1954373910143015
          3.5137036722290640
          1.0154006758968197
          2.3336669571115825
          1.9883448726483435
          1.3033454769603103
          0.9198340685255709
          0.5935885490193126
          0.2777753237512704
          0.0180142766357660
          0.3181791209569317
          0.2017998799057847
          0.0902928607716856
          0.0045082499731567
          0.0416407931872018
          0.0258478594432800
          0.0108859783383831
          0.0003343733481996
1
          3.6815996535778055
          2.3358974616455379
          1.4416685503979845
          0.7225857445670877
          0.2422711911884012
          0.0461656283230935
          0.0009567545629505
          0.0000006765551771
          0.7881934205913111
          2.2821000009709493
          0.2397136101067321
          1.7336201904863697
          0.5034123379389798
          1.4604190861844020
          0.1515110571851795
          1.1085178054306011
          0.6860323927715678
          0.5200303615690987
          0.2446118204719152
          0.1851109136096190
          0.1099176590013413
          0.0086763299191234
          0.0585756010105594
          0.0442410909799459
          0.0260107099979871
          0.0018380170446632
          0.0037325341125952
          0.0028121772862052
          0.0016320740988618
          0.0000980500375241
          4.6308427680290611
          3.3537935439720510
          2.4191214111398032
          1.5440492894407341
          0.7767666970418842
          0.2785008630127349
          0.0247760814328456
          0.0002469670580566
          3.3090583096952169
         12.6333690715174551
          1.0213314298767344
         10.3456421916989623
          2.3431797207939931
          9.0751024056927392
          0.7034180276720632
          7.4353407125708149
          5.1978077757389913
          4.2611906643198365
          2.4364213593216837
          1.9983722879401642
          1.3974582878649822
          0.2680962596455450
          0.8538693942854513
          0.7005452942036192
          0.4869081300890299
          0.0852133574250014
          0.1133049113887326
          0.0929497073016818
          0.0640301933655955
          0.0097389210551340
          3.0395033953641573
          4.9317102952421763
          1.4108213613924581
          3.3030282612704789
          2.1954373910143019
          3.5137036722290618
          1.0154006758968201
          2.3336669571115838
          1.9883448726483437
          1.3033454769603106
          0.9198340685255703
          0.5935885490193128
          0.2777753237512704
          0.0180142766357660
          0.3181791209569315
          0.2017998799057847
          0.0902928607716856
          0.0045082499731567
          0.0416407931872018
          0.0258478594432800
          0.0108859783383831
          0.0003343733481996
   0    2  0.105615 -0.743377  0.340856 
         -0.0000000000000001          -0.0000000000000000           0.0000000000000000
          0.0000000000000000           0.0000000000000000           0.0000000000000000
         -0.0000000000000001          -0.0000000000000000          -0.0000000000000000
          0.0000000000000000          -0.0000000000000000          -0.0000000000000000
         -0.0000000000000000           0.0000000000000000           0.0000000000000000
         -0.0000000000000000           0.0000000000000000           0.0000000000000000
          0.0000000000000000           0.0000000000000000           0.0000000000000000
          0.0000000000000000           0.0000000000000000           0.0000000000000000
         -0.0000000000000001           0.0000000000000000          -0.0000000000000000
          0.0000000000000001           0.0000000000000000           0.0000000000000001
          0.0000000000000000           0.0000000000000000          -0.0000000000000000
          0.0000000000000002          -0.0000000000000000          -0.0000000000000000
          0.0000000000000000          -0.0000000000000000           0.0000000000000000
         -0.0000000000000000          -0.0000000000000000          -0.0000000000000000
          0.0000000000000000           0.0000000000000000           0.0000000000000000
          0.0000000000000000          -0.0000000000000000           0.0000000000000000
          0.0000000000000001           0.0000000000000000           0.0000000000000000
          0.0000000000000000           0.0000000000000000          -0.0000000000000000
          0.0000000000000000          -0.0000000000000000          -0.0000000000000000
          0.0000000000000000           0.0000000000000000          -0.0000000000000000
         -0.0000000000000000          -0.0000000000000000           0.0000000000000000
         -0.0000000000000000           0.0000000000000000          -0.0000000000000000
          0.0000000000000000          -0.0000000000000000           0.0000000000000000
         -0.0000000000000000          -0.0000000000000000           0.0000000000000000
          0.0000000000000000           0.0000000000000000          -0.0000000000000000
         -0.0000000000000000          -0.0000000000000000           0.0000000000000000
         -0.0000000000000000          -0.0000000000000000          -0.0000000000000000
         -0.0000000000000000           0.0000000000000000          -0.0000000000000000
         -0.0000000000000000           0.0000000000000000           0.0000000000000000
         -0.0000000000000000          -0.0000000000000000           0.0000000000000000
          0.0113429266423380           0.0354527766947449           0.0131758213265494
          0.0000446260809641           0.0047701811216999          -0.0057924395118958
          0.0009103573584455           0.0036340767743167          -0.0026853816096348
          0.0064098797305816           0.0174844204029485           0.0107039958094072
          0.0084318600592862           0.0364685413536877           0.0176464443984725
          0.0024514813801854           0.0425314445655398           0.0055018440807914
         -0.0017039228180282           0.0175362777037436          -0.0044283995537848
         -0.0001169688035168           0.0006700500900562          -0.0002968480626377
          0.0016658961171944           0.0313298018755584           0.0002919794055944
         -0.0080348568105509          -0.0193393447515652          -0.0463252649698501
         -0.0018818169303071           0.0258968922568380          -0.0077170593852092
         -0.0115825698580520          -0.0247722543702858          -0.0543343037606550
          0.0033432478417351           0.0289029148659068           0.0035595807518740
         -0.0082624011085908          -0.0229879601854330          -0.0399430141149135
         -0.0014139883029589           0.0221900423910204          -0.0050949218351655
         -0.0130196372532841          -0.0297008326603198          -0.0485975167019518
         -0.0022285305078049          -0.0134470575902964          -0.0196924112649557
         -0.0079153559875173          -0.0212381432440011          -0.0289363613162552
          0.0047186697620792           0.0004350041750201           0.0026250048003360
         -0.0005233366229152          -0.0066911062542402          -0.0058751402340940
         -0.0058595881354983          -0.0093642116152914          -0.0144305951331891
          0.0106518602388546          -0.0002406862014623           0.0007086049432546
          0.0066170452861535           0.0070162323521740           0.0133126563377331
          0.0031451823560762           0.0023810445718493           0.0073444769399628
         -0.0009240114461811          -0.0008866625941026           0.0000283269207666
          0.0032207357731469          -0.0001791214940450          -0.0001665641911339
          0.0027241227436841           0.0036816409716842           0.0074514788586305
          0.0017034892166608           0.0024302142245107           0.0054874607338022
          0.0004105423958612           0.0012274813953938           0.0028140738361570
          0.0002059105299111           0.0001690274878405           0.0001047389498750
          0.0180520518722646           0.0320842444338620           0.0197373421317356
         -0.0244210125656209          -0.0200937873098684          -0.0657706276959919
          0.0283955959953439           0.0509842250582485           0.0292165042988688
         -0.0140774684425420          -0.0011938066854820          -0.0562914655288588
          0.0176998923664948           0.0331564805759236           0.0253713079015493
         -0.0226190456333509          -0.0272415258954497          -0.0617547412645887
          0.0234413884315802           0.0457134741003499           0.0277515293632503
         -0.0168775495682656          -0.0146845323710233          -0.0593745198028880
         -0.0130435241317356          -0.0210389612679268          -0.0415651564530029
         -0.0126942353759306          -0.0165161130871209          -0.0471051841345785
         -0.0017288676853083          -0.0078643557213344          -0.0150502343181625
         -0.0045254888292459          -0.0088019779416122          -0.0245237812010396
         -0.0088157500098765          -0.0014467479198479          -0.0237969847578759
          0.0011744941047403           0.0016369359423851           0.0035995403253702
          0.0041998636461579           0.0008483333798557           0.0028711699719018
          0.0012338060248359          -0.0016649469724594          -0.0053381477735438
         -0.0028865774637122          -0.0001446689067082          -0.0096584234033804
          0.0000267730390658           0.0002455371207008           0.0005274935571970
          0.0027077077780884           0.0016005625279716           0.0048977170269924
          0.0016657878582840           0.0005079479289433           0.0019960375358654
          0.0001563031897327           0.0003251643696203          -0.0005459858383592
         -0.0000521599515055           0.0000077954588840          -0.0000666987279814
   1
          0.0000000000000000           0.0000000000000000           0.0000000000000000
          0.0000000000000000           0.0000000000000000           0.0000000000000000
          0.0000000000000000           0.0000000000000000           0.0000000000000000
          0.0000000000000000           0.0000000000000000           0.0000000000000000
          0.0000000000000000           0.0000000000000000           0.0000000000000000
          0.0000000000000000           0.0000000000000000           0.0000000000000000
          0.0000000000000000           0.0000000000000000           0.0000000000000000
          0.0000000000000000           0.0000000000000000           0.0000000000000000
          0.0000000000000000           0.0000000000000000           0.0000000000000000
          0.0000000000000000           0.0000000000000000           0.0000000000000000
          0.0000000000000000           0.0000000000000000           0.0000000000000000
          0.0000000000000000           0.0000000000000000           0.0000000000000000
          0.0000000000000000           0.0000000000000000           0.0000000000000000
          0.0000000000000000           0.0000000000000000           0.0000000000000000
          0.0000000000000000           0.0000000000000000           0.0000000000000000
          0.0000000000000000           0.0000000000000000           0.0000000000000000
          0.0000000000000000           0.0000000000000000           0.0000000000000000
          0.0000000000000000           0.0000000000000000           0.0000000000000000
          0.0000000000000000           0.0000000000000000           0.0000000000000000
          0.0000000000000000           0.0000000000000000           0.0000000000000000
          0.0000000000000000           0.0000000000000000           0.0000000000000000
          0.0000000000000000           0.0000000000000000           0.0000000000000000
          0.0000000000000000           0.0000000000000000           0.0000000000000000
          0.0000000000000000           0.0000000000000000           0.0000000000000000
          0.0000000000000000           0.0000000000000000           0.0000000000000000
          0.0000000000000000           0.0000000000000000           0.0000000000000000
          0.0000000000000000           0.0000000000000000           0.0000000000000000
          0.0000000000000000           0.0000000000000000           0.0000000000000000
          0.0000000000000000           0.0000000000000000           0.0000000000000000
          0.0000000000000000           0.0000000000000000           0.0000000000000000
          0.0113429266423379           0.0354527766947449           0.0131758213265494
          0.0000446260809640           0.0047701811216998          -0.0057924395118958
          0.0009103573584454           0.0036340767743167          -0.0026853816096348
          0.0064098797305816           0.0174844204029486           0.0107039958094072
          0.0084318600592862           0.0364685413536876           0.0176464443984725
          0.0024514813801854           0.0425314445655399           0.0055018440807914
         -0.0017039228180282           0.0175362777037436          -0.0044283995537848
         -0.0001169688035168           0.0006700500900562          -0.0002968480626377
         -0.0114658229505687           0.0261533664814258          -0.0355796765874845
         -0.0012720984361423          -0.0021724522334390          -0.0564868945410273
          0.0124357401478495           0.0646825912551590           0.0204188506903649
          0.0226294646622748           0.0363567725402933          -0.0004883672631794
         -0.0147661061410537           0.0080975896750562          -0.0416233896983599
          0.0049277996073417           0.0037323196858909          -0.0311434770277190
          0.0028028224655353           0.0397897232405266           0.0029681735939157
          0.0224967282139320           0.0354244532513614           0.0134480862645575
          0.0169099987012680           0.0221540572573152           0.0087982532983109
          0.0249592434230904           0.0412551981116144           0.0342298599188423
          0.0238542041605659           0.0351929641907320           0.0384451105030504
          0.0242165307357797           0.0424761141062255           0.0459766151787792
          0.0187534238274566           0.0583077241787909           0.0417342921532920
          0.0130550000483944           0.0669600333017791          -0.0098940510211847
          0.0195914411635181           0.0305865115808390           0.0416255788350066
          0.0168375361353901           0.0312429634991254           0.0392414406168899
          0.0101762804422794           0.0343762562756010           0.0283766917711697
          0.0032612509442161           0.0292360003742039          -0.0051508599952378
          0.0064084281291956           0.0104400417997346           0.0171202675811658
          0.0049008270631086           0.0098117201330821           0.0144032183743274
          0.0023839141079284           0.0092997909170779           0.0092863107546599
         -0.0001128693321752           0.0055834342108827          -0.0007724893200220
          0.0180520518722644           0.0320842444338618           0.0197373421317368
         -0.0244210125656194          -0.0200937873098681          -0.0657706276959910
          0.0283955959953435           0.0509842250582480           0.0292165042988690
         -0.0140774684425419          -0.0011938066854821          -0.0562914655288589
          0.0176998923664948           0.0331564805759226           0.0253713079015495
         -0.0226190456333503          -0.0272415258954499          -0.0617547412645893
          0.0234413884315804           0.0457134741003500           0.0277515293632498
         -0.0168775495682656          -0.0146845323710239          -0.0593745198028877
         -0.0130435241317358          -0.0210389612679265          -0.0415651564530031
         -0.0126942353759309          -0.0165161130871209          -0.0471051841345786
         -0.0017288676853080          -0.0078643557213345          -0.0150502343181625
         -0.0045254888292455          -0.0088019779416122          -0.0245237812010397
         -0.0088157500098764          -0.0014467479198479          -0.0237969847578759
          0.0011744941047403           0.0016369359423851           0.0035995403253702
          0.0041998636461579           0.0008483333798557           0.0028711699719018
          0.0012338060248358          -0.0016649469724594          -0.0053381477735439
         -0.0028865774637122          -0.0001446689067082          -0.0096584234033804
          0.0000267730390658           0.0002455371207007           0.0005274935571970
          0.0027077077780884           0.0016005625279716           0.0048977170269924
          0.0016657878582840           0.0005079479289433           0.0019960375358654
          0.0001563031897327           0.0003251643696203          -0.0005459858383592
         -0.0000521599515055           0.0000077954588840          -0.0000666987279814
   0
          0.0000000000000001           0.0000000000000000          -0.0000000000000000
         -0.0000000000000000          -0.0000000000000000           0.0000000000000000
          0.0000000000000001           0.0000000000000000           0.0000000000000000
          0.0000000000000000           0.0000000000000000           0.0000000000000000
          0.0000000000000000           0.0000000000000000          -0.0000000000000000
          0.0000000000000000           0.0000000000000000           0.0000000000000000
          0.0000000000000000          -0.0000000000000000           0.0000000000000000
          0.0000000000000000          -0.0000000000000000           0.0000000000000000
         -0.0000000000000000           0.0000000000000001           0.0000000000000001
          0.0000000000000003           0.0000000000000001          -0.0000000000000002
          0.0000000000000000          -0.0000000000000000           0.0000000000000000
          0.0000000000000002          -0.0000000000000001          -0.0000000000000001
          0.0000000000000001          -0.0000000000000000           0.0000000000000000
         -0.0000000000000001          -0.0000000000000001           0.0000000000000001
          0.0000000000000000          -0.0000000000000000          -0.0000000000000000
         -0.0000000000000001          -0.0000000000000001           0.0000000000000001
         -0.0000000000000000           0.0000000000000000          -0.0000000000000000
          0.0000000000000001          -0.0000000000000000          -0.0000000000000000
         -0.0000000000000000           0.0000000000000000           0.0000000000000000
          0.0000000000000000          -0.0000000000000000           0.0000000000000000
         -0.0000000000000000          -0.0000000000000000          -0.0000000000000000
         -0.0000000000000000           0.0000000000000000           0.0000000000000000
          0.0000000000000000           0.0000000000000000           0.0000000000000000
         -0.0000000000000000          -0.0000000000000000           0.0000000000000000
          0.0000000000000000           0.0000000000000000           0.0000000000000000
          0.0000000000000000           0.0000000000000000           0.0000000000000000
         -0.0000000000000000           0.0000000000000000          -0.0000000000000000
         -0.0000000000000000          -0.0000000000000000           0.0000000000000000
          0.0000000000000000           0.0000000000000000          -0.0000000000000000
          0.0000000000000000          -0.0000000000000000           0.0000000000000000
          0.0000000000000000           0.0000000000000000           0.0000000000000000
          0.0000000000000000           0.0000000000000000           0.0000000000000000
          0.0000000000000000           0.0000000000000000           0.0000000000000000
          0.0000000000000000           0.0000000000000000           0.0000000000000000
          0.0000000000000000           0.0000000000000000           0.0000000000000000
          0.0000000000000000           0.0000000000000000           0.0000000000000000
          0.0000000000000000           0.0000000000000000           0.0000000000000000
          0.0000000000000000           0.0000000000000000           0.0000000000000000
         -0.0131317190677635          -0.0051764353941328          -0.0358716559930791
          0.0067627583744085           0.0171668925181243          -0.0101616295711769
          0.0143175570781571           0.0387856989983210           0.0281359100755743
          0.0342120345203292           0.0611290269105797           0.0538459364974762
         -0.0181093539827880          -0.0208053251908505          -0.0451829704502339
          0.0131902007159324           0.0267202798713241           0.0087995370871947
          0.0042168107684940           0.0175996808495062           0.0080630954290811
          0.0355163654672149           0.0651252859116803           0.0620456029665094
          0.0191385292090727           0.0356011148476118           0.0284906645632661
          0.0328745994106077           0.0624933413556143           0.0631662212350975
          0.0191355343984858           0.0347579600157117           0.0358201057027144
          0.0247398673586950           0.0491672203604656           0.0518517554128730
          0.0246130119629548           0.0676719357940823           0.0561648872864810
          0.0024031398095399           0.0672007195032414          -0.0106026559644394
          0.0129743958773649           0.0235702792286650           0.0283129224972739
          0.0136923537793141           0.0288619189272761           0.0318969636769272
          0.0111002918884603           0.0352629188697036           0.0283483648504030
          0.0000405151710693           0.0294151218682489          -0.0049842958041038
          0.0036843053855115           0.0067584008280505           0.0096687887225353
          0.0031973378464478           0.0073815059085714           0.0089157576405252
          0.0019733717120672           0.0080723095216841           0.0064722369185029
         -0.0003187798620864           0.0054144067230422          -0.0008772282698970
          0.0000000000000000           0.0000000000000000           0.0000000000000000
          0.0000000000000000           0.0000000000000000           0.0000000000000000
          0.0000000000000000           0.0000000000000000           0.0000000000000000
          0.0000000000000000           0.0000000000000000           0.0000000000000000
          0.0000000000000000           0.0000000000000000           0.0000000000000000
          0.0000000000000000           0.0000000000000000           0.0000000000000000
          0.0000000000000000           0.0000000000000000           0.0000000000000000
          0.0000000000000000           0.0000000000000000           0.0000000000000000
          0.0000000000000000           0.0000000000000000           0.0000000000000000
          0.0000000000000000           0.0000000000000000           0.0000000000000000
          0.0000000000000000           0.0000000000000000           0.0000000000000000
          0.0000000000000000           0.0000000000000000           0.0000000000000000
          0.0000000000000000           0.0000000000000000           0.0000000000000000
          0.0000000000000000           0.0000000000000000           0.0000000000000000
          0.0000000000000000           0.0000000000000000           0.0000000000000000
          0.0000000000000000           0.0000000000000000           0.0000000000000000
          0.0000000000000000           0.0000000000000000           0.0000000000000000
          0.0000000000000000           0.0000000000000000           0.0000000000000000
          0.0000000000000000           0.0000000000000000           0.0000000000000000
          0.0000000000000000           0.0000000000000000           0.0000000000000000
          0.0000000000000000           0.0000000000000000           0.0000000000000000
          0.0000000000000000           0.0000000000000000           0.0000000000000000
