1  82   2   1   2   -6.171535   0.000000
  0 
./DATA/100/00/GA/G001/M024/
0
          5.0346872869164825
          3.4353386817042573
          2.3560480162913771
          1.4307819122195151
          0.6927721723562412
          0.2461082611564131
          0.0223061781503497
          0.0002051529726560
          2.2674710296094363
          6.1580341625457331
          0.9418890657390537
          4.8324521986753490
          1.6181694088876772
          4.4050325980189093
          0.6662470903295461
          3.4531102794607795
          2.5369152812486058
          1.9847028371874627
          1.2196798091859538
          0.9515683045249960
          0.6389746844912659
          0.1280843778441238
          0.4500661093284173
          0.3499938625854175
          0.2330894015581176
          0.0416221529948096
          0.0660699394770693
          0.0511785051768880
          0.0337442321481432
          0.0052089098126344
          6.4131218282049591
          4.4773285222026731
          3.1213017548277819
          1.9204828336492172
          0.9331207068476295
          0.3240657431099720
          0.0265827655808938
          0.0002113518889352
          8.4029279039681519
         23.6609571348751579
          3.3154543717130660
         18.5734836026200654
          6.0912767355061419
         17.1613844532783624
          2.3661007785939421
         13.4362084963661736
         10.1024965829454949
          7.8719179961329724
          5.0224774146012319
          3.8870486514906784
          2.4909738608244636
          0.4258579607323066
          1.9799430913610161
          1.5186351293294480
          0.9426691198440614
          0.1293916760471668
          0.3596780245436889
          0.2722611866813576
          0.1609986437975898
          0.0141232891628079
          4.4329804332876757
         11.5989620861339624
          1.8357405678468106
          9.0017222206930985
          3.1867087879358240
          8.4396218064564206
          1.2924094727929660
          6.5453224913135610
          4.9921061072665740
          3.8648835540738311
          2.4955096003171038
          1.9262080337343346
          1.2345527121616533
          0.2091844542684964
          0.9896978565427004
          0.7606419319798088
          0.4763952821266810
          0.0666990290669584
          0.1812121113351467
          0.1384274387317805
          0.0836914571041479
          0.0078876803047090
1
          5.0346872869164825
          3.4353386817042573
          2.3560480162913771
          1.4307819122195151
          0.6927721723562412
          0.2461082611564131
          0.0223061781503497
          0.0002051529726560
          2.2674710296094358
          6.1580341625457331
          0.9418890657390534
          4.8324521986753508
          1.6181694088876777
          4.4050325980189085
          0.6662470903295460
          3.4531102794607795
          2.5369152812486053
          1.9847028371874622
          1.2196798091859538
          0.9515683045249957
          0.6389746844912658
          0.1280843778441238
          0.4500661093284172
          0.3499938625854175
          0.2330894015581176
          0.0416221529948096
          0.0660699394770693
          0.0511785051768880
          0.0337442321481432
          0.0052089098126344
          6.4131218282049591
          4.4773285222026722
          3.1213017548277824
          1.9204828336492168
          0.9331207068476297
          0.3240657431099720
          0.0265827655808938
          0.0002113518889352
          8.4029279039681377
         23.6609571348751331
          3.3154543717130629
         18.5734836026200583
          6.0912767355061366
         17.1613844532783588
          2.3661007785939394
         13.4362084963661648
         10.1024965829454967
          7.8719179961329724
          5.0224774146012372
          3.8870486514906770
          2.4909738608244649
          0.4258579607323069
          1.9799430913610163
          1.5186351293294471
          0.9426691198440627
          0.1293916760471670
          0.3596780245436887
          0.2722611866813575
          0.1609986437975898
          0.0141232891628079
          4.4329804332876765
         11.5989620861339606
          1.8357405678468102
          9.0017222206931056
          3.1867087879358245
          8.4396218064564259
          1.2924094727929658
          6.5453224913135708
          4.9921061072665776
          3.8648835540738320
          2.4955096003171042
          1.9262080337343328
          1.2345527121616529
          0.2091844542684963
          0.9896978565427003
          0.7606419319798093
          0.4763952821266810
          0.0666990290669584
          0.1812121113351468
          0.1384274387317804
          0.0836914571041479
          0.0078876803047090
   0    2 -0.333914  1.267195 -0.184376 
         -0.0000000000000001          -0.0000000000000000          -0.0000000000000000
          0.0000000000000000          -0.0000000000000001          -0.0000000000000001
          0.0000000000000001          -0.0000000000000000          -0.0000000000000001
         -0.0000000000000000          -0.0000000000000000          -0.0000000000000000
         -0.0000000000000000          -0.0000000000000000           0.0000000000000000
         -0.0000000000000000           0.0000000000000000           0.0000000000000000
          0.0000000000000000          -0.0000000000000000           0.0000000000000000
          0.0000000000000000           0.0000000000000000          -0.0000000000000000
          0.0000000000000002          -0.0000000000000000           0.0000000000000005
          0.0000000000000002           0.0000000000000001           0.0000000000000003
         -0.0000000000000000           0.0000000000000000           0.0000000000000000
         -0.0000000000000001           0.0000000000000002          -0.0000000000000005
         -0.0000000000000000          -0.0000000000000001           0.0000000000000001
         -0.0000000000000002           0.0000000000000001           0.0000000000000002
         -0.0000000000000001           0.0000000000000000          -0.0000000000000000
          0.0000000000000008           0.0000000000000002           0.0000000000000003
         -0.0000000000000004          -0.0000000000000002           0.0000000000000000
          0.0000000000000002          -0.0000000000000000           0.0000000000000000
         -0.0000000000000001           0.0000000000000000           0.0000000000000001
          0.0000000000000001          -0.0000000000000001           0.0000000000000000
          0.0000000000000001          -0.0000000000000000           0.0000000000000001
          0.0000000000000000           0.0000000000000000           0.0000000000000000
         -0.0000000000000001           0.0000000000000000          -0.0000000000000001
         -0.0000000000000000           0.0000000000000000          -0.0000000000000000
         -0.0000000000000000          -0.0000000000000000           0.0000000000000000
         -0.0000000000000000           0.0000000000000000          -0.0000000000000000
          0.0000000000000000           0.0000000000000000          -0.0000000000000000
         -0.0000000000000000          -0.0000000000000000          -0.0000000000000000
         -0.0000000000000000           0.0000000000000000           0.0000000000000000
         -0.0000000000000000           0.0000000000000000          -0.0000000000000000
         -0.0091079951506518           0.0867850847564245          -0.0401509141711685
          0.0039560811791740           0.0084266717878030          -0.0079968429038338
          0.0073315936748563          -0.0585205410471393           0.0138616479657702
          0.0117872966294949          -0.1255634423048774           0.0322350694495840
          0.0241143545817288          -0.1694640096082994           0.0415316217178892
          0.0303698327163145          -0.1434090793875033           0.0320408344657082
          0.0087452351122704          -0.0345986633637724           0.0060031273555518
          0.0001377192150791          -0.0006903530884439           0.0000680243614176
          0.0562343053458177          -0.3029500658803870           0.0698952220525603
          0.0059111907704711           0.0997262363951493          -0.0470221684675385
          0.0268792733422894          -0.2659140841568720           0.0687623105997329
         -0.0234438412330649           0.1367622181186644          -0.0481550799203655
          0.0545789257268468          -0.2765348986805772           0.0641515715648789
          0.0037850829789873          -0.0645842215295782           0.0100937491048980
          0.0294472248527622          -0.2131777461790724           0.0540557001466940
         -0.0213466178951001          -0.0012270690280741          -0.0000021223132902
         -0.0035899365893531          -0.2126533711056060           0.0591393551153655
         -0.0236054480869869          -0.1279598805963398           0.0416259613089740
         -0.0083741100639783          -0.2656140579383106           0.0759291269220223
         -0.0238375938870251          -0.1790932877974313           0.0567537605923268
         -0.0123791733595813          -0.0533618937560412           0.0229038399295940
          0.0249033967638445           0.0514780508238843          -0.0204208558418616
         -0.0058645509585858          -0.2245204251274860           0.0637238399832309
         -0.0167449562882717          -0.1563692363434964           0.0483686221619435
         -0.0131069804390033          -0.0655490799485764           0.0243834720163395
          0.0107807063763252           0.0136582442894365          -0.0063576611172728
          0.0006714219137854          -0.1007744255555131           0.0278051672051631
         -0.0038979788555533          -0.0710722413490355           0.0212061994167897
         -0.0049359479193195          -0.0335160226821299           0.0116790746560674
          0.0015200545306957           0.0007775696013607          -0.0005430314363744
          0.0266262070283577          -0.4064269654551175           0.1084644844461113
          0.0355192890879246           0.2032031359698797          -0.0855914308610875
          0.0459127348428050          -0.2476061062234699           0.0645161155176745
          0.0548058169023713           0.3620239952015278          -0.1295397997895229
          0.0230637934756941          -0.3967996821956995           0.1068142754129515
          0.0353002152301357           0.0556805619855404          -0.0325689547431763
          0.0384139722358946          -0.2279547531619338           0.0598134683687595
          0.0506503939903377           0.2245254910193064          -0.0795697617873685
          0.0273936446683925          -0.0902610908411274           0.0169019827194240
          0.0367938350373224           0.0745125743495402          -0.0287291297127302
          0.0175449261703654          -0.1652998127592530           0.0413542359228589
          0.0206992656715704          -0.0263799997394773           0.0034203433874210
          0.0215185166214595           0.0577161074877927          -0.0189054819675796
          0.0020679695893657          -0.0362260137340517           0.0102258209836444
          0.0111316653588379          -0.1629317120796652           0.0420334575725496
          0.0097640673991903          -0.0675938130844514           0.0165379490262324
          0.0086945616027762           0.0074521312052158          -0.0033785231554191
          0.0030282237016075          -0.0118058122848180           0.0030764962876143
          0.0062128621148416          -0.0838910989680979           0.0214021003018050
          0.0040506374681705          -0.0476739754608082           0.0121109205142162
          0.0020063655823803          -0.0123992688093884           0.0030189010543316
          0.0006585382403189          -0.0005050967203302           0.0000117635691837
   0
          0.0000000000000001           0.0000000000000000           0.0000000000000000
         -0.0000000000000000           0.0000000000000001           0.0000000000000001
         -0.0000000000000001           0.0000000000000000           0.0000000000000001
          0.0000000000000000           0.0000000000000000           0.0000000000000000
          0.0000000000000000           0.0000000000000000          -0.0000000000000000
          0.0000000000000000          -0.0000000000000000          -0.0000000000000000
         -0.0000000000000000           0.0000000000000000          -0.0000000000000000
         -0.0000000000000000          -0.0000000000000000           0.0000000000000000
         -0.0000000000000014           0.0000000000000003           0.0000000000000005
          0.0000000000000015           0.0000000000000002          -0.0000000000000005
          0.0000000000000003           0.0000000000000000           0.0000000000000002
          0.0000000000000007           0.0000000000000000          -0.0000000000000003
          0.0000000000000003           0.0000000000000003           0.0000000000000002
          0.0000000000000013           0.0000000000000003          -0.0000000000000007
          0.0000000000000001           0.0000000000000000           0.0000000000000003
          0.0000000000000000           0.0000000000000001          -0.0000000000000011
         -0.0000000000000008          -0.0000000000000001          -0.0000000000000000
         -0.0000000000000005           0.0000000000000002           0.0000000000000000
         -0.0000000000000001          -0.0000000000000000          -0.0000000000000004
          0.0000000000000004          -0.0000000000000001           0.0000000000000000
         -0.0000000000000000          -0.0000000000000000           0.0000000000000001
          0.0000000000000000          -0.0000000000000000           0.0000000000000000
         -0.0000000000000000           0.0000000000000000           0.0000000000000003
         -0.0000000000000002          -0.0000000000000000           0.0000000000000002
          0.0000000000000000           0.0000000000000000           0.0000000000000001
         -0.0000000000000000           0.0000000000000000           0.0000000000000000
         -0.0000000000000000           0.0000000000000000          -0.0000000000000000
          0.0000000000000000           0.0000000000000000          -0.0000000000000000
         -0.0000000000000000          -0.0000000000000000          -0.0000000000000000
         -0.0000000000000000          -0.0000000000000000           0.0000000000000000
          0.0000000000000000           0.0000000000000000           0.0000000000000000
          0.0000000000000000           0.0000000000000000           0.0000000000000000
          0.0000000000000000           0.0000000000000000           0.0000000000000000
          0.0000000000000000           0.0000000000000000           0.0000000000000000
          0.0000000000000000           0.0000000000000000           0.0000000000000000
          0.0000000000000000           0.0000000000000000           0.0000000000000000
          0.0000000000000000           0.0000000000000000           0.0000000000000000
          0.0000000000000000           0.0000000000000000           0.0000000000000000
          0.0092305043096892           0.4183626806511121          -0.1354889175028060
          0.0529149918065913          -0.6215865101363496           0.1583619710878325
          0.0311046523544080           0.1340969476812523          -0.0598065523272616
          0.0747891398513077          -0.9058522431062058           0.2340443362633757
          0.0073548675798207           0.3079111897679432          -0.0946638289061907
          0.0510091411260061          -0.6490303099781011           0.1689091495759693
          0.0325443085409433           0.1017253894386625          -0.0431307703496303
          0.0761985820871299          -0.8552161103073800           0.2204422081325281
          0.0486816147178946          -0.6223443477876710           0.1628477499110151
          0.0756379951082253          -0.7365234638151681           0.1877982546603629
          0.0450004949121674          -0.5183644820592826           0.1342350677518093
          0.0680962101038480          -0.5611512991136702           0.1403491106148733
          0.0986255362346833          -0.5702115588802226           0.1348999278575533
          0.0575484172598021          -0.2223808867856716           0.0482808296667991
          0.0360338678896614          -0.3539510337107352           0.0897249727333566
          0.0500690143084440          -0.3548868229761505           0.0863182558244071
          0.0626298230782946          -0.3228188268892452           0.0736477449728404
          0.0242768144176712          -0.0870518470894928           0.0180679994875567
          0.0163059773096975          -0.1356951968981137           0.0329197869061532
          0.0194699518268680          -0.1249731007485743           0.0288432405925252
          0.0200705729138718          -0.0993980971426372           0.0211996375981762
          0.0043420668787446          -0.0149382521402860           0.0027890905293290
          0.0000000000000000           0.0000000000000000           0.0000000000000000
          0.0000000000000000           0.0000000000000000           0.0000000000000000
          0.0000000000000000           0.0000000000000000           0.0000000000000000
          0.0000000000000000           0.0000000000000000           0.0000000000000000
          0.0000000000000000           0.0000000000000000           0.0000000000000000
          0.0000000000000000           0.0000000000000000           0.0000000000000000
          0.0000000000000000           0.0000000000000000           0.0000000000000000
          0.0000000000000000           0.0000000000000000           0.0000000000000000
          0.0000000000000000           0.0000000000000000           0.0000000000000000
          0.0000000000000000           0.0000000000000000           0.0000000000000000
          0.0000000000000000           0.0000000000000000           0.0000000000000000
          0.0000000000000000           0.0000000000000000           0.0000000000000000
          0.0000000000000000           0.0000000000000000           0.0000000000000000
          0.0000000000000000           0.0000000000000000           0.0000000000000000
          0.0000000000000000           0.0000000000000000           0.0000000000000000
          0.0000000000000000           0.0000000000000000           0.0000000000000000
          0.0000000000000000           0.0000000000000000           0.0000000000000000
          0.0000000000000000           0.0000000000000000           0.0000000000000000
          0.0000000000000000           0.0000000000000000           0.0000000000000000
          0.0000000000000000           0.0000000000000000           0.0000000000000000
          0.0000000000000000           0.0000000000000000           0.0000000000000000
          0.0000000000000000           0.0000000000000000           0.0000000000000000
   1
          0.0000000000000000           0.0000000000000000           0.0000000000000000
          0.0000000000000000           0.0000000000000000           0.0000000000000000
          0.0000000000000000           0.0000000000000000           0.0000000000000000
          0.0000000000000000           0.0000000000000000           0.0000000000000000
          0.0000000000000000           0.0000000000000000           0.0000000000000000
          0.0000000000000000           0.0000000000000000           0.0000000000000000
          0.0000000000000000           0.0000000000000000           0.0000000000000000
          0.0000000000000000           0.0000000000000000           0.0000000000000000
          0.0000000000000000           0.0000000000000000           0.0000000000000000
          0.0000000000000000           0.0000000000000000           0.0000000000000000
          0.0000000000000000           0.0000000000000000           0.0000000000000000
          0.0000000000000000           0.0000000000000000           0.0000000000000000
          0.0000000000000000           0.0000000000000000           0.0000000000000000
          0.0000000000000000           0.0000000000000000           0.0000000000000000
          0.0000000000000000           0.0000000000000000           0.0000000000000000
          0.0000000000000000           0.0000000000000000           0.0000000000000000
          0.0000000000000000           0.0000000000000000           0.0000000000000000
          0.0000000000000000           0.0000000000000000           0.0000000000000000
          0.0000000000000000           0.0000000000000000           0.0000000000000000
          0.0000000000000000           0.0000000000000000           0.0000000000000000
          0.0000000000000000           0.0000000000000000           0.0000000000000000
          0.0000000000000000           0.0000000000000000           0.0000000000000000
          0.0000000000000000           0.0000000000000000           0.0000000000000000
          0.0000000000000000           0.0000000000000000           0.0000000000000000
          0.0000000000000000           0.0000000000000000           0.0000000000000000
          0.0000000000000000           0.0000000000000000           0.0000000000000000
          0.0000000000000000           0.0000000000000000           0.0000000000000000
          0.0000000000000000           0.0000000000000000           0.0000000000000000
          0.0000000000000000           0.0000000000000000           0.0000000000000000
          0.0000000000000000           0.0000000000000000           0.0000000000000000
         -0.0091079951506519           0.0867850847564247          -0.0401509141711683
          0.0039560811791741           0.0084266717878030          -0.0079968429038338
          0.0073315936748562          -0.0585205410471393           0.0138616479657701
          0.0117872966294949          -0.1255634423048773           0.0322350694495840
          0.0241143545817288          -0.1694640096082994           0.0415316217178892
          0.0303698327163145          -0.1434090793875034           0.0320408344657081
          0.0087452351122704          -0.0345986633637724           0.0060031273555518
          0.0001377192150791          -0.0006903530884439           0.0000680243614176
          0.0654648096555108           0.1154126147707251          -0.0655936954502448
          0.0588261825770538          -0.5218602737411995           0.1113398026202948
          0.0579839256966965          -0.1318171364756201           0.0089557582724720
          0.0513452986182379          -0.7690900249875470           0.1858892563430101
          0.0619337933066670           0.0313762910873640          -0.0305122573413136
          0.0547942241049922          -0.7136145315076805           0.1790028986808642
          0.0619915333937057          -0.1114523567404096           0.0109249297970626
          0.0548519641920340          -0.8564431793354540           0.2204400858192400
          0.0450916781285422          -0.8349977188932772           0.2219871050263790
          0.0520325470212390          -0.8644833444115078           0.2294242159693357
          0.0366263848481885          -0.7839785399975930           0.2101641946738322
          0.0442586162168246          -0.7402445869111011           0.1971028712072002
          0.0862463628751019          -0.6235734526362637           0.1578037677871478
          0.0824518140236465          -0.1709028359617872           0.0278599738249375
          0.0301693169310764          -0.5784714588382218           0.1534488127165871
          0.0333240580201720          -0.5112560593196471           0.1346868779863505
          0.0495228426392920          -0.3883679068378218           0.0980312169891796
          0.0350575207939965          -0.0733936028000564           0.0117103383702838
          0.0169773992234827          -0.2364696224536268           0.0607249541113163
          0.0155719729713148          -0.1960453420976096           0.0500494400093148
          0.0151346249945523          -0.1329141198247673           0.0328787122542435
          0.0058621214094403          -0.0141606825389253           0.0022460590929546
          0.0266262070283596          -0.4064269654551156           0.1084644844461115
          0.0355192890879246           0.2032031359698800          -0.0855914308610858
          0.0459127348428053          -0.2476061062234692           0.0645161155176748
          0.0548058169023701           0.3620239952015282          -0.1295397997895257
          0.0230637934756932          -0.3967996821956989           0.1068142754129503
          0.0353002152301333           0.0556805619855418          -0.0325689547431754
          0.0384139722358947          -0.2279547531619334           0.0598134683687594
          0.0506503939903391           0.2245254910193054          -0.0795697617873693
          0.0273936446683940          -0.0902610908411274           0.0169019827194262
          0.0367938350373234           0.0745125743495401          -0.0287291297127299
          0.0175449261703658          -0.1652998127592523           0.0413542359228586
          0.0206992656715702          -0.0263799997394779           0.0034203433874195
          0.0215185166214599           0.0577161074877925          -0.0189054819675796
          0.0020679695893657          -0.0362260137340517           0.0102258209836444
          0.0111316653588381          -0.1629317120796650           0.0420334575725494
          0.0097640673991902          -0.0675938130844515           0.0165379490262321
          0.0086945616027760           0.0074521312052158          -0.0033785231554192
          0.0030282237016075          -0.0118058122848179           0.0030764962876143
          0.0062128621148416          -0.0838910989680980           0.0214021003018049
          0.0040506374681706          -0.0476739754608082           0.0121109205142161
          0.0020063655823803          -0.0123992688093884           0.0030189010543316
          0.0006585382403190          -0.0005050967203302           0.0000117635691837
