1  82   2   1   2   -6.255214   0.000000
  0 
./DATA/100/00/GA/G020/M025/
0
          4.9931676865444903
          3.3523663241008776
          2.2497631791320205
          1.3208892367995231
          0.6090743975105126
          0.2044592293915340
          0.0168964146238098
          0.0001413956055043
          2.0708042158102380
          5.6639316695323831
          0.8251771099828098
          4.4183045637049503
          1.4409449390532423
          3.9448439869309553
          0.5725415381480948
          3.0764405860258077
          2.1661727369344348
          1.6881281043136973
          0.9738657926655205
          0.7580133192839679
          0.5069913002854946
          0.0998427036006764
          0.3277217480167460
          0.2546353276464324
          0.1695685107524180
          0.0307754865181254
          0.0406410274287704
          0.0314966883786350
          0.0208413302783176
          0.0033762221178896
          6.2410275894958511
          4.4156449056205753
          3.1192801040750320
          1.9489533130122598
          0.9623692103166112
          0.3396870909981124
          0.0288780383090687
          0.0002454007191444
          7.7232247964972602
         23.2812749926224960
          2.9300068082785891
         18.4880570044038279
          5.6076372107849108
         16.9224465353137603
          2.0921692401102163
         13.4069785646390720
          9.9722461038731041
          7.8657641570540298
          4.9393874729908003
          3.8706986658588556
          2.5347580437897124
          0.4547489488448618
          1.9205449114136259
          1.4915879767222548
          0.9499140287358163
          0.1410659680340010
          0.3331980710261961
          0.2551737247105699
          0.1554362007517930
          0.0158979060065624
          4.6820922114310948
         10.8201576831287820
          2.0313101941921810
          8.1693756658898593
          3.3795818991991422
          7.8854599738501863
          1.4424633459773031
          5.9483414206283438
          4.6708876317920289
          3.5185430454968731
          2.3322439318611550
          1.7542246247414885
          1.0828209400458517
          0.1647852436287335
          0.9175457840602756
          0.6893329286924877
          0.4180288138699890
          0.0529571373377008
          0.1623460873147390
          0.1219433554583611
          0.0721016102574068
          0.0064495880490440
1
          4.9931676865444912
          3.3523663241008781
          2.2497631791320205
          1.3208892367995231
          0.6090743975105126
          0.2044592293915339
          0.0168964146238098
          0.0001413956055043
          2.0708042158102375
          5.6639316695323840
          0.8251771099828097
          4.4183045637049512
          1.4409449390532409
          3.9448439869309539
          0.5725415381480947
          3.0764405860258082
          2.1661727369344348
          1.6881281043136962
          0.9738657926655205
          0.7580133192839679
          0.5069913002854946
          0.0998427036006764
          0.3277217480167458
          0.2546353276464323
          0.1695685107524179
          0.0307754865181254
          0.0406410274287704
          0.0314966883786350
          0.0208413302783176
          0.0033762221178896
          6.2410275894958520
          4.4156449056205753
          3.1192801040750311
          1.9489533130122596
          0.9623692103166110
          0.3396870909981125
          0.0288780383090687
          0.0002454007191444
          7.7232247964972647
         23.2812749926224853
          2.9300068082785886
         18.4880570044038173
          5.6076372107849082
         16.9224465353137603
          2.0921692401102141
         13.4069785646390613
          9.9722461038731041
          7.8657641570540289
          4.9393874729907985
          3.8706986658588529
          2.5347580437897106
          0.4547489488448626
          1.9205449114136255
          1.4915879767222560
          0.9499140287358160
          0.1410659680340008
          0.3331980710261966
          0.2551737247105698
          0.1554362007517930
          0.0158979060065624
          4.6820922114310930
         10.8201576831287696
          2.0313101941921810
          8.1693756658898629
          3.3795818991991426
          7.8854599738501836
          1.4424633459773037
          5.9483414206283465
          4.6708876317920289
          3.5185430454968714
          2.3322439318611563
          1.7542246247414892
          1.0828209400458524
          0.1647852436287334
          0.9175457840602758
          0.6893329286924875
          0.4180288138699890
          0.0529571373377008
          0.1623460873147392
          0.1219433554583611
          0.0721016102574066
          0.0064495880490440
   0    2  0.079463  0.582470 -0.257770 
         -0.0000000000000000           0.0000000000000001          -0.0000000000000002
         -0.0000000000000000          -0.0000000000000001          -0.0000000000000001
          0.0000000000000000           0.0000000000000000          -0.0000000000000001
         -0.0000000000000000          -0.0000000000000001           0.0000000000000000
         -0.0000000000000000           0.0000000000000000           0.0000000000000000
          0.0000000000000000           0.0000000000000000           0.0000000000000000
          0.0000000000000000           0.0000000000000000           0.0000000000000000
          0.0000000000000000           0.0000000000000000          -0.0000000000000000
         -0.0000000000000000           0.0000000000000001          -0.0000000000000002
          0.0000000000000000           0.0000000000000003           0.0000000000000001
         -0.0000000000000000          -0.0000000000000000           0.0000000000000002
          0.0000000000000001           0.0000000000000004          -0.0000000000000003
         -0.0000000000000000           0.0000000000000000           0.0000000000000007
          0.0000000000000001           0.0000000000000000           0.0000000000000003
          0.0000000000000000           0.0000000000000000          -0.0000000000000002
         -0.0000000000000000           0.0000000000000000           0.0000000000000002
          0.0000000000000000           0.0000000000000000          -0.0000000000000003
         -0.0000000000000000           0.0000000000000002           0.0000000000000001
         -0.0000000000000000           0.0000000000000001           0.0000000000000001
         -0.0000000000000000          -0.0000000000000001           0.0000000000000002
          0.0000000000000000           0.0000000000000000          -0.0000000000000000
          0.0000000000000000          -0.0000000000000000          -0.0000000000000000
         -0.0000000000000000           0.0000000000000000           0.0000000000000001
         -0.0000000000000000          -0.0000000000000000          -0.0000000000000000
          0.0000000000000000          -0.0000000000000000           0.0000000000000000
          0.0000000000000000           0.0000000000000000          -0.0000000000000000
          0.0000000000000000          -0.0000000000000000          -0.0000000000000000
          0.0000000000000000           0.0000000000000000           0.0000000000000000
         -0.0000000000000000          -0.0000000000000000          -0.0000000000000000
         -0.0000000000000000          -0.0000000000000000           0.0000000000000000
         -0.0457418559954727           0.0483958978241548          -0.0154897152772084
         -0.0122138372423941           0.0117959393949434          -0.0032642661270405
          0.0114537201889995           0.0026036890777060          -0.0014237353770093
          0.0357015950211287           0.0021387717653356          -0.0014586113809938
          0.0518676097733617          -0.0077142634262224           0.0039133825145646
          0.0375086731769135          -0.0252418364519083           0.0113748618683425
          0.0020128885343655          -0.0126323915050847           0.0055204714853768
         -0.0002283160349705          -0.0003555370150822           0.0001660547335420
          0.0731209251382757          -0.0119646400747266           0.0057647473753461
         -0.0757518569134199           0.0602010199193724          -0.0187750182764615
          0.0610438865441822           0.0223468193702114          -0.0074708095899406
         -0.0878288955075148           0.0945124793643111          -0.0320105752417443
          0.0630515613252353          -0.0206790649201560           0.0093731257759011
         -0.0113462540645659           0.0385189566058509          -0.0166922233001401
          0.0408339478610079           0.0082773837644175          -0.0014855553614144
         -0.0335638675287920           0.0674754052904236          -0.0275509044374536
          0.0478418883582562           0.0355501386914341          -0.0200730326116774
          0.0171504959025188           0.0560927557361890          -0.0276956554561900
          0.0747191250581470           0.0437383412562755          -0.0228082767966155
          0.0424733405653184           0.0563071452053485          -0.0277249243187367
         -0.0102481844566278           0.0247016462823255          -0.0160699744499405
         -0.0004998474546537          -0.0397659393355265           0.0171476944287373
          0.0692073226274932           0.0417548665249869          -0.0183903402336421
          0.0430435553907576           0.0484625006048360          -0.0214256299798289
          0.0059973580973686           0.0289230353047626          -0.0149704450828231
          0.0026408677834880          -0.0185324237235887           0.0071948262519973
          0.0327672550314723           0.0185410252415578          -0.0061391794575418
          0.0211862881838302           0.0208413240997173          -0.0074827617350754
          0.0064153188720812           0.0152321292586891          -0.0061969831519873
          0.0005786559102246          -0.0029551676667502           0.0009338925782377
          0.1164195455240377           0.0203643955388417          -0.0128078816534677
         -0.1190504772991834           0.0278719843058021          -0.0002023892476437
          0.0866993536959760          -0.0177518308334924           0.0048306881272818
         -0.1487706691272450          -0.0102442420665312           0.0174361805331065
          0.1205758742571834           0.0226536773872505          -0.0133792789733535
         -0.0688705669965154          -0.0048137857015549           0.0060601814491165
          0.0824063981394529          -0.0119103714796666           0.0029079958768641
         -0.1070400431142447          -0.0393778345684727           0.0223474562993334
         -0.0160641332596252          -0.0153147252388509           0.0043654294100533
         -0.0601501846102597          -0.0446787513698960           0.0179074218937729
          0.0209485732012693          -0.0034600292712648          -0.0017898842328362
         -0.0211365216238078          -0.0252175293549129           0.0075752327327325
         -0.0399540294680820          -0.0406399101202763           0.0135308998969854
          0.0242380336859133           0.0098660963702815          -0.0014253629224407
          0.0375809815334960           0.0088648664353933          -0.0047554982140843
          0.0060532033189172          -0.0033802719391421          -0.0001239092098215
         -0.0169617043253867          -0.0163252214630451           0.0042533273508534
          0.0062849738003153          -0.0022411916894898           0.0012820311070211
          0.0260362295539820           0.0073655951099340          -0.0019006156187895
          0.0135768858457978           0.0045369237329444          -0.0012561619631748
          0.0011503871649339           0.0001781779845112          -0.0002713703814054
         -0.0004312414028580          -0.0015605573746309           0.0004597526911941
   1
          0.0000000000000000           0.0000000000000000           0.0000000000000000
          0.0000000000000000           0.0000000000000000           0.0000000000000000
          0.0000000000000000           0.0000000000000000           0.0000000000000000
          0.0000000000000000           0.0000000000000000           0.0000000000000000
          0.0000000000000000           0.0000000000000000           0.0000000000000000
          0.0000000000000000           0.0000000000000000           0.0000000000000000
          0.0000000000000000           0.0000000000000000           0.0000000000000000
          0.0000000000000000           0.0000000000000000           0.0000000000000000
          0.0000000000000000           0.0000000000000000           0.0000000000000000
          0.0000000000000000           0.0000000000000000           0.0000000000000000
          0.0000000000000000           0.0000000000000000           0.0000000000000000
          0.0000000000000000           0.0000000000000000           0.0000000000000000
          0.0000000000000000           0.0000000000000000           0.0000000000000000
          0.0000000000000000           0.0000000000000000           0.0000000000000000
          0.0000000000000000           0.0000000000000000           0.0000000000000000
          0.0000000000000000           0.0000000000000000           0.0000000000000000
          0.0000000000000000           0.0000000000000000           0.0000000000000000
          0.0000000000000000           0.0000000000000000           0.0000000000000000
          0.0000000000000000           0.0000000000000000           0.0000000000000000
          0.0000000000000000           0.0000000000000000           0.0000000000000000
          0.0000000000000000           0.0000000000000000           0.0000000000000000
          0.0000000000000000           0.0000000000000000           0.0000000000000000
          0.0000000000000000           0.0000000000000000           0.0000000000000000
          0.0000000000000000           0.0000000000000000           0.0000000000000000
          0.0000000000000000           0.0000000000000000           0.0000000000000000
          0.0000000000000000           0.0000000000000000           0.0000000000000000
          0.0000000000000000           0.0000000000000000           0.0000000000000000
          0.0000000000000000           0.0000000000000000           0.0000000000000000
          0.0000000000000000           0.0000000000000000           0.0000000000000000
          0.0000000000000000           0.0000000000000000           0.0000000000000000
         -0.0457418559954727           0.0483958978241548          -0.0154897152772084
         -0.0122138372423941           0.0117959393949434          -0.0032642661270405
          0.0114537201889995           0.0026036890777061          -0.0014237353770096
          0.0357015950211286           0.0021387717653356          -0.0014586113809937
          0.0518676097733617          -0.0077142634262224           0.0039133825145646
          0.0375086731769135          -0.0252418364519083           0.0113748618683426
          0.0020128885343655          -0.0126323915050847           0.0055204714853768
         -0.0002283160349705          -0.0003555370150822           0.0001660547335420
         -0.0753670172426958          -0.0057802397544464           0.0154649405375972
          0.0701051536924043           0.1022529994437334          -0.0414854823398227
          0.0422003712741837           0.0244779420688985           0.0038045115119035
          0.1876725422092829           0.1325111812670807          -0.0531459113655181
         -0.0491327486710050          -0.0378815779071673           0.0219178812257671
          0.1525433631923424           0.0735613612785585          -0.0365560762742428
          0.0298635967196811          -0.0172939658255140           0.0164356704968554
          0.2315397085830292           0.0941489733602135          -0.0420382870031503
          0.2183044492652610           0.0628781146843954          -0.0350902030935701
          0.2520409404010620           0.0655597317723790          -0.0324955333605091
          0.2286168719124387           0.0608995398475030          -0.0309792701624138
          0.2277696419768086           0.0489963211687380          -0.0237963946747177
          0.1857555541381018          -0.0273156545176578           0.0074098325091137
          0.0287091151975170          -0.0888955145086465           0.0403222517420371
          0.1828784300426237           0.0472725986885057          -0.0196779126700104
          0.1647086410983941           0.0321389214184042          -0.0132321543383032
          0.1165086129947318          -0.0153398827507507           0.0044003282883374
          0.0080922865830729          -0.0417277110240805           0.0178226086115039
          0.0792666060899819           0.0164525424724332          -0.0038555418260140
          0.0651167327366153           0.0098762337297122          -0.0019738933489473
          0.0400487886925558          -0.0034013009849760           0.0018528102179223
          0.0002475185046062          -0.0081192052129805           0.0031827578126133
          0.1164195455240370           0.0203643955388428          -0.0128078816534662
         -0.1190504772991830           0.0278719843058013          -0.0002023892476439
          0.0866993536959765          -0.0177518308334927           0.0048306881272816
         -0.1487706691272450          -0.0102442420665314           0.0174361805330997
          0.1205758742571835           0.0226536773872510          -0.0133792789733534
         -0.0688705669965141          -0.0048137857015548           0.0060601814491187
          0.0824063981394530          -0.0119103714796665           0.0029079958768650
         -0.1070400431142450          -0.0393778345684733           0.0223474562993336
         -0.0160641332596246          -0.0153147252388501           0.0043654294100519
         -0.0601501846102603          -0.0446787513698960           0.0179074218937735
          0.0209485732012687          -0.0034600292712647          -0.0017898842328355
         -0.0211365216238074          -0.0252175293549131           0.0075752327327340
         -0.0399540294680822          -0.0406399101202763           0.0135308998969858
          0.0242380336859133           0.0098660963702814          -0.0014253629224407
          0.0375809815334957           0.0088648664353934          -0.0047554982140849
          0.0060532033189172          -0.0033802719391419          -0.0001239092098213
         -0.0169617043253867          -0.0163252214630453           0.0042533273508534
          0.0062849738003153          -0.0022411916894898           0.0012820311070211
          0.0260362295539820           0.0073655951099340          -0.0019006156187895
          0.0135768858457978           0.0045369237329444          -0.0012561619631747
          0.0011503871649339           0.0001781779845112          -0.0002713703814054
         -0.0004312414028580          -0.0015605573746308           0.0004597526911941
   0
          0.0000000000000000          -0.0000000000000001           0.0000000000000002
          0.0000000000000000           0.0000000000000001           0.0000000000000001
         -0.0000000000000000           0.0000000000000000           0.0000000000000001
          0.0000000000000000           0.0000000000000001           0.0000000000000000
          0.0000000000000000           0.0000000000000000          -0.0000000000000000
         -0.0000000000000000          -0.0000000000000000          -0.0000000000000000
          0.0000000000000000           0.0000000000000000          -0.0000000000000000
          0.0000000000000000           0.0000000000000000           0.0000000000000000
         -0.0000000000000000          -0.0000000000000002          -0.0000000000000001
          0.0000000000000001          -0.0000000000000005          -0.0000000000000024
          0.0000000000000001          -0.0000000000000002           0.0000000000000010
          0.0000000000000000          -0.0000000000000005           0.0000000000000007
          0.0000000000000000           0.0000000000000004          -0.0000000000000000
         -0.0000000000000000           0.0000000000000004           0.0000000000000002
          0.0000000000000001           0.0000000000000002           0.0000000000000001
          0.0000000000000001           0.0000000000000002           0.0000000000000004
          0.0000000000000001          -0.0000000000000002          -0.0000000000000007
         -0.0000000000000000           0.0000000000000003           0.0000000000000002
          0.0000000000000000          -0.0000000000000002           0.0000000000000007
         -0.0000000000000000           0.0000000000000001          -0.0000000000000005
         -0.0000000000000000           0.0000000000000000          -0.0000000000000001
          0.0000000000000000           0.0000000000000000          -0.0000000000000000
         -0.0000000000000000          -0.0000000000000000           0.0000000000000003
         -0.0000000000000000          -0.0000000000000000           0.0000000000000003
          0.0000000000000000          -0.0000000000000000          -0.0000000000000001
         -0.0000000000000000           0.0000000000000000           0.0000000000000000
          0.0000000000000000           0.0000000000000000          -0.0000000000000000
          0.0000000000000000           0.0000000000000000           0.0000000000000000
         -0.0000000000000000          -0.0000000000000000          -0.0000000000000000
          0.0000000000000000          -0.0000000000000000          -0.0000000000000000
          0.0000000000000000           0.0000000000000000           0.0000000000000000
          0.0000000000000000           0.0000000000000000           0.0000000000000000
          0.0000000000000000           0.0000000000000000           0.0000000000000000
          0.0000000000000000           0.0000000000000000           0.0000000000000000
          0.0000000000000000           0.0000000000000000           0.0000000000000000
          0.0000000000000000           0.0000000000000000           0.0000000000000000
          0.0000000000000000           0.0000000000000000           0.0000000000000000
          0.0000000000000000           0.0000000000000000           0.0000000000000000
         -0.1484879423809704           0.0061844003202810           0.0097001931622526
          0.1458570106058252           0.0420519795243634          -0.0227104640633629
         -0.0188435152699983           0.0021311226986878           0.0112753211018425
          0.2755014377167970           0.0379987019027694          -0.0211353361237727
         -0.1121843099962395          -0.0172025129870127           0.0125447554498649
          0.1638896172569093           0.0350424046727077          -0.0198638529741021
         -0.0109703511413271          -0.0255713495899310           0.0179212258582709
          0.2651035761118209           0.0266735680697878          -0.0144873825656958
          0.1704625609070040           0.0273279759929633          -0.0150171704818926
          0.2348904444985436           0.0094669760361897          -0.0047998779043182
          0.1538977468542923           0.0171611985912277          -0.0081709933657994
          0.1852963014114893          -0.0073108240366114           0.0039285296440192
          0.1960037385947291          -0.0520173007999835           0.0234798069590535
          0.0292089626521708          -0.0491295751731200           0.0231745573133000
          0.1136711074151309           0.0055177321635186          -0.0012875724363677
          0.1216650857076364          -0.0163235791864318           0.0081934756415258
          0.1105112548973634          -0.0442629180555132           0.0193707733711606
          0.0054514187995850          -0.0231952873004918           0.0106277823595065
          0.0464993510585097          -0.0020884827691245           0.0022836376315277
          0.0439304445527852          -0.0109650903700051           0.0055088683861281
          0.0336334698204745          -0.0186334302436652           0.0080497933699095
         -0.0003311374056183          -0.0051640375462302           0.0022488652343756
          0.0000000000000000           0.0000000000000000           0.0000000000000000
          0.0000000000000000           0.0000000000000000           0.0000000000000000
          0.0000000000000000           0.0000000000000000           0.0000000000000000
          0.0000000000000000           0.0000000000000000           0.0000000000000000
          0.0000000000000000           0.0000000000000000           0.0000000000000000
          0.0000000000000000           0.0000000000000000           0.0000000000000000
          0.0000000000000000           0.0000000000000000           0.0000000000000000
          0.0000000000000000           0.0000000000000000           0.0000000000000000
          0.0000000000000000           0.0000000000000000           0.0000000000000000
          0.0000000000000000           0.0000000000000000           0.0000000000000000
          0.0000000000000000           0.0000000000000000           0.0000000000000000
          0.0000000000000000           0.0000000000000000           0.0000000000000000
          0.0000000000000000           0.0000000000000000           0.0000000000000000
          0.0000000000000000           0.0000000000000000           0.0000000000000000
          0.0000000000000000           0.0000000000000000           0.0000000000000000
          0.0000000000000000           0.0000000000000000           0.0000000000000000
          0.0000000000000000           0.0000000000000000           0.0000000000000000
          0.0000000000000000           0.0000000000000000           0.0000000000000000
          0.0000000000000000           0.0000000000000000           0.0000000000000000
          0.0000000000000000           0.0000000000000000           0.0000000000000000
          0.0000000000000000           0.0000000000000000           0.0000000000000000
          0.0000000000000000           0.0000000000000000           0.0000000000000000
