1  82   2   1   2   -6.554067   0.000000
  0 
./DATA/100/00/GA/G012/M029/
0
          4.6846333158630493
          3.0425787050832542
          1.9566591152636326
          1.0724085182061942
          0.4415943956224506
          0.1264843740552629
          0.0078363487847865
          0.0000432303364480
          1.5942548377905592
          4.4004522567688227
          0.6057834723735456
          3.4119808913518073
          1.0512555118559628
          2.9007861367101899
          0.3999315221402043
          2.2494621469944303
          1.4357351082818937
          1.1133792383050143
          0.5504266254732469
          0.4267190533837484
          0.2829728848622975
          0.0526347507093745
          0.1452942490504926
          0.1125537837032950
          0.0745050608420331
          0.0134772518310502
          0.0109769506951940
          0.0084880232479389
          0.0055894049677773
          0.0009537335868463
          5.6347284804652364
          4.0636284134343779
          2.9319137539018141
          1.8765960336264766
          0.9410893533323405
          0.3258680733174958
          0.0242610128986154
          0.0001527542386180
          5.7309854055496547
         19.9003208963810536
          1.9638099991352609
         16.1331454899666831
          4.1474558054478834
         14.5049307793286566
          1.3780291677959957
         11.7355041416767740
          8.5674534354868292
          6.9039549495835795
          4.2326767757081676
          3.3898967612747182
          2.2571422306938587
          0.3627707547927557
          1.6208483090902799
          1.2867782256886331
          0.8349751280695876
          0.1102999165484171
          0.2642139059907927
          0.2066731637889671
          0.1288083212895321
          0.0120353178679448
          4.4802767357884559
          8.3353764151769045
          2.0365483400919411
          5.8916480194803951
          3.2556550716589041
          6.0705382207293619
          1.4597136249530949
          4.2745967740235526
          3.5916436780704171
          2.5173055087649674
          1.7869515697217566
          1.2485529473862333
          0.6788955533482074
          0.0843467033039554
          0.6946953006177515
          0.4856565710258385
          0.2587879323546023
          0.0244577310595304
          0.1170842449665958
          0.0826345049787187
          0.0434963365217488
          0.0025184909347335
1
          4.6846333158630502
          3.0425787050832542
          1.9566591152636326
          1.0724085182061942
          0.4415943956224506
          0.1264843740552629
          0.0078363487847865
          0.0000432303364480
          1.5942548377905590
          4.4004522567688218
          0.6057834723735455
          3.4119808913518082
          1.0512555118559626
          2.9007861367101904
          0.3999315221402042
          2.2494621469944298
          1.4357351082818932
          1.1133792383050145
          0.5504266254732467
          0.4267190533837484
          0.2829728848622975
          0.0526347507093745
          0.1452942490504926
          0.1125537837032950
          0.0745050608420331
          0.0134772518310502
          0.0109769506951940
          0.0084880232479389
          0.0055894049677773
          0.0009537335868463
          5.6347284804652347
          4.0636284134343787
          2.9319137539018127
          1.8765960336264773
          0.9410893533323405
          0.3258680733174958
          0.0242610128986154
          0.0001527542386180
          5.7309854055496530
         19.9003208963810714
          1.9638099991352598
         16.1331454899666902
          4.1474558054478816
         14.5049307793286673
          1.3780291677959946
         11.7355041416767687
          8.5674534354868346
          6.9039549495835830
          4.2326767757081667
          3.3898967612747222
          2.2571422306938564
          0.3627707547927559
          1.6208483090902799
          1.2867782256886340
          0.8349751280695878
          0.1102999165484171
          0.2642139059907927
          0.2066731637889672
          0.1288083212895319
          0.0120353178679448
          4.4802767357884523
          8.3353764151769045
          2.0365483400919420
          5.8916480194803960
          3.2556550716589059
          6.0705382207293646
          1.4597136249530946
          4.2745967740235535
          3.5916436780704148
          2.5173055087649665
          1.7869515697217568
          1.2485529473862338
          0.6788955533482074
          0.0843467033039554
          0.6946953006177511
          0.4856565710258380
          0.2587879323546022
          0.0244577310595304
          0.1170842449665958
          0.0826345049787187
          0.0434963365217488
          0.0025184909347335
   0    2 -0.525687  0.262166 -0.389611 
          0.0000000000000000           0.0000000000000000          -0.0000000000000001
         -0.0000000000000000           0.0000000000000001           0.0000000000000000
         -0.0000000000000000           0.0000000000000000           0.0000000000000000
          0.0000000000000000          -0.0000000000000001           0.0000000000000001
         -0.0000000000000000           0.0000000000000000           0.0000000000000000
          0.0000000000000000          -0.0000000000000000           0.0000000000000000
         -0.0000000000000000           0.0000000000000000           0.0000000000000000
          0.0000000000000000          -0.0000000000000000           0.0000000000000000
          0.0000000000000000           0.0000000000000000           0.0000000000000001
         -0.0000000000000001           0.0000000000000004           0.0000000000000005
         -0.0000000000000000          -0.0000000000000000          -0.0000000000000002
         -0.0000000000000000          -0.0000000000000000           0.0000000000000002
          0.0000000000000000          -0.0000000000000000          -0.0000000000000001
          0.0000000000000001           0.0000000000000001          -0.0000000000000006
         -0.0000000000000000          -0.0000000000000000          -0.0000000000000001
          0.0000000000000000          -0.0000000000000000           0.0000000000000002
          0.0000000000000000          -0.0000000000000001          -0.0000000000000002
          0.0000000000000000          -0.0000000000000000          -0.0000000000000001
          0.0000000000000000          -0.0000000000000000           0.0000000000000000
         -0.0000000000000000           0.0000000000000000          -0.0000000000000001
          0.0000000000000000           0.0000000000000000           0.0000000000000000
         -0.0000000000000000           0.0000000000000000          -0.0000000000000000
          0.0000000000000000           0.0000000000000000           0.0000000000000000
         -0.0000000000000000          -0.0000000000000000          -0.0000000000000000
          0.0000000000000000           0.0000000000000000           0.0000000000000000
         -0.0000000000000000          -0.0000000000000000           0.0000000000000000
          0.0000000000000000           0.0000000000000000          -0.0000000000000000
          0.0000000000000000          -0.0000000000000000          -0.0000000000000000
         -0.0000000000000000           0.0000000000000000           0.0000000000000000
          0.0000000000000000           0.0000000000000000          -0.0000000000000000
          0.0234123606172846           0.0132306493833685          -0.0064951894690989
          0.0035306172028471           0.0002091084092212          -0.0020764661083501
          0.0051250993349805          -0.0009741976946590          -0.0006914496371723
          0.0212402350986184          -0.0001926575205294           0.0038879504269109
          0.0429851283841637          -0.0056021926377915           0.0147032259606539
          0.0459147573336272          -0.0131476770280201           0.0219068817392794
          0.0138453088821550          -0.0059060875722892           0.0090232526806447
          0.0003254677557144          -0.0001612143625433           0.0002751475617251
          0.0419360656498543          -0.0047791088056563           0.0128794284992380
         -0.0227325368411617          -0.0094209427662998          -0.0229585355340406
          0.0392014059142052           0.0125792991870310           0.0061658547501547
         -0.0254671965768110           0.0079374652263872          -0.0296721092831261
          0.0407403321197767          -0.0078937849214599           0.0155730571286166
         -0.0223776449640111          -0.0056161788903919          -0.0224748704009354
          0.0333283310717128           0.0062114049489701           0.0089801013267961
         -0.0297896460120749           0.0084890109800352          -0.0290678262027525
         -0.0065887341010129           0.0053483624013608          -0.0203765664921838
         -0.0188171026605988           0.0150638038599517          -0.0267306808205494
          0.0145029852870060           0.0148110956183424          -0.0146467116197210
          0.0005436906384132           0.0207740434623234          -0.0203706989706732
         -0.0149598777640319           0.0104609761949491          -0.0175822572175558
         -0.0045109542403847          -0.0164661679784138           0.0078814335665488
          0.0252486637592930           0.0156823618773532          -0.0065591959400237
          0.0135652305268190           0.0189413903684206          -0.0109019961176446
         -0.0001105124784051           0.0125975811796861          -0.0109718585924064
         -0.0024613868592956          -0.0072992775586171           0.0021675479324864
          0.0160496925147946           0.0070096241373671           0.0001495466074419
          0.0108519761577200           0.0080630254895185          -0.0016937041486350
          0.0044383144264924           0.0062923566964039          -0.0026426617374173
         -0.0003994397477479          -0.0010983732993919           0.0000216265544423
          0.0567321767356051          -0.0016613827591560           0.0039252378334095
         -0.0375286479269126          -0.0125386688128017          -0.0140043448682144
          0.0636247916141533          -0.0120696403250737           0.0213370649638739
         -0.0306360330483643          -0.0229469263787205           0.0034074822622509
          0.0588248999122777           0.0014705579870425           0.0044392687099995
         -0.0404622127565128          -0.0149805217988956          -0.0113410819823170
          0.0590079739935160          -0.0096085286504243           0.0186882522787618
         -0.0402791386752750          -0.0260596084363633           0.0029079015864452
         -0.0279460800158045          -0.0088004164736514          -0.0090320597408660
         -0.0365316170886741          -0.0194039004526571           0.0002363995418143
         -0.0062276637571859           0.0006038752352177          -0.0059722395874175
         -0.0203587214115134          -0.0075199573618923          -0.0018463587251052
         -0.0176864829717705          -0.0171600242243607           0.0052337931174752
          0.0086397620586617           0.0023675690915666           0.0005691630408714
          0.0102904311301081           0.0054849720064180          -0.0019349653183077
         -0.0034058013673282           0.0009964427273457          -0.0015578237211105
         -0.0088647981782674          -0.0057478087604623           0.0011545647093448
          0.0027082360600301          -0.0009672340590373           0.0009760829482486
          0.0110022341575578           0.0033929447128689           0.0010905851445231
          0.0045390861675712           0.0023269978459841           0.0001915990104249
         -0.0004104565023344           0.0002775846249977          -0.0000155661541755
          0.0001768014607506          -0.0004574107149611           0.0002322172157674
   1
          0.0000000000000000           0.0000000000000000           0.0000000000000000
          0.0000000000000000           0.0000000000000000           0.0000000000000000
          0.0000000000000000           0.0000000000000000           0.0000000000000000
          0.0000000000000000           0.0000000000000000           0.0000000000000000
          0.0000000000000000           0.0000000000000000           0.0000000000000000
          0.0000000000000000           0.0000000000000000           0.0000000000000000
          0.0000000000000000           0.0000000000000000           0.0000000000000000
          0.0000000000000000           0.0000000000000000           0.0000000000000000
          0.0000000000000000           0.0000000000000000           0.0000000000000000
          0.0000000000000000           0.0000000000000000           0.0000000000000000
          0.0000000000000000           0.0000000000000000           0.0000000000000000
          0.0000000000000000           0.0000000000000000           0.0000000000000000
          0.0000000000000000           0.0000000000000000           0.0000000000000000
          0.0000000000000000           0.0000000000000000           0.0000000000000000
          0.0000000000000000           0.0000000000000000           0.0000000000000000
          0.0000000000000000           0.0000000000000000           0.0000000000000000
          0.0000000000000000           0.0000000000000000           0.0000000000000000
          0.0000000000000000           0.0000000000000000           0.0000000000000000
          0.0000000000000000           0.0000000000000000           0.0000000000000000
          0.0000000000000000           0.0000000000000000           0.0000000000000000
          0.0000000000000000           0.0000000000000000           0.0000000000000000
          0.0000000000000000           0.0000000000000000           0.0000000000000000
          0.0000000000000000           0.0000000000000000           0.0000000000000000
          0.0000000000000000           0.0000000000000000           0.0000000000000000
          0.0000000000000000           0.0000000000000000           0.0000000000000000
          0.0000000000000000           0.0000000000000000           0.0000000000000000
          0.0000000000000000           0.0000000000000000           0.0000000000000000
          0.0000000000000000           0.0000000000000000           0.0000000000000000
          0.0000000000000000           0.0000000000000000           0.0000000000000000
          0.0000000000000000           0.0000000000000000           0.0000000000000000
          0.0234123606172846           0.0132306493833684          -0.0064951894690989
          0.0035306172028471           0.0002091084092215          -0.0020764661083501
          0.0051250993349804          -0.0009741976946590          -0.0006914496371722
          0.0212402350986183          -0.0001926575205294           0.0038879504269110
          0.0429851283841637          -0.0056021926377916           0.0147032259606540
          0.0459147573336272          -0.0131476770280202           0.0219068817392794
          0.0138453088821550          -0.0059060875722892           0.0090232526806447
          0.0003254677557144          -0.0001612143625433           0.0002751475617251
          0.0195736608570863          -0.0243351224277164           0.0156475895863828
          0.0188333967603010          -0.0040649807161977          -0.0358058036559897
          0.0858527718007422          -0.0061524905129284           0.0284159389384799
          0.0851125077039575           0.0141176511985893          -0.0230374543038922
          0.0019816662373098          -0.0282734466405427           0.0139870987165621
          0.0347437080742195           0.0012535190168370          -0.0277907252611953
          0.0563457084838151          -0.0179020497876081           0.0276723088836266
          0.0891077503207255           0.0116249158697728          -0.0141055150941351
          0.0659120529960716           0.0122645969453938          -0.0160857154679092
          0.0992884640906217           0.0125065931028330          -0.0034496122154404
          0.0890010089792896           0.0187206456311115          -0.0034221158722605
          0.1010164303501609           0.0126890255773198           0.0053917493465174
          0.1142610015520447          -0.0174534227055702           0.0303433768134692
          0.0709302662439425          -0.0370454853941926           0.0501137341028230
          0.0840721666781690           0.0157072205913221           0.0059589864792658
          0.0819001556314622           0.0092318688938892           0.0097959899642754
          0.0749408833800819          -0.0087413796096441           0.0198303096676210
          0.0292413621580037          -0.0171470114984302           0.0216436170163455
          0.0407746587481666           0.0057653864325108           0.0067061253786012
          0.0356107976009492           0.0032221409946139           0.0067026502224807
          0.0269916054795740          -0.0016275834172388           0.0072665395154773
          0.0053912918527926          -0.0033475905069142           0.0040260104934313
          0.0567321767356054          -0.0016613827591555           0.0039252378334071
         -0.0375286479269121          -0.0125386688128034          -0.0140043448682128
          0.0636247916141529          -0.0120696403250736           0.0213370649638740
         -0.0306360330483641          -0.0229469263787227           0.0034074822622520
          0.0588248999122784           0.0014705579870425           0.0044392687099979
         -0.0404622127565134          -0.0149805217988962          -0.0113410819823158
          0.0590079739935160          -0.0096085286504245           0.0186882522787620
         -0.0402791386752748          -0.0260596084363636           0.0029079015864458
         -0.0279460800158046          -0.0088004164736515          -0.0090320597408659
         -0.0365316170886744          -0.0194039004526568           0.0002363995418150
         -0.0062276637571855           0.0006038752352173          -0.0059722395874174
         -0.0203587214115137          -0.0075199573618925          -0.0018463587251057
         -0.0176864829717705          -0.0171600242243608           0.0052337931174755
          0.0086397620586617           0.0023675690915665           0.0005691630408714
          0.0102904311301082           0.0054849720064183          -0.0019349653183073
         -0.0034058013673284           0.0009964427273455          -0.0015578237211107
         -0.0088647981782674          -0.0057478087604623           0.0011545647093448
          0.0027082360600301          -0.0009672340590373           0.0009760829482486
          0.0110022341575578           0.0033929447128688           0.0010905851445231
          0.0045390861675712           0.0023269978459840           0.0001915990104249
         -0.0004104565023344           0.0002775846249977          -0.0000155661541755
          0.0001768014607506          -0.0004574107149611           0.0002322172157674
   0
         -0.0000000000000000           0.0000000000000000           0.0000000000000001
          0.0000000000000000          -0.0000000000000001          -0.0000000000000000
          0.0000000000000000           0.0000000000000000          -0.0000000000000000
         -0.0000000000000000           0.0000000000000001          -0.0000000000000001
          0.0000000000000000          -0.0000000000000000          -0.0000000000000000
         -0.0000000000000000           0.0000000000000000          -0.0000000000000000
          0.0000000000000000           0.0000000000000000           0.0000000000000000
          0.0000000000000000           0.0000000000000000           0.0000000000000000
         -0.0000000000000001          -0.0000000000000002          -0.0000000000000003
         -0.0000000000000001           0.0000000000000001          -0.0000000000000013
         -0.0000000000000000          -0.0000000000000002           0.0000000000000001
         -0.0000000000000002           0.0000000000000005           0.0000000000000007
         -0.0000000000000000           0.0000000000000002           0.0000000000000000
         -0.0000000000000001           0.0000000000000000          -0.0000000000000007
         -0.0000000000000000          -0.0000000000000001          -0.0000000000000003
          0.0000000000000000           0.0000000000000003           0.0000000000000003
         -0.0000000000000000           0.0000000000000001           0.0000000000000004
         -0.0000000000000000          -0.0000000000000001           0.0000000000000004
          0.0000000000000000           0.0000000000000001           0.0000000000000001
         -0.0000000000000000          -0.0000000000000000          -0.0000000000000000
          0.0000000000000000          -0.0000000000000000          -0.0000000000000001
          0.0000000000000000          -0.0000000000000000           0.0000000000000000
         -0.0000000000000000           0.0000000000000000          -0.0000000000000000
         -0.0000000000000000           0.0000000000000000          -0.0000000000000000
          0.0000000000000000          -0.0000000000000000           0.0000000000000000
         -0.0000000000000000           0.0000000000000000           0.0000000000000000
          0.0000000000000000          -0.0000000000000000           0.0000000000000000
         -0.0000000000000000          -0.0000000000000000          -0.0000000000000000
          0.0000000000000000           0.0000000000000000          -0.0000000000000000
          0.0000000000000000           0.0000000000000000           0.0000000000000000
          0.0000000000000000           0.0000000000000000           0.0000000000000000
          0.0000000000000000           0.0000000000000000           0.0000000000000000
          0.0000000000000000           0.0000000000000000           0.0000000000000000
          0.0000000000000000           0.0000000000000000           0.0000000000000000
          0.0000000000000000           0.0000000000000000           0.0000000000000000
          0.0000000000000000           0.0000000000000000           0.0000000000000000
          0.0000000000000000           0.0000000000000000           0.0000000000000000
          0.0000000000000000           0.0000000000000000           0.0000000000000000
         -0.0223624047927686          -0.0195560136220579           0.0027681610871444
          0.0415659336014611           0.0053559620501018          -0.0128472681219488
          0.0466513658865371          -0.0187317896999596           0.0222500841883239
          0.1105797042807672           0.0061801859722027           0.0066346549792324
         -0.0387586658824667          -0.0203796617190840          -0.0015859584120529
          0.0571213530382320           0.0068696979072312          -0.0053158548602637
          0.0230173774121023          -0.0241134547365779           0.0186922075568307
          0.1188973963328007           0.0031359048897363           0.0149623111086202
          0.0725007870970849           0.0069162345440337           0.0042908510242727
          0.1181055667512208          -0.0025572107571190           0.0232810686051083
          0.0744980236922836           0.0039095500127687           0.0112245957474598
          0.1004727397117483          -0.0080850178850032           0.0257624483171906
          0.1292208793160762          -0.0279143989005192           0.0479256340310246
          0.0754412204843272          -0.0205793174157789           0.0422323005362743
          0.0588235029188759           0.0000248587139684           0.0125181824192895
          0.0683349251046433          -0.0097095214745314           0.0206979860819199
          0.0750513958584870          -0.0213389607893303           0.0308021682600271
          0.0317027490172993          -0.0098477339398132           0.0194760690838591
          0.0247249662333721          -0.0012442377048563           0.0065565787711593
          0.0247588214432290          -0.0048408844949046           0.0083963543711158
          0.0225532910530816          -0.0079199401136427           0.0099092012528946
          0.0057907316005405          -0.0022492172075223           0.0040043839389890
          0.0000000000000000           0.0000000000000000           0.0000000000000000
          0.0000000000000000           0.0000000000000000           0.0000000000000000
          0.0000000000000000           0.0000000000000000           0.0000000000000000
          0.0000000000000000           0.0000000000000000           0.0000000000000000
          0.0000000000000000           0.0000000000000000           0.0000000000000000
          0.0000000000000000           0.0000000000000000           0.0000000000000000
          0.0000000000000000           0.0000000000000000           0.0000000000000000
          0.0000000000000000           0.0000000000000000           0.0000000000000000
          0.0000000000000000           0.0000000000000000           0.0000000000000000
          0.0000000000000000           0.0000000000000000           0.0000000000000000
          0.0000000000000000           0.0000000000000000           0.0000000000000000
          0.0000000000000000           0.0000000000000000           0.0000000000000000
          0.0000000000000000           0.0000000000000000           0.0000000000000000
          0.0000000000000000           0.0000000000000000           0.0000000000000000
          0.0000000000000000           0.0000000000000000           0.0000000000000000
          0.0000000000000000           0.0000000000000000           0.0000000000000000
          0.0000000000000000           0.0000000000000000           0.0000000000000000
          0.0000000000000000           0.0000000000000000           0.0000000000000000
          0.0000000000000000           0.0000000000000000           0.0000000000000000
          0.0000000000000000           0.0000000000000000           0.0000000000000000
          0.0000000000000000           0.0000000000000000           0.0000000000000000
          0.0000000000000000           0.0000000000000000           0.0000000000000000
