1  82   2   1   2   -6.062015   0.000000
  0 
./DATA/100/00/GA/G006/M021/
0
          3.4783770137399164
          2.2706988245584032
          1.4709222986971056
          0.8163773203491819
          0.3416329026585729
          0.0972609682687682
          0.0052202521514435
          0.0000191792501359
          0.8053336341606565
          2.2316715442628925
          0.2998517037931191
          1.7261896138953545
          0.5357167743295161
          1.4839560236126821
          0.2000086367718351
          1.1482478860550009
          0.7446776091853550
          0.5764458489030044
          0.2901030771545619
          0.2246177279038880
          0.1484101009295863
          0.0254255819400425
          0.0777269294129912
          0.0601791768519456
          0.0397860757093517
          0.0065976320087441
          0.0058683645457777
          0.0045414971821568
          0.0030009204829873
          0.0004767889999634
          4.6239371262315574
          3.2278374333885234
          2.2493199974999833
          1.3785823792951795
          0.6597402332121047
          0.2213168212225755
          0.0163826196699625
          0.0001033244280815
          3.5466945431937553
         11.1354985497056411
          1.2854928065370370
          8.8742968130489235
          2.5100245741595053
          7.9123132550876303
          0.8923863299167500
          6.2946750108448732
          4.4880907285353864
          3.5578679351089950
          2.1125645818620029
          1.6654039504054294
          1.0971178419009087
          0.1963256060289709
          0.7669457211171233
          0.5998639027824462
          0.3848414846879347
          0.0568436627360469
          0.1166117838235928
          0.0901089537321674
          0.0554785562450281
          0.0055753282592465
          2.3097373615328785
          5.0313591849168144
          1.0088781697681042
          3.7304999931520402
          1.6347248510310337
          3.5764440635925352
          0.7048536761662497
          2.6465728887277509
          2.0334519867468313
          1.5002207455908640
          0.9626481549112615
          0.7077849078716061
          0.4154095267951000
          0.0495463391039168
          0.3530493331753514
          0.2587004363878082
          0.1481961680831359
          0.0140001532955350
          0.0546512181164652
          0.0399203126745698
          0.0221403342387243
          0.0013600677537838
1
          3.4783770137399164
          2.2706988245584032
          1.4709222986971056
          0.8163773203491820
          0.3416329026585729
          0.0972609682687682
          0.0052202521514435
          0.0000191792501359
          0.8053336341606563
          2.2316715442628920
          0.2998517037931190
          1.7261896138953545
          0.5357167743295161
          1.4839560236126819
          0.2000086367718351
          1.1482478860550007
          0.7446776091853549
          0.5764458489030044
          0.2901030771545620
          0.2246177279038880
          0.1484101009295863
          0.0254255819400425
          0.0777269294129912
          0.0601791768519456
          0.0397860757093517
          0.0065976320087441
          0.0058683645457777
          0.0045414971821568
          0.0030009204829873
          0.0004767889999634
          4.6239371262315565
          3.2278374333885242
          2.2493199974999833
          1.3785823792951797
          0.6597402332121048
          0.2213168212225755
          0.0163826196699625
          0.0001033244280815
          3.5466945431937544
         11.1354985497056411
          1.2854928065370379
          8.8742968130489164
          2.5100245741595071
          7.9123132550876294
          0.8923863299167503
          6.2946750108448786
          4.4880907285353882
          3.5578679351089937
          2.1125645818620016
          1.6654039504054290
          1.0971178419009084
          0.1963256060289710
          0.7669457211171238
          0.5998639027824454
          0.3848414846879346
          0.0568436627360469
          0.1166117838235930
          0.0901089537321674
          0.0554785562450281
          0.0055753282592465
          2.3097373615328780
          5.0313591849168162
          1.0088781697681044
          3.7304999931520402
          1.6347248510310328
          3.5764440635925356
          0.7048536761662498
          2.6465728887277513
          2.0334519867468304
          1.5002207455908643
          0.9626481549112615
          0.7077849078716058
          0.4154095267950997
          0.0495463391039168
          0.3530493331753516
          0.2587004363878083
          0.1481961680831359
          0.0140001532955350
          0.0546512181164652
          0.0399203126745698
          0.0221403342387243
          0.0013600677537838
   0    2 -0.058751  0.068454 -0.170371 
          0.0000000000000000           0.0000000000000000          -0.0000000000000001
         -0.0000000000000000          -0.0000000000000000           0.0000000000000000
          0.0000000000000000           0.0000000000000000          -0.0000000000000000
          0.0000000000000000           0.0000000000000000          -0.0000000000000000
          0.0000000000000000           0.0000000000000000           0.0000000000000000
          0.0000000000000000          -0.0000000000000000           0.0000000000000000
         -0.0000000000000000           0.0000000000000000           0.0000000000000000
          0.0000000000000000           0.0000000000000000           0.0000000000000000
         -0.0000000000000001           0.0000000000000000          -0.0000000000000000
         -0.0000000000000001          -0.0000000000000000           0.0000000000000001
         -0.0000000000000000           0.0000000000000000          -0.0000000000000000
         -0.0000000000000000           0.0000000000000000           0.0000000000000001
          0.0000000000000000          -0.0000000000000000           0.0000000000000000
          0.0000000000000000          -0.0000000000000001          -0.0000000000000001
          0.0000000000000000           0.0000000000000000          -0.0000000000000000
         -0.0000000000000001           0.0000000000000000          -0.0000000000000000
         -0.0000000000000000           0.0000000000000000          -0.0000000000000000
          0.0000000000000000           0.0000000000000000           0.0000000000000000
         -0.0000000000000000          -0.0000000000000000          -0.0000000000000000
         -0.0000000000000000           0.0000000000000000           0.0000000000000000
          0.0000000000000000           0.0000000000000000           0.0000000000000000
         -0.0000000000000000          -0.0000000000000000          -0.0000000000000000
         -0.0000000000000000           0.0000000000000000          -0.0000000000000000
          0.0000000000000000           0.0000000000000000          -0.0000000000000000
          0.0000000000000000           0.0000000000000000           0.0000000000000000
          0.0000000000000000           0.0000000000000000           0.0000000000000000
          0.0000000000000000          -0.0000000000000000          -0.0000000000000000
         -0.0000000000000000           0.0000000000000000          -0.0000000000000000
          0.0000000000000000          -0.0000000000000000          -0.0000000000000000
         -0.0000000000000000           0.0000000000000000           0.0000000000000000
         -0.0191682394867652          -0.0880637837381462           0.0730868149277654
         -0.0017930508023441           0.0020249329535724           0.0078482459530127
         -0.0016971174383576           0.0754746643738008          -0.0489146957531038
         -0.0084108791919414           0.1336529819433793          -0.0928293657351243
         -0.0122811683889095           0.1404898195208749          -0.0945683490072952
         -0.0063873251944964           0.0820042519972622          -0.0495576227681653
          0.0005235942829482           0.0082345427515467          -0.0029416790595285
          0.0000315939546780          -0.0000320758052912           0.0000736095970974
         -0.0282560038637029           0.1067152498729758          -0.0713576320207869
          0.0305857100690285           0.0800541116961258          -0.0115870665522396
         -0.0250203488788652           0.0284629041280159          -0.0251697419911044
          0.0338213650538655           0.0018017659511650           0.0346008234774433
         -0.0250027690204762           0.1050788076124972          -0.0700683079596806
          0.0272394281031080           0.1699419713663342          -0.0923972579610453
         -0.0215369261775310           0.0206012552841660          -0.0170629132554608
          0.0307052709460535           0.0854644190380026          -0.0393918632568251
          0.0156253641801307           0.2271288443416135          -0.1511396586511514
          0.0193940331049521           0.1456413498868522          -0.0979245568939391
          0.0045375569516128           0.2102050995020208          -0.1494296238996910
          0.0076799727294752           0.1448964319103377          -0.1061956996595467
         -0.0000577581042568           0.0474237157567632          -0.0374182752007894
         -0.0089925201613452          -0.0072104971837625           0.0107128915433142
          0.0003077323765769           0.1395174448865515          -0.1014687144374949
          0.0018347731587324           0.0989417233667616          -0.0747259673250834
         -0.0008633974587947           0.0421423977470245          -0.0347027370464807
         -0.0035862223557688          -0.0009408551998645           0.0023921540808404
          0.0008064285284459           0.0438660256613326          -0.0313777947255219
          0.0007609557974043           0.0315446502978311          -0.0234902212315615
          0.0000136269696614           0.0151744225573666          -0.0123158625898169
         -0.0005097411611968           0.0000617881515739          -0.0000073983205801
         -0.0098557035571064           0.3721189130489483          -0.2575762026227829
          0.0121854097624315          -0.1853495514798466           0.1746315040497551
         -0.0357559461691334           0.2453468513169354          -0.1723721825035237
         -0.0137148328495958          -0.3121216132118599           0.2598355241690139
         -0.0109745048737250           0.3432313925902003          -0.2395611803691267
          0.0132111639563566          -0.0682106136113696           0.0770956144484015
         -0.0290084259307650           0.2113323044134917          -0.1485016922331984
         -0.0048227571006834          -0.2001097017880783           0.1681551025843296
          0.0062062119668091           0.0434038829377898          -0.0181375905813547
         -0.0028120828800884          -0.0782969060200936           0.0673572831665046
         -0.0014966458281127           0.0935299115356717          -0.0635331684129953
         -0.0046461335200858           0.0004551221418534           0.0020769544450670
         -0.0069713943724504          -0.0504855892812739           0.0377909389659591
          0.0019885011298426           0.0150958329047055          -0.0071762188328973
         -0.0031627443274071           0.0841474248485650          -0.0599633602417088
         -0.0040370155491157           0.0292849455480270          -0.0216289369954824
         -0.0044179872014423          -0.0110829285266974           0.0068220966670731
          0.0005239297227874           0.0029752662367087          -0.0008979178979176
         -0.0002145867434474           0.0330461033865487          -0.0230853917077691
         -0.0006621971418479           0.0175863781998993          -0.0126473064715897
         -0.0009648811833845           0.0033490469139822          -0.0029324668547749
         -0.0000378499515848          -0.0001822445508240           0.0002198883769685
   1
          0.0000000000000000           0.0000000000000000           0.0000000000000000
          0.0000000000000000           0.0000000000000000           0.0000000000000000
          0.0000000000000000           0.0000000000000000           0.0000000000000000
          0.0000000000000000           0.0000000000000000           0.0000000000000000
          0.0000000000000000           0.0000000000000000           0.0000000000000000
          0.0000000000000000           0.0000000000000000           0.0000000000000000
          0.0000000000000000           0.0000000000000000           0.0000000000000000
          0.0000000000000000           0.0000000000000000           0.0000000000000000
          0.0000000000000000           0.0000000000000000           0.0000000000000000
          0.0000000000000000           0.0000000000000000           0.0000000000000000
          0.0000000000000000           0.0000000000000000           0.0000000000000000
          0.0000000000000000           0.0000000000000000           0.0000000000000000
          0.0000000000000000           0.0000000000000000           0.0000000000000000
          0.0000000000000000           0.0000000000000000           0.0000000000000000
          0.0000000000000000           0.0000000000000000           0.0000000000000000
          0.0000000000000000           0.0000000000000000           0.0000000000000000
          0.0000000000000000           0.0000000000000000           0.0000000000000000
          0.0000000000000000           0.0000000000000000           0.0000000000000000
          0.0000000000000000           0.0000000000000000           0.0000000000000000
          0.0000000000000000           0.0000000000000000           0.0000000000000000
          0.0000000000000000           0.0000000000000000           0.0000000000000000
          0.0000000000000000           0.0000000000000000           0.0000000000000000
          0.0000000000000000           0.0000000000000000           0.0000000000000000
          0.0000000000000000           0.0000000000000000           0.0000000000000000
          0.0000000000000000           0.0000000000000000           0.0000000000000000
          0.0000000000000000           0.0000000000000000           0.0000000000000000
          0.0000000000000000           0.0000000000000000           0.0000000000000000
          0.0000000000000000           0.0000000000000000           0.0000000000000000
          0.0000000000000000           0.0000000000000000           0.0000000000000000
          0.0000000000000000           0.0000000000000000           0.0000000000000000
         -0.0191682394867651          -0.0880637837381462           0.0730868149277654
         -0.0017930508023440           0.0020249329535725           0.0078482459530127
         -0.0016971174383576           0.0754746643738009          -0.0489146957531038
         -0.0084108791919414           0.1336529819433794          -0.0928293657351243
         -0.0122811683889095           0.1404898195208749          -0.0945683490072952
         -0.0063873251944964           0.0820042519972622          -0.0495576227681653
          0.0005235942829482           0.0082345427515467          -0.0029416790595285
          0.0000315939546780          -0.0000320758052912           0.0000736095970974
         -0.0129971877139068          -0.1672505575291122           0.1574341425181151
          0.0176566001245562           0.5407892806673154          -0.3233235396641710
         -0.0379710506919005          -0.0176137829617683           0.0350565843275292
         -0.0073172628534373           0.6904260552346599          -0.4457010978547576
         -0.0050139959897390          -0.0906197152539210           0.0919483929327283
          0.0094873141550017           0.6406612732115824          -0.4168795247741803
         -0.0247541474130423          -0.0208545401791798           0.0338293137387276
         -0.0102528372683015           0.7104264482863230          -0.4749986039681814
         -0.0053664694545223           0.6562363956684942          -0.4500109590714457
         -0.0158294915944550           0.6489941474523683          -0.4464864471109345
         -0.0128447167070392           0.5377847069891601          -0.3771276409292914
         -0.0156337229548628           0.4934894967105526          -0.3442940701491926
         -0.0260031250618437           0.3750754992055621          -0.2549553470734377
         -0.0193739489947745           0.0393369461397141          -0.0151823420528524
         -0.0081150877481485           0.3340162783717056          -0.2348835318795448
         -0.0078835144094553           0.2906496585649744          -0.2028491741321071
         -0.0100346771393290           0.2057587131524452          -0.1400892124880943
         -0.0065969346722401           0.0159413234321507          -0.0064469049575759
          0.0006868690850339           0.0998301287581898          -0.0683588257483503
          0.0005939249880287           0.0826615516811894          -0.0562113816788673
          0.0000565728676808           0.0545277917219138          -0.0364249788544123
         -0.0005544371072831           0.0031029961309633          -0.0015181679916221
         -0.0098557035571063           0.3721189130489487          -0.2575762026227825
          0.0121854097624310          -0.1853495514798468           0.1746315040497543
         -0.0357559461691336           0.2453468513169357          -0.1723721825035238
         -0.0137148328495968          -0.3121216132118598           0.2598355241690140
         -0.0109745048737250           0.3432313925902009          -0.2395611803691267
          0.0132111639563568          -0.0682106136113690           0.0770956144484009
         -0.0290084259307649           0.2113323044134914          -0.1485016922331983
         -0.0048227571006835          -0.2001097017880784           0.1681551025843297
          0.0062062119668087           0.0434038829377898          -0.0181375905813547
         -0.0028120828800882          -0.0782969060200937           0.0673572831665050
         -0.0014966458281127           0.0935299115356713          -0.0635331684129950
         -0.0046461335200860           0.0004551221418534           0.0020769544450670
         -0.0069713943724503          -0.0504855892812740           0.0377909389659591
          0.0019885011298426           0.0150958329047055          -0.0071762188328973
         -0.0031627443274071           0.0841474248485651          -0.0599633602417087
         -0.0040370155491157           0.0292849455480271          -0.0216289369954823
         -0.0044179872014423          -0.0110829285266974           0.0068220966670731
          0.0005239297227874           0.0029752662367087          -0.0008979178979176
         -0.0002145867434474           0.0330461033865487          -0.0230853917077691
         -0.0006621971418479           0.0175863781998993          -0.0126473064715897
         -0.0009648811833845           0.0033490469139822          -0.0029324668547749
         -0.0000378499515848          -0.0001822445508240           0.0002198883769685
   0
          0.0000000000000000          -0.0000000000000000           0.0000000000000001
          0.0000000000000000           0.0000000000000000          -0.0000000000000000
          0.0000000000000000          -0.0000000000000000           0.0000000000000000
          0.0000000000000000           0.0000000000000000           0.0000000000000000
          0.0000000000000000          -0.0000000000000000           0.0000000000000000
         -0.0000000000000000           0.0000000000000000           0.0000000000000000
          0.0000000000000000          -0.0000000000000000           0.0000000000000000
          0.0000000000000000          -0.0000000000000000          -0.0000000000000000
         -0.0000000000000001           0.0000000000000000           0.0000000000000000
          0.0000000000000000           0.0000000000000001           0.0000000000000000
         -0.0000000000000000           0.0000000000000000          -0.0000000000000000
         -0.0000000000000002          -0.0000000000000000          -0.0000000000000000
          0.0000000000000001           0.0000000000000000          -0.0000000000000000
          0.0000000000000003           0.0000000000000001           0.0000000000000000
          0.0000000000000000           0.0000000000000000           0.0000000000000000
          0.0000000000000002           0.0000000000000001           0.0000000000000000
          0.0000000000000001          -0.0000000000000000           0.0000000000000001
         -0.0000000000000001          -0.0000000000000000          -0.0000000000000000
          0.0000000000000000          -0.0000000000000000          -0.0000000000000000
         -0.0000000000000000          -0.0000000000000000           0.0000000000000000
         -0.0000000000000000          -0.0000000000000000           0.0000000000000000
         -0.0000000000000000           0.0000000000000000          -0.0000000000000000
         -0.0000000000000000          -0.0000000000000000          -0.0000000000000000
         -0.0000000000000000          -0.0000000000000000           0.0000000000000000
          0.0000000000000000          -0.0000000000000000           0.0000000000000000
          0.0000000000000000          -0.0000000000000000          -0.0000000000000000
          0.0000000000000000          -0.0000000000000000           0.0000000000000000
          0.0000000000000000          -0.0000000000000000           0.0000000000000000
         -0.0000000000000000           0.0000000000000000          -0.0000000000000000
         -0.0000000000000000           0.0000000000000000           0.0000000000000000
          0.0000000000000000           0.0000000000000000           0.0000000000000000
          0.0000000000000000           0.0000000000000000           0.0000000000000000
          0.0000000000000000           0.0000000000000000           0.0000000000000000
          0.0000000000000000           0.0000000000000000           0.0000000000000000
          0.0000000000000000           0.0000000000000000           0.0000000000000000
          0.0000000000000000           0.0000000000000000           0.0000000000000000
          0.0000000000000000           0.0000000000000000           0.0000000000000000
          0.0000000000000000           0.0000000000000000           0.0000000000000000
          0.0152588161497958          -0.2739658074020887           0.2287917745389021
         -0.0129291099444709           0.4607351689711908          -0.3117364731119314
         -0.0129507018130355          -0.0460766870897842           0.0602263263186335
         -0.0411386279073021           0.6886242892834947          -0.4803019213322000
          0.0199887730307370          -0.1956985228664181           0.1620167008924090
         -0.0177521139481067           0.4707193018452492          -0.3244822668131357
         -0.0032172212355112          -0.0414557954633460           0.0508922269941880
         -0.0409581082143549           0.6249620292483196          -0.4356067407113564
         -0.0209918336346529           0.4291075513268809          -0.2988713004202947
         -0.0352235246994064           0.5033527975655160          -0.3485618902169959
         -0.0173822736586518           0.3275796074871388          -0.2276980170296000
         -0.0233136956843378           0.3485930648002146          -0.2380983704896457
         -0.0259453669575867           0.3276517834487991          -0.2175370718726484
         -0.0103814288334292           0.0465474433234765          -0.0258952335961666
         -0.0084228201247254           0.1944988334851541          -0.1334148174420497
         -0.0097182875681877           0.1917079351982131          -0.1281232068070238
         -0.0091712796805342           0.1636163154054207          -0.1053864754416135
         -0.0030107123164714           0.0168821786320153          -0.0088390590384162
         -0.0001195594434120           0.0559641030968573          -0.0369810310228285
         -0.0001670308093757           0.0511169013833583          -0.0327211604473058
          0.0000429458980193           0.0393533691645472          -0.0241091162645955
         -0.0000446959460863           0.0030412079793894          -0.0015107696710420
          0.0000000000000000           0.0000000000000000           0.0000000000000000
          0.0000000000000000           0.0000000000000000           0.0000000000000000
          0.0000000000000000           0.0000000000000000           0.0000000000000000
          0.0000000000000000           0.0000000000000000           0.0000000000000000
          0.0000000000000000           0.0000000000000000           0.0000000000000000
          0.0000000000000000           0.0000000000000000           0.0000000000000000
          0.0000000000000000           0.0000000000000000           0.0000000000000000
          0.0000000000000000           0.0000000000000000           0.0000000000000000
          0.0000000000000000           0.0000000000000000           0.0000000000000000
          0.0000000000000000           0.0000000000000000           0.0000000000000000
          0.0000000000000000           0.0000000000000000           0.0000000000000000
          0.0000000000000000           0.0000000000000000           0.0000000000000000
          0.0000000000000000           0.0000000000000000           0.0000000000000000
          0.0000000000000000           0.0000000000000000           0.0000000000000000
          0.0000000000000000           0.0000000000000000           0.0000000000000000
          0.0000000000000000           0.0000000000000000           0.0000000000000000
          0.0000000000000000           0.0000000000000000           0.0000000000000000
          0.0000000000000000           0.0000000000000000           0.0000000000000000
          0.0000000000000000           0.0000000000000000           0.0000000000000000
          0.0000000000000000           0.0000000000000000           0.0000000000000000
          0.0000000000000000           0.0000000000000000           0.0000000000000000
          0.0000000000000000           0.0000000000000000           0.0000000000000000
