1  82   2   1   2   -6.462069   0.000000
  0 
./DATA/100/00/GA/G011/M027/
0
          4.6438594397551123
          3.1888255920776309
          2.2033213799119005
          1.3464304531541211
          0.6447257291635553
          0.2146528097871641
          0.0152048737337031
          0.0000868823663091
          1.9300102473885101
          5.2905873126222582
          0.7902863766784203
          4.1508634419121657
          1.3818971739961918
          3.8135594827145400
          0.5505988687251268
          2.9822611774434717
          2.2274993596227000
          1.7320831778965806
          1.0960885644270761
          0.8461035536578846
          0.5363228124858244
          0.0901276022644153
          0.4219576772139562
          0.3230405364247632
          0.1987877625014535
          0.0256317790320806
          0.0694934885439227
          0.0526943231124915
          0.0312758009164442
          0.0026118295828817
          6.0223794489822504
          4.1617702785884516
          2.8621679447997601
          1.7215765760800663
          0.8062622843270262
          0.2675397612813310
          0.0205506709382964
          0.0001497050487633
          7.3192733827360241
         19.8149022073577008
          2.8658134788736631
         15.3614423034953411
          5.2749850075304572
         14.2609028674645515
          2.0388384505182824
         11.0247563104523731
          8.2713654074608609
          6.3649480739677387
          4.0125523210536986
          3.0700395932879396
          1.9428091910895984
          0.3198235056125163
          1.5153079455156855
          1.1519092430778080
          0.7108224062412597
          0.0964123597815858
          0.2467456026757519
          0.1861810274877673
          0.1109237115650020
          0.0104374146260967
          3.5002700012206809
         10.0668177938261767
          1.3670691943848108
          7.9336169869903106
          2.4912023071034497
          7.2767416303940573
          0.9482132416405650
          5.7337525649311702
          4.2445614303817152
          3.3400645546112711
          2.0687847163952782
          1.6225552586692147
          1.0518518882676853
          0.1547733566143943
          0.7828201750432731
          0.6102818510836288
          0.3866197665981176
          0.0476912360461718
          0.1269139513541507
          0.0977807517925000
          0.0596182972071368
          0.0052834679036418
1
          4.6438594397551132
          3.1888255920776309
          2.2033213799119009
          1.3464304531541211
          0.6447257291635553
          0.2146528097871641
          0.0152048737337031
          0.0000868823663091
          1.9300102473885099
          5.2905873126222618
          0.7902863766784201
          4.1508634419121657
          1.3818971739961912
          3.8135594827145409
          0.5505988687251274
          2.9822611774434722
          2.2274993596227000
          1.7320831778965804
          1.0960885644270768
          0.8461035536578848
          0.5363228124858246
          0.0901276022644153
          0.4219576772139562
          0.3230405364247632
          0.1987877625014535
          0.0256317790320806
          0.0694934885439227
          0.0526943231124915
          0.0312758009164443
          0.0026118295828817
          6.0223794489822504
          4.1617702785884516
          2.8621679447997597
          1.7215765760800665
          0.8062622843270262
          0.2675397612813310
          0.0205506709382964
          0.0001497050487633
          7.3192733827360250
         19.8149022073576830
          2.8658134788736587
         15.3614423034953305
          5.2749850075304572
         14.2609028674645355
          2.0388384505182806
         11.0247563104523749
          8.2713654074608627
          6.3649480739677458
          4.0125523210536960
          3.0700395932879410
          1.9428091910895990
          0.3198235056125162
          1.5153079455156866
          1.1519092430778075
          0.7108224062412597
          0.0964123597815859
          0.2467456026757517
          0.1861810274877674
          0.1109237115650020
          0.0104374146260966
          3.5002700012206787
         10.0668177938261749
          1.3670691943848114
          7.9336169869903115
          2.4912023071034461
          7.2767416303940546
          0.9482132416405643
          5.7337525649311702
          4.2445614303817134
          3.3400645546112697
          2.0687847163952795
          1.6225552586692142
          1.0518518882676839
          0.1547733566143942
          0.7828201750432725
          0.6102818510836292
          0.3866197665981178
          0.0476912360461718
          0.1269139513541509
          0.0977807517925000
          0.0596182972071367
          0.0052834679036418
   0    2  0.067146 -0.275903 -0.118714 
         -0.0000000000000000           0.0000000000000001           0.0000000000000001
         -0.0000000000000000           0.0000000000000000          -0.0000000000000001
         -0.0000000000000000          -0.0000000000000001           0.0000000000000000
         -0.0000000000000000          -0.0000000000000000          -0.0000000000000000
         -0.0000000000000000           0.0000000000000000          -0.0000000000000000
          0.0000000000000000          -0.0000000000000000           0.0000000000000000
         -0.0000000000000000           0.0000000000000000          -0.0000000000000000
          0.0000000000000000           0.0000000000000000          -0.0000000000000000
          0.0000000000000001          -0.0000000000000002           0.0000000000000000
         -0.0000000000000006          -0.0000000000000008          -0.0000000000000001
          0.0000000000000000          -0.0000000000000000           0.0000000000000000
          0.0000000000000007           0.0000000000000004          -0.0000000000000001
         -0.0000000000000000          -0.0000000000000002           0.0000000000000000
          0.0000000000000002           0.0000000000000003          -0.0000000000000002
          0.0000000000000000           0.0000000000000000          -0.0000000000000000
          0.0000000000000000          -0.0000000000000000          -0.0000000000000003
         -0.0000000000000001          -0.0000000000000000          -0.0000000000000003
          0.0000000000000001           0.0000000000000005           0.0000000000000001
         -0.0000000000000001           0.0000000000000003           0.0000000000000000
          0.0000000000000001           0.0000000000000001          -0.0000000000000000
         -0.0000000000000000          -0.0000000000000002          -0.0000000000000000
          0.0000000000000000          -0.0000000000000000           0.0000000000000000
          0.0000000000000000           0.0000000000000000          -0.0000000000000000
          0.0000000000000000           0.0000000000000000           0.0000000000000000
          0.0000000000000000          -0.0000000000000000          -0.0000000000000000
         -0.0000000000000000          -0.0000000000000000          -0.0000000000000000
          0.0000000000000000           0.0000000000000000          -0.0000000000000000
         -0.0000000000000000          -0.0000000000000000           0.0000000000000000
          0.0000000000000000          -0.0000000000000000          -0.0000000000000000
         -0.0000000000000000           0.0000000000000000           0.0000000000000000
         -0.0206292254860924          -0.0005197643695663           0.0027914954746970
         -0.0155068469840354           0.0098648768522994           0.0081388921888844
         -0.0253158329349040           0.0192701561697647           0.0175417113047936
         -0.0410996126744945           0.0306914294695718           0.0292599624113305
         -0.0462774197183126           0.0387306609585695           0.0346794820868507
         -0.0281799982458037           0.0313371640198368           0.0242460013421727
         -0.0032334824623840           0.0071481306763721           0.0040529548507550
         -0.0000352016832120           0.0001538099177606           0.0000708708255693
         -0.0801207240167005           0.0756383416182607           0.0621009142683574
         -0.0785110738325348           0.0477456553847733           0.0416650034694422
         -0.0622271193110220           0.0478195424195389           0.0443725075338066
         -0.0606174691268531           0.0199268561860503           0.0239365967348914
         -0.0662636286943215           0.0659042145696509           0.0528250438202786
         -0.0882754300961003           0.0567579142724711           0.0545333965865264
         -0.0426938437197020           0.0370314353407558           0.0319307209694328
         -0.0647056451214802           0.0278851350435766           0.0336390737356810
         -0.0998857272093923           0.0614583145807878           0.0650998691408428
         -0.0718540803936406           0.0330990140700874           0.0422730345044276
         -0.0980899527695612           0.0561791462662988           0.0634985602180460
         -0.0712088918295725           0.0315741111972489           0.0425461695896097
         -0.0250854027175580           0.0067671589037315           0.0130831083223392
          0.0169537858139163           0.0049701507471677          -0.0064530121679097
         -0.0744944351349628           0.0406440500078224           0.0475912197011588
         -0.0549675482223190           0.0234426102677412           0.0326132664417083
         -0.0250970418522906           0.0064371133941032           0.0131901923053413
          0.0057146211029858           0.0025924671185637          -0.0017985877865178
         -0.0279787166478493           0.0151247614454989           0.0181195639458778
         -0.0210418153182353           0.0089874886918110           0.0127359482514058
         -0.0112161495618280           0.0028661246542333           0.0060438864875173
          0.0004684071771135           0.0004051071872328          -0.0001289114126598
         -0.1412564543666898           0.0944988518508876           0.0954417625786192
         -0.0173753434825431           0.0288851451521480           0.0083241551591807
         -0.0725090929888761           0.0599786289526514           0.0519483597577813
          0.0513720178952717          -0.0056350777460882          -0.0351692476616568
         -0.1317960584818328           0.0868372942747399           0.0891037246970476
         -0.0227430003085870           0.0358248345673841           0.0182547157097591
         -0.0653757720235412           0.0523218521814877           0.0465788529092329
          0.0436772861497049           0.0013093924741320          -0.0242701560780554
         -0.0393286580382737           0.0432077540464724           0.0317956636085837
          0.0200843147507276           0.0110411288125589          -0.0066338403719090
         -0.0533617129753743           0.0450185834097563           0.0396010236499019
         -0.0068053122522785           0.0186830498518884           0.0091645360368445
          0.0232852900427853          -0.0011558545332284          -0.0110813310031610
         -0.0082043824690798           0.0031199242845967           0.0048900671135345
         -0.0500263940152098           0.0367872191777264           0.0351527455408416
         -0.0208430514232735           0.0194522746910513           0.0157352656509331
          0.0032594508527138           0.0041867651133595          -0.0003801773379783
         -0.0004951395891633           0.0005847981372431           0.0006031213739461
         -0.0222089055838552           0.0153555421742786           0.0154348247170130
         -0.0131511101703866           0.0095986256644325           0.0091346829037445
         -0.0040817703620828           0.0037456710103617           0.0028723040443350
          0.0003584398940363          -0.0000030750490022          -0.0001257498001694
   1
          0.0000000000000000           0.0000000000000000           0.0000000000000000
          0.0000000000000000           0.0000000000000000           0.0000000000000000
          0.0000000000000000           0.0000000000000000           0.0000000000000000
          0.0000000000000000           0.0000000000000000           0.0000000000000000
          0.0000000000000000           0.0000000000000000           0.0000000000000000
          0.0000000000000000           0.0000000000000000           0.0000000000000000
          0.0000000000000000           0.0000000000000000           0.0000000000000000
          0.0000000000000000           0.0000000000000000           0.0000000000000000
          0.0000000000000000           0.0000000000000000           0.0000000000000000
          0.0000000000000000           0.0000000000000000           0.0000000000000000
          0.0000000000000000           0.0000000000000000           0.0000000000000000
          0.0000000000000000           0.0000000000000000           0.0000000000000000
          0.0000000000000000           0.0000000000000000           0.0000000000000000
          0.0000000000000000           0.0000000000000000           0.0000000000000000
          0.0000000000000000           0.0000000000000000           0.0000000000000000
          0.0000000000000000           0.0000000000000000           0.0000000000000000
          0.0000000000000000           0.0000000000000000           0.0000000000000000
          0.0000000000000000           0.0000000000000000           0.0000000000000000
          0.0000000000000000           0.0000000000000000           0.0000000000000000
          0.0000000000000000           0.0000000000000000           0.0000000000000000
          0.0000000000000000           0.0000000000000000           0.0000000000000000
          0.0000000000000000           0.0000000000000000           0.0000000000000000
          0.0000000000000000           0.0000000000000000           0.0000000000000000
          0.0000000000000000           0.0000000000000000           0.0000000000000000
          0.0000000000000000           0.0000000000000000           0.0000000000000000
          0.0000000000000000           0.0000000000000000           0.0000000000000000
          0.0000000000000000           0.0000000000000000           0.0000000000000000
          0.0000000000000000           0.0000000000000000           0.0000000000000000
          0.0000000000000000           0.0000000000000000           0.0000000000000000
          0.0000000000000000           0.0000000000000000           0.0000000000000000
         -0.0206292254860923          -0.0005197643695665           0.0027914954746970
         -0.0155068469840354           0.0098648768522993           0.0081388921888842
         -0.0253158329349040           0.0192701561697647           0.0175417113047937
         -0.0410996126744944           0.0306914294695718           0.0292599624113305
         -0.0462774197183126           0.0387306609585694           0.0346794820868507
         -0.0281799982458036           0.0313371640198368           0.0242460013421727
         -0.0032334824623840           0.0071481306763721           0.0040529548507550
         -0.0000352016832120           0.0001538099177606           0.0000708708255693
         -0.0126091732162635           0.0358442464920116           0.0098602370782299
         -0.3046544224822030           0.2109237475140595           0.1976715983973664
         -0.0637386283741833           0.0572517228760596           0.0429742048670687
         -0.3557838776401194           0.2323312238981037           0.2307855661862066
         -0.0056237422413584           0.0341856619341657           0.0106225816683148
         -0.3034543753394801           0.2111385957500861           0.2040942991452978
         -0.0323121713207997           0.0438043500029626           0.0273278223327770
         -0.3301428044189221           0.2207572838188810           0.2207995398097592
         -0.2921587603613766           0.1989555043758321           0.1995796832560922
         -0.2889124849614161           0.1945525399668134           0.1971511795422152
         -0.2514043977095817           0.1668304637123664           0.1715735718694820
         -0.2286810785210836           0.1531121528242587           0.1569787829774918
         -0.1664516101853658           0.1320040863788571           0.1222853184749381
         -0.0065303562620078           0.0449035412491003           0.0177301243083365
         -0.1735176561020979           0.1137245594754936           0.1183754430356731
         -0.1480883766849021           0.0987093296525905           0.1020167730882363
         -0.0992179656474417           0.0768293864783243           0.0726338684467576
         -0.0023067541973479           0.0191247005572232           0.0074425019385656
         -0.0601656566292913           0.0398513474072356           0.0419322388542919
         -0.0486346763992233           0.0327085776511734           0.0342351697011719
         -0.0305571898542689           0.0228224729105393           0.0223935417639125
         -0.0010420907407578           0.0037119773472161           0.0016671730507417
         -0.1412564543666905           0.0944988518508851           0.0954417625786190
         -0.0173753434825425           0.0288851451521524           0.0083241551591793
         -0.0725090929888767           0.0599786289526511           0.0519483597577815
          0.0513720178952727          -0.0056350777460856          -0.0351692476616588
         -0.1317960584818330           0.0868372942747393           0.0891037246970477
         -0.0227430003085853           0.0358248345673820           0.0182547157097598
         -0.0653757720235412           0.0523218521814871           0.0465788529092328
          0.0436772861497051           0.0013093924741321          -0.0242701560780547
         -0.0393286580382743           0.0432077540464723           0.0317956636085837
          0.0200843147507275           0.0110411288125594          -0.0066338403719094
         -0.0533617129753747           0.0450185834097567           0.0396010236499020
         -0.0068053122522788           0.0186830498518876           0.0091645360368450
          0.0232852900427855          -0.0011558545332269          -0.0110813310031613
         -0.0082043824690798           0.0031199242845967           0.0048900671135346
         -0.0500263940152097           0.0367872191777260           0.0351527455408415
         -0.0208430514232737           0.0194522746910514           0.0157352656509334
          0.0032594508527137           0.0041867651133594          -0.0003801773379784
         -0.0004951395891633           0.0005847981372431           0.0006031213739461
         -0.0222089055838552           0.0153555421742785           0.0154348247170130
         -0.0131511101703866           0.0095986256644325           0.0091346829037444
         -0.0040817703620828           0.0037456710103618           0.0028723040443350
          0.0003584398940363          -0.0000030750490022          -0.0001257498001694
   0
          0.0000000000000000          -0.0000000000000001          -0.0000000000000001
          0.0000000000000000          -0.0000000000000000           0.0000000000000001
          0.0000000000000000           0.0000000000000001          -0.0000000000000000
          0.0000000000000000           0.0000000000000000           0.0000000000000000
          0.0000000000000000           0.0000000000000000           0.0000000000000000
         -0.0000000000000000           0.0000000000000000          -0.0000000000000000
          0.0000000000000000          -0.0000000000000000           0.0000000000000000
         -0.0000000000000000           0.0000000000000000           0.0000000000000000
          0.0000000000000000           0.0000000000000004          -0.0000000000000001
          0.0000000000000003          -0.0000000000000008          -0.0000000000000001
         -0.0000000000000001          -0.0000000000000003           0.0000000000000002
         -0.0000000000000002           0.0000000000000002           0.0000000000000004
         -0.0000000000000002          -0.0000000000000002           0.0000000000000000
         -0.0000000000000006           0.0000000000000000           0.0000000000000003
         -0.0000000000000000           0.0000000000000000          -0.0000000000000000
          0.0000000000000003           0.0000000000000004          -0.0000000000000004
         -0.0000000000000002          -0.0000000000000007           0.0000000000000000
          0.0000000000000002          -0.0000000000000000          -0.0000000000000001
          0.0000000000000002          -0.0000000000000001          -0.0000000000000002
          0.0000000000000001          -0.0000000000000001          -0.0000000000000000
         -0.0000000000000000           0.0000000000000001           0.0000000000000000
         -0.0000000000000000           0.0000000000000000           0.0000000000000000
         -0.0000000000000000          -0.0000000000000000           0.0000000000000001
          0.0000000000000000          -0.0000000000000000           0.0000000000000000
          0.0000000000000000           0.0000000000000000          -0.0000000000000000
         -0.0000000000000000           0.0000000000000000           0.0000000000000000
         -0.0000000000000000          -0.0000000000000000           0.0000000000000000
         -0.0000000000000000          -0.0000000000000000           0.0000000000000000
         -0.0000000000000000           0.0000000000000000          -0.0000000000000000
          0.0000000000000000           0.0000000000000000          -0.0000000000000000
          0.0000000000000000           0.0000000000000000           0.0000000000000000
          0.0000000000000000           0.0000000000000000           0.0000000000000000
          0.0000000000000000           0.0000000000000000           0.0000000000000000
          0.0000000000000000           0.0000000000000000           0.0000000000000000
          0.0000000000000000           0.0000000000000000           0.0000000000000000
          0.0000000000000000           0.0000000000000000           0.0000000000000000
          0.0000000000000000           0.0000000000000000           0.0000000000000000
          0.0000000000000000           0.0000000000000000           0.0000000000000000
          0.0675115508004355          -0.0397940951262473          -0.0522406771901277
         -0.2261433486496692           0.1631780921292789           0.1560065949279252
         -0.0015115090631614           0.0094321804565211          -0.0013983026667373
         -0.2951664085132658           0.2124043677120553           0.2068489694513155
          0.0606398864529624          -0.0317185526354876          -0.0422024621519638
         -0.2151789452433822           0.1543806814776111           0.1495609025587706
          0.0103816723989027           0.0067729146622059          -0.0046028986366557
         -0.2654371592974413           0.1928721487753081           0.1871604660740793
         -0.1922730331519845           0.1374971897950446           0.1344798141152496
         -0.2170584045677750           0.1614535258967233           0.1548781450377879
         -0.1533144449400207           0.1106513174460691           0.1080750116514361
         -0.1574721866915111           0.1215380416270103           0.1144326133878819
         -0.1413662074678077           0.1252369274751257           0.1092022101525990
         -0.0234841420759241           0.0399333905019326           0.0241831364762461
         -0.0990232209671347           0.0730805094676711           0.0707842233345151
         -0.0931208284625826           0.0752667193848491           0.0694035066465281
         -0.0741209237951510           0.0703922730842213           0.0594436761414165
         -0.0080213753003337           0.0165322334386594           0.0092410897250834
         -0.0321869399814419           0.0247265859617367           0.0238126749084143
         -0.0275928610809879           0.0237210889593622           0.0214992214497662
         -0.0193410402924408           0.0199563482563060           0.0163496552763953
         -0.0015104979178713           0.0033068701599833           0.0017960844634015
          0.0000000000000000           0.0000000000000000           0.0000000000000000
          0.0000000000000000           0.0000000000000000           0.0000000000000000
          0.0000000000000000           0.0000000000000000           0.0000000000000000
          0.0000000000000000           0.0000000000000000           0.0000000000000000
          0.0000000000000000           0.0000000000000000           0.0000000000000000
          0.0000000000000000           0.0000000000000000           0.0000000000000000
          0.0000000000000000           0.0000000000000000           0.0000000000000000
          0.0000000000000000           0.0000000000000000           0.0000000000000000
          0.0000000000000000           0.0000000000000000           0.0000000000000000
          0.0000000000000000           0.0000000000000000           0.0000000000000000
          0.0000000000000000           0.0000000000000000           0.0000000000000000
          0.0000000000000000           0.0000000000000000           0.0000000000000000
          0.0000000000000000           0.0000000000000000           0.0000000000000000
          0.0000000000000000           0.0000000000000000           0.0000000000000000
          0.0000000000000000           0.0000000000000000           0.0000000000000000
          0.0000000000000000           0.0000000000000000           0.0000000000000000
          0.0000000000000000           0.0000000000000000           0.0000000000000000
          0.0000000000000000           0.0000000000000000           0.0000000000000000
          0.0000000000000000           0.0000000000000000           0.0000000000000000
          0.0000000000000000           0.0000000000000000           0.0000000000000000
          0.0000000000000000           0.0000000000000000           0.0000000000000000
          0.0000000000000000           0.0000000000000000           0.0000000000000000
