1  82   2   1   2   -6.203896   0.000000
  0 
./DATA/100/00/GA/G023/M020/
0
          4.5196083567840848
          2.9532713236304819
          1.9239413760535315
          1.0819813857705547
          0.4691041936498351
          0.1490311543999388
          0.0127004110404214
          0.0001240978760858
          1.4656023642359552
          4.0212420264766200
          0.5771391543423153
          3.1327788165829777
          0.9745717925918442
          2.6801447136201175
          0.3799093501952708
          2.0854822712235448
          1.3602218597859184
          1.0558824949517200
          0.5465687474622770
          0.4227042589998669
          0.2729669565553020
          0.0630516489517485
          0.1574147659276117
          0.1211008233467624
          0.0768060250336768
          0.0161480835224574
          0.0148230392102258
          0.0113080918502253
          0.0069713832376291
          0.0011968568262160
          5.5737811844817768
          4.0194694624737872
          2.8764545916525686
          1.8092426991446053
          0.8876025111640906
          0.3070832046264122
          0.0250119572542962
          0.0001957862294814
          5.7819464468178543
         18.9871256100924022
          2.0091659502119699
         15.2143451134865284
          4.2140775883005182
         13.7968732537317180
          1.4473225423567748
         11.0301182077879787
          8.0913006940655894
          6.4433207962173960
          3.9463401766216974
          3.1258360546510087
          2.0831793383836912
          0.3475966654016546
          1.4785358280591783
          1.1627648293964634
          0.7610761094198247
          0.1120238385852766
          0.2300697396531025
          0.1786325376258307
          0.1132169254561057
          0.0134471014542394
          4.0823034708207135
          8.3022325576344240
          1.8036246963085221
          6.0235537831222254
          2.9430204800078088
          6.0624549410083199
          1.2821367791475125
          4.4015712401480203
          3.5860304983436837
          2.6075041043740113
          1.7699599818345866
          1.2904217312970763
          0.7680175713018277
          0.1070687303707565
          0.6740833425934719
          0.4937610144657076
          0.2934484071085453
          0.0368904657643188
          0.1081011740240581
          0.0800581176505000
          0.0476823841430081
          0.0050069471196167
1
          4.5196083567840839
          2.9532713236304819
          1.9239413760535318
          1.0819813857705545
          0.4691041936498351
          0.1490311543999388
          0.0127004110404214
          0.0001240978760858
          1.4656023642359555
          4.0212420264766182
          0.5771391543423158
          3.1327788165829777
          0.9745717925918442
          2.6801447136201180
          0.3799093501952708
          2.0854822712235448
          1.3602218597859186
          1.0558824949517200
          0.5465687474622766
          0.4227042589998667
          0.2729669565553019
          0.0630516489517485
          0.1574147659276116
          0.1211008233467624
          0.0768060250336767
          0.0161480835224574
          0.0148230392102258
          0.0113080918502253
          0.0069713832376291
          0.0011968568262160
          5.5737811844817768
          4.0194694624737863
          2.8764545916525677
          1.8092426991446053
          0.8876025111640907
          0.3070832046264123
          0.0250119572542962
          0.0001957862294814
          5.7819464468178525
         18.9871256100924093
          2.0091659502119721
         15.2143451134865249
          4.2140775883005173
         13.7968732537317287
          1.4473225423567753
         11.0301182077879734
          8.0913006940655947
          6.4433207962173977
          3.9463401766217014
          3.1258360546510087
          2.0831793383836921
          0.3475966654016543
          1.4785358280591774
          1.1627648293964639
          0.7610761094198240
          0.1120238385852764
          0.2300697396531024
          0.1786325376258307
          0.1132169254561056
          0.0134471014542394
          4.0823034708207127
          8.3022325576344134
          1.8036246963085221
          6.0235537831222263
          2.9430204800078084
          6.0624549410083182
          1.2821367791475129
          4.4015712401480194
          3.5860304983436855
          2.6075041043740113
          1.7699599818345875
          1.2904217312970769
          0.7680175713018278
          0.1070687303707565
          0.6740833425934716
          0.4937610144657075
          0.2934484071085451
          0.0368904657643188
          0.1081011740240581
          0.0800581176504999
          0.0476823841430081
          0.0050069471196167
   0    2  0.049001  0.000830 -0.171369 
         -0.0000000000000000           0.0000000000000001           0.0000000000000001
          0.0000000000000000          -0.0000000000000001          -0.0000000000000001
         -0.0000000000000001           0.0000000000000000           0.0000000000000001
          0.0000000000000000           0.0000000000000000          -0.0000000000000000
          0.0000000000000000          -0.0000000000000000           0.0000000000000000
          0.0000000000000000          -0.0000000000000000           0.0000000000000000
          0.0000000000000000           0.0000000000000000           0.0000000000000000
          0.0000000000000000           0.0000000000000000          -0.0000000000000000
          0.0000000000000000          -0.0000000000000001          -0.0000000000000001
         -0.0000000000000003          -0.0000000000000003          -0.0000000000000003
          0.0000000000000000          -0.0000000000000000          -0.0000000000000000
         -0.0000000000000001           0.0000000000000001           0.0000000000000002
          0.0000000000000003          -0.0000000000000001           0.0000000000000001
         -0.0000000000000001           0.0000000000000007          -0.0000000000000003
         -0.0000000000000000          -0.0000000000000000          -0.0000000000000000
          0.0000000000000001           0.0000000000000001          -0.0000000000000004
         -0.0000000000000001          -0.0000000000000001          -0.0000000000000000
          0.0000000000000001           0.0000000000000001           0.0000000000000001
         -0.0000000000000000           0.0000000000000000          -0.0000000000000000
         -0.0000000000000001          -0.0000000000000000          -0.0000000000000000
          0.0000000000000000           0.0000000000000000          -0.0000000000000000
          0.0000000000000000          -0.0000000000000000          -0.0000000000000000
         -0.0000000000000001           0.0000000000000000          -0.0000000000000000
         -0.0000000000000000           0.0000000000000000           0.0000000000000000
          0.0000000000000000           0.0000000000000000           0.0000000000000000
         -0.0000000000000000          -0.0000000000000000           0.0000000000000000
          0.0000000000000000          -0.0000000000000000          -0.0000000000000000
          0.0000000000000000           0.0000000000000000          -0.0000000000000000
          0.0000000000000000           0.0000000000000000          -0.0000000000000000
         -0.0000000000000000           0.0000000000000000          -0.0000000000000000
         -0.0086168388199748          -0.0071447927996480           0.0010018277470223
         -0.0027012182912244          -0.0024070359416324          -0.0009855639089115
         -0.0002309669445006           0.0004301316174829           0.0016526853712564
         -0.0001118479670360           0.0018045185335193           0.0082831118221335
         -0.0019052625376566           0.0014910286609893           0.0162175098293821
         -0.0030632167123903           0.0005674689648051           0.0169202601444260
         -0.0011607327213714           0.0000317734476330           0.0048598329324883
         -0.0000270843751501          -0.0000020454956133           0.0000961945602204
         -0.0030492660788752           0.0012939718109945           0.0182802256957891
         -0.0077289551505605          -0.0090130918854399          -0.0193813866519824
         -0.0009067782825064           0.0026613160757620           0.0171533927763829
         -0.0055864673541872          -0.0076457476206737          -0.0205082195713891
         -0.0031395365918112           0.0007854220263829           0.0175117603169983
         -0.0002143608971747          -0.0010652558097837          -0.0139162891393204
         -0.0015886121771454           0.0012900429639590           0.0145926807248646
          0.0013365635174882          -0.0005606348722091          -0.0168353687314497
          0.0046126742893861           0.0051746380941632          -0.0042033624610303
          0.0058039042508216           0.0050595338746619          -0.0089187541131331
          0.0046783051239418           0.0065595907897550           0.0050463390686232
          0.0057218220650651           0.0062760966841395          -0.0002984291355318
          0.0049923233871383           0.0042958663404645          -0.0060911488696464
         -0.0031299577060331          -0.0029065469548823          -0.0022909213769702
          0.0024064407347755           0.0045265446440313           0.0094793028942436
          0.0032332835384252           0.0043070816226257           0.0049768093873622
          0.0031988837569084           0.0032759596561750          -0.0001887606370278
         -0.0009124900111377          -0.0006888824432006          -0.0009876410258214
          0.0001771193241157           0.0012152252038718           0.0063308722069232
          0.0005530196213711           0.0011351695503730           0.0042389902804879
          0.0007587423328348           0.0009069354805217           0.0017028724717376
         -0.0000600157468931           0.0000188920159136          -0.0001169458966138
          0.0019328541516384           0.0070427593399079           0.0187669470579870
         -0.0127110753810750          -0.0147618794143560          -0.0198681080141819
         -0.0025435235282839           0.0027715876251291           0.0215293908642278
         -0.0171874530609976          -0.0190330511291353          -0.0171056642079406
          0.0020679316837596           0.0070836791336291           0.0198296436719032
         -0.0054218291727495          -0.0073635129170302          -0.0162341724942230
         -0.0020681672626671           0.0026571079709883           0.0197430207183504
         -0.0095579281191756          -0.0117900840796727          -0.0163207954477754
         -0.0001086569838857          -0.0008135916062787          -0.0084584392219826
         -0.0031649568871167          -0.0047132667133827          -0.0118306378630232
          0.0012042346875892           0.0019989436652648           0.0000905473709167
         -0.0004495792235865          -0.0007562388452770          -0.0051631760046079
         -0.0011874301577172          -0.0017895175514904          -0.0054528097194239
         -0.0004389786124793          -0.0001100623920668           0.0028961001028886
          0.0004670717660517           0.0019537203315140           0.0055039234433512
         -0.0000396432326140           0.0004908574129692           0.0004875198223207
         -0.0002080496928271          -0.0002591986707430          -0.0022324941503390
         -0.0001696381952966          -0.0000102351718772           0.0009533528480579
         -0.0003359535375917           0.0005936569955437           0.0048821506555554
         -0.0002613886535635           0.0002489886258157           0.0024468207264974
         -0.0001008510194495           0.0000499037548470           0.0003343005136448
         -0.0000177156977136           0.0000121471792434           0.0000429407362855
   1
          0.0000000000000000           0.0000000000000000           0.0000000000000000
          0.0000000000000000           0.0000000000000000           0.0000000000000000
          0.0000000000000000           0.0000000000000000           0.0000000000000000
          0.0000000000000000           0.0000000000000000           0.0000000000000000
          0.0000000000000000           0.0000000000000000           0.0000000000000000
          0.0000000000000000           0.0000000000000000           0.0000000000000000
          0.0000000000000000           0.0000000000000000           0.0000000000000000
          0.0000000000000000           0.0000000000000000           0.0000000000000000
          0.0000000000000000           0.0000000000000000           0.0000000000000000
          0.0000000000000000           0.0000000000000000           0.0000000000000000
          0.0000000000000000           0.0000000000000000           0.0000000000000000
          0.0000000000000000           0.0000000000000000           0.0000000000000000
          0.0000000000000000           0.0000000000000000           0.0000000000000000
          0.0000000000000000           0.0000000000000000           0.0000000000000000
          0.0000000000000000           0.0000000000000000           0.0000000000000000
          0.0000000000000000           0.0000000000000000           0.0000000000000000
          0.0000000000000000           0.0000000000000000           0.0000000000000000
          0.0000000000000000           0.0000000000000000           0.0000000000000000
          0.0000000000000000           0.0000000000000000           0.0000000000000000
          0.0000000000000000           0.0000000000000000           0.0000000000000000
          0.0000000000000000           0.0000000000000000           0.0000000000000000
          0.0000000000000000           0.0000000000000000           0.0000000000000000
          0.0000000000000000           0.0000000000000000           0.0000000000000000
          0.0000000000000000           0.0000000000000000           0.0000000000000000
          0.0000000000000000           0.0000000000000000           0.0000000000000000
          0.0000000000000000           0.0000000000000000           0.0000000000000000
          0.0000000000000000           0.0000000000000000           0.0000000000000000
          0.0000000000000000           0.0000000000000000           0.0000000000000000
          0.0000000000000000           0.0000000000000000           0.0000000000000000
          0.0000000000000000           0.0000000000000000           0.0000000000000000
         -0.0086168388199748          -0.0071447927996483           0.0010018277470223
         -0.0027012182912243          -0.0024070359416325          -0.0009855639089115
         -0.0002309669445006           0.0004301316174828           0.0016526853712564
         -0.0001118479670358           0.0018045185335193           0.0082831118221332
         -0.0019052625376566           0.0014910286609893           0.0162175098293821
         -0.0030632167123904           0.0005674689648051           0.0169202601444260
         -0.0011607327213714           0.0000317734476330           0.0048598329324883
         -0.0000270843751501          -0.0000020454956133           0.0000961945602204
         -0.0164440933210832          -0.0148350527127311           0.0006053302181633
         -0.0051123491377892          -0.0006031874361628          -0.0028076521305549
         -0.0148583304288567          -0.0092185089057295           0.0256044992438175
         -0.0035265862455625           0.0050133563708370           0.0221915168950976
         -0.0093785153922511          -0.0087326211403975          -0.0016054707385798
          0.0026707204142711           0.0081729535735925           0.0087964130939377
         -0.0102830896853431          -0.0065555250493731           0.0179606758280932
          0.0017661461211793           0.0103500496646171           0.0283625596606105
          0.0062732042740904           0.0135837907889583           0.0239875482704537
          0.0041087532683745           0.0130087146884214           0.0352852014934869
          0.0045115757227931           0.0126384654105144           0.0334659583362320
          0.0027912735869902           0.0111840812383120           0.0369643509670498
         -0.0016893656198933           0.0073083883327892           0.0405665515853678
         -0.0095343500859859          -0.0032887980197434           0.0246587369581954
          0.0011545944522884           0.0079051724155293           0.0317997470964358
          0.0004945017910072           0.0068041226672978           0.0303320961693252
         -0.0011278804353124           0.0046390690525999           0.0268713130476069
         -0.0036971538780829          -0.0009568892605527           0.0101489512026869
         -0.0007945364547155           0.0021263754175792           0.0159921023104109
         -0.0006914877106702           0.0018254652051169           0.0137008349472374
         -0.0006448267053045           0.0013209458975398           0.0100031841684136
         -0.0005546995871985          -0.0000175292219465           0.0018450932973752
          0.0019328541516387           0.0070427593399094           0.0187669470579859
         -0.0127110753810755          -0.0147618794143547          -0.0198681080141819
         -0.0025435235282846           0.0027715876251296           0.0215293908642284
         -0.0171874530609968          -0.0190330511291358          -0.0171056642079413
          0.0020679316837590           0.0070836791336292           0.0198296436719024
         -0.0054218291727492          -0.0073635129170307          -0.0162341724942235
         -0.0020681672626671           0.0026571079709879           0.0197430207183507
         -0.0095579281191767          -0.0117900840796720          -0.0163207954477752
         -0.0001086569838860          -0.0008135916062795          -0.0084584392219845
         -0.0031649568871168          -0.0047132667133830          -0.0118306378630221
          0.0012042346875893           0.0019989436652650           0.0000905473709163
         -0.0004495792235865          -0.0007562388452771          -0.0051631760046083
         -0.0011874301577171          -0.0017895175514903          -0.0054528097194241
         -0.0004389786124793          -0.0001100623920668           0.0028961001028885
          0.0004670717660519           0.0019537203315140           0.0055039234433513
         -0.0000396432326140           0.0004908574129694           0.0004875198223207
         -0.0002080496928271          -0.0002591986707429          -0.0022324941503389
         -0.0001696381952966          -0.0000102351718772           0.0009533528480579
         -0.0003359535375917           0.0005936569955437           0.0048821506555554
         -0.0002613886535635           0.0002489886258156           0.0024468207264974
         -0.0001008510194495           0.0000499037548470           0.0003343005136448
         -0.0000177156977136           0.0000121471792434           0.0000429407362855
   0
          0.0000000000000000          -0.0000000000000001          -0.0000000000000001
          0.0000000000000000           0.0000000000000001           0.0000000000000001
          0.0000000000000001           0.0000000000000000          -0.0000000000000001
          0.0000000000000000           0.0000000000000000           0.0000000000000000
          0.0000000000000000           0.0000000000000000          -0.0000000000000000
          0.0000000000000000           0.0000000000000000          -0.0000000000000000
         -0.0000000000000000          -0.0000000000000000          -0.0000000000000000
          0.0000000000000000           0.0000000000000000           0.0000000000000000
         -0.0000000000000016          -0.0000000000000000          -0.0000000000000005
          0.0000000000000002           0.0000000000000011          -0.0000000000000013
         -0.0000000000000002          -0.0000000000000002           0.0000000000000003
         -0.0000000000000011          -0.0000000000000008           0.0000000000000004
          0.0000000000000003          -0.0000000000000002           0.0000000000000003
         -0.0000000000000002           0.0000000000000000           0.0000000000000001
         -0.0000000000000001           0.0000000000000001           0.0000000000000000
         -0.0000000000000006           0.0000000000000003           0.0000000000000005
         -0.0000000000000001          -0.0000000000000004           0.0000000000000001
          0.0000000000000002          -0.0000000000000000           0.0000000000000002
         -0.0000000000000001           0.0000000000000000          -0.0000000000000000
         -0.0000000000000002          -0.0000000000000001           0.0000000000000001
         -0.0000000000000001           0.0000000000000000          -0.0000000000000000
         -0.0000000000000000           0.0000000000000000           0.0000000000000000
          0.0000000000000000           0.0000000000000000          -0.0000000000000000
         -0.0000000000000000           0.0000000000000001          -0.0000000000000000
         -0.0000000000000000          -0.0000000000000000          -0.0000000000000000
          0.0000000000000000          -0.0000000000000000           0.0000000000000000
          0.0000000000000000          -0.0000000000000000           0.0000000000000000
          0.0000000000000000           0.0000000000000000           0.0000000000000000
         -0.0000000000000000           0.0000000000000000          -0.0000000000000000
         -0.0000000000000000           0.0000000000000000           0.0000000000000000
          0.0000000000000000           0.0000000000000000           0.0000000000000000
          0.0000000000000000           0.0000000000000000           0.0000000000000000
          0.0000000000000000           0.0000000000000000           0.0000000000000000
          0.0000000000000000           0.0000000000000000           0.0000000000000000
          0.0000000000000000           0.0000000000000000           0.0000000000000000
          0.0000000000000000           0.0000000000000000           0.0000000000000000
          0.0000000000000000           0.0000000000000000           0.0000000000000000
          0.0000000000000000           0.0000000000000000           0.0000000000000000
         -0.0133948272422037          -0.0161290245237256          -0.0176748954776234
          0.0026166060127719           0.0084099044492782           0.0165737345214264
         -0.0139515521463500          -0.0118798249814914           0.0084511064674346
          0.0020598811086247           0.0126591039915102           0.0426997364664860
         -0.0062389788004392          -0.0095180431667804          -0.0191172310555778
          0.0028850813114491           0.0092382093833774           0.0227127022332547
         -0.0086944775081979          -0.0078455680133319           0.0033679951032285
          0.0004295826036905           0.0109106845368242           0.0451979283920634
          0.0016605299847012           0.0084091526947957           0.0281909107314878
         -0.0016951509824472           0.0079491808137601           0.0442039556066190
         -0.0001667294011478           0.0060788746207595           0.0284196192676070
         -0.0029305484780751           0.0049079845541722           0.0372627801025808
         -0.0066816890070314           0.0030125219923246           0.0466577004550140
         -0.0064043923799527          -0.0003822510648610           0.0269496583351654
         -0.0012518462824873           0.0033786277714980           0.0223204442021923
         -0.0027387817474182           0.0024970410446718           0.0253552867819630
         -0.0043267641922206           0.0013631093964250           0.0270600736846349
         -0.0027846638669453          -0.0002680068173521           0.0111365922285081
         -0.0009716557788311           0.0009111502137073           0.0096612301034878
         -0.0012445073320413           0.0006902956547439           0.0094618446667496
         -0.0014035690381393           0.0004140104170182           0.0083003116966759
         -0.0004946838403055          -0.0000364212378601           0.0019620391939890
          0.0000000000000000           0.0000000000000000           0.0000000000000000
          0.0000000000000000           0.0000000000000000           0.0000000000000000
          0.0000000000000000           0.0000000000000000           0.0000000000000000
          0.0000000000000000           0.0000000000000000           0.0000000000000000
          0.0000000000000000           0.0000000000000000           0.0000000000000000
          0.0000000000000000           0.0000000000000000           0.0000000000000000
          0.0000000000000000           0.0000000000000000           0.0000000000000000
          0.0000000000000000           0.0000000000000000           0.0000000000000000
          0.0000000000000000           0.0000000000000000           0.0000000000000000
          0.0000000000000000           0.0000000000000000           0.0000000000000000
          0.0000000000000000           0.0000000000000000           0.0000000000000000
          0.0000000000000000           0.0000000000000000           0.0000000000000000
          0.0000000000000000           0.0000000000000000           0.0000000000000000
          0.0000000000000000           0.0000000000000000           0.0000000000000000
          0.0000000000000000           0.0000000000000000           0.0000000000000000
          0.0000000000000000           0.0000000000000000           0.0000000000000000
          0.0000000000000000           0.0000000000000000           0.0000000000000000
          0.0000000000000000           0.0000000000000000           0.0000000000000000
          0.0000000000000000           0.0000000000000000           0.0000000000000000
          0.0000000000000000           0.0000000000000000           0.0000000000000000
          0.0000000000000000           0.0000000000000000           0.0000000000000000
          0.0000000000000000           0.0000000000000000           0.0000000000000000
