1  82   2   1   2   -6.241135   0.000000
  0 
./DATA/100/00/GA/G002/M021/
0
          3.7302499101156439
          2.5726713370126344
          1.7701656228246765
          1.0626003004449012
          0.4882205436375445
          0.1527620724556755
          0.0098258730480635
          0.0000517302575446
          1.1912792029619135
          3.3023729583957477
          0.4580809981274018
          2.5691747535612350
          0.8496914629358993
          2.3644220485198044
          0.3211443207296893
          1.8358749063135933
          1.3490931856729158
          1.0441291818167329
          0.6292263621289456
          0.4850223215936180
          0.3096285528163693
          0.0484074580083814
          0.2179335148722033
          0.1672061804448183
          0.1050349536143339
          0.0141594544870826
          0.0276301314513821
          0.0210691022456422
          0.0129433880050997
          0.0013940680406848
          4.9349570290761831
          3.3576806741993952
          2.2608120755822618
          1.3122312166030417
          0.5782568758432822
          0.1753552349163024
          0.0111219489960057
          0.0000606168164735
          4.6149465775558429
         12.1756724869020054
          1.7558804778748940
          9.3166063872210447
          3.2710208235173557
          8.6099049500756752
          1.2318725207448553
          6.5707566473031722
          4.8297640631912113
          3.6704655812887443
          2.2277639555576290
          1.6846124269892728
          1.0393927419601650
          0.1510982348228536
          0.7819393059196890
          0.5881763619810138
          0.3545582803929088
          0.0421569762667530
          0.1117973519880511
          0.0836324305017996
          0.0487840961871065
          0.0039350401721559
          2.0322913522236350
          6.3630181800052865
          0.7188498812076852
          5.0495767089893357
          1.4203711638727825
          4.5200917229237305
          0.4879340493984208
          3.5876546084493719
          2.5503432860175268
          2.0228397662451898
          1.1814783921655292
          0.9347565919592827
          0.6088950790385939
          0.0863774969573549
          0.4148736937731513
          0.3264723357919598
          0.2085497005189377
          0.0256431718607969
          0.0587702975069371
          0.0456917148721398
          0.0281492053587811
          0.0025638398893346
1
          3.7302499101156434
          2.5726713370126348
          1.7701656228246767
          1.0626003004449009
          0.4882205436375446
          0.1527620724556756
          0.0098258730480635
          0.0000517302575446
          1.1912792029619135
          3.3023729583957473
          0.4580809981274017
          2.5691747535612350
          0.8496914629358990
          2.3644220485198053
          0.3211443207296893
          1.8358749063135933
          1.3490931856729160
          1.0441291818167329
          0.6292263621289458
          0.4850223215936180
          0.3096285528163693
          0.0484074580083813
          0.2179335148722033
          0.1672061804448183
          0.1050349536143339
          0.0141594544870826
          0.0276301314513821
          0.0210691022456422
          0.0129433880050997
          0.0013940680406848
          4.9349570290761831
          3.3576806741993956
          2.2608120755822632
          1.3122312166030419
          0.5782568758432821
          0.1753552349163024
          0.0111219489960057
          0.0000606168164735
          4.6149465775558456
         12.1756724869020019
          1.7558804778748929
          9.3166063872210518
          3.2710208235173552
          8.6099049500756717
          1.2318725207448558
          6.5707566473031713
          4.8297640631912122
          3.6704655812887461
          2.2277639555576316
          1.6846124269892746
          1.0393927419601650
          0.1510982348228535
          0.7819393059196892
          0.5881763619810141
          0.3545582803929088
          0.0421569762667530
          0.1117973519880511
          0.0836324305017996
          0.0487840961871065
          0.0039350401721559
          2.0322913522236341
          6.3630181800052847
          0.7188498812076849
          5.0495767089893366
          1.4203711638727812
          4.5200917229237314
          0.4879340493984208
          3.5876546084493723
          2.5503432860175290
          2.0228397662451902
          1.1814783921655292
          0.9347565919592830
          0.6088950790385940
          0.0863774969573549
          0.4148736937731510
          0.3264723357919601
          0.2085497005189376
          0.0256431718607969
          0.0587702975069371
          0.0456917148721398
          0.0281492053587811
          0.0025638398893346
   0    2 -0.055367 -0.101675 -0.354629 
         -0.0000000000000000          -0.0000000000000001           0.0000000000000000
          0.0000000000000000          -0.0000000000000000           0.0000000000000000
          0.0000000000000000           0.0000000000000000           0.0000000000000000
          0.0000000000000000           0.0000000000000000          -0.0000000000000000
          0.0000000000000000           0.0000000000000000           0.0000000000000000
          0.0000000000000000           0.0000000000000000           0.0000000000000000
          0.0000000000000000           0.0000000000000000           0.0000000000000000
          0.0000000000000000           0.0000000000000000           0.0000000000000000
          0.0000000000000001           0.0000000000000002          -0.0000000000000000
         -0.0000000000000002          -0.0000000000000001          -0.0000000000000000
         -0.0000000000000000          -0.0000000000000000           0.0000000000000000
          0.0000000000000001           0.0000000000000001           0.0000000000000000
         -0.0000000000000000           0.0000000000000001          -0.0000000000000000
          0.0000000000000002          -0.0000000000000004           0.0000000000000000
         -0.0000000000000000          -0.0000000000000000          -0.0000000000000000
          0.0000000000000001           0.0000000000000001          -0.0000000000000000
         -0.0000000000000001          -0.0000000000000001          -0.0000000000000000
          0.0000000000000000           0.0000000000000000           0.0000000000000000
         -0.0000000000000000          -0.0000000000000000          -0.0000000000000000
          0.0000000000000000          -0.0000000000000000           0.0000000000000000
         -0.0000000000000000          -0.0000000000000000           0.0000000000000000
          0.0000000000000000          -0.0000000000000000           0.0000000000000000
         -0.0000000000000000          -0.0000000000000000          -0.0000000000000000
         -0.0000000000000000          -0.0000000000000000           0.0000000000000000
         -0.0000000000000000          -0.0000000000000000           0.0000000000000000
          0.0000000000000000          -0.0000000000000000           0.0000000000000000
          0.0000000000000000          -0.0000000000000000           0.0000000000000000
         -0.0000000000000000           0.0000000000000000          -0.0000000000000000
         -0.0000000000000000          -0.0000000000000000           0.0000000000000000
          0.0000000000000000          -0.0000000000000000           0.0000000000000000
         -0.0295080242403752          -0.0059020794155279           0.0188540191851828
         -0.0018271864318314           0.0001248049926564           0.0256088865076361
          0.0123072126350385           0.0018632826141211           0.0358118592614730
          0.0194276113979802           0.0036654965226394           0.0498741795551379
          0.0177082635054234           0.0067347723775082           0.0609167598118105
          0.0098913660493308           0.0077913856906562           0.0507487237049107
          0.0022877979243626           0.0028143594586660           0.0115785238974492
          0.0000658451993579           0.0000835705009499           0.0001943037965145
          0.0278970132517499           0.0130012738948010           0.1200336294386440
          0.0071507070517183          -0.0006854440304796           0.0879558435721925
          0.0288563039079701           0.0057337205107206           0.0928552067415189
          0.0081099977079388          -0.0079529974145607           0.0607774208750676
          0.0223725897549880           0.0119911474803282           0.1005230424000103
          0.0318290189388853          -0.0001240831282239           0.0877448174301989
          0.0197337573501902           0.0054013403837207           0.0728681228172970
          0.0291901865340882          -0.0067138902248321           0.0600898978474851
          0.0469951854582098          -0.0009920600897682           0.0816652865726932
          0.0419465334600085          -0.0064759623273917           0.0552032939647204
          0.0440921099602438          -0.0013040677645342           0.0672818175072085
          0.0389194234586136          -0.0055584363229342           0.0449332614239089
          0.0245125365594093          -0.0076837207090857           0.0209860419836182
         -0.0100519013118579           0.0029526757193137          -0.0029044290160526
          0.0292312126462140          -0.0001615663108193           0.0459080792488891
          0.0254615215326923          -0.0030960624428259           0.0305010531477667
          0.0167355602477621          -0.0048667317707863           0.0136743668248947
         -0.0023498131314136           0.0010018622274295          -0.0000362443729676
          0.0089015832902388           0.0008804574444894           0.0177891586987283
          0.0074895064047929          -0.0003272465744391           0.0120092614591254
          0.0049013761061881          -0.0012611997278525           0.0053751640597722
          0.0000448434657008           0.0000426563942700           0.0000839893604353
          0.0561479199010001           0.0006477816843614           0.1081453265393124
         -0.0211001995975328           0.0116680481799599           0.0998441464715240
          0.0215689888460034          -0.0028893048547595           0.0487139000745759
         -0.0556791306525297           0.0081309616408388           0.0404127200067880
          0.0505689708481928           0.0008561391225793           0.0955191435958638
          0.0036326378456807           0.0110109252295255           0.0927487162343453
          0.0189477944748138          -0.0020946050384009           0.0420131937925404
         -0.0279885385276982           0.0080601810685449           0.0392427664310214
          0.0217163402705208           0.0078387725962277           0.0803957415948605
         -0.0037320766281372           0.0055621835118923           0.0365757692130426
          0.0252868419736624           0.0047267177153483           0.0633846083037591
          0.0077942739993127           0.0029156323476167           0.0312954926482656
         -0.0063849924699296           0.0007124969854751           0.0030264037426668
          0.0006740653270782           0.0007215880348026           0.0072194501332671
          0.0188646379972508           0.0031862501323622           0.0425311585191853
          0.0093420992029838           0.0017554787091208           0.0229185045116431
          0.0002512809909351           0.0001476999550857           0.0041178804550536
         -0.0002196657418844           0.0001632072272686           0.0020293170617349
          0.0066681841841238           0.0018868506680692           0.0166711538538509
          0.0041829557982001           0.0011709110764800           0.0100946886886014
          0.0014226654411991           0.0003471630788687           0.0031008884602355
         -0.0001470681808017          -0.0000210758943255          -0.0000020423704280
   1
          0.0000000000000000           0.0000000000000000           0.0000000000000000
          0.0000000000000000           0.0000000000000000           0.0000000000000000
          0.0000000000000000           0.0000000000000000           0.0000000000000000
          0.0000000000000000           0.0000000000000000           0.0000000000000000
          0.0000000000000000           0.0000000000000000           0.0000000000000000
          0.0000000000000000           0.0000000000000000           0.0000000000000000
          0.0000000000000000           0.0000000000000000           0.0000000000000000
          0.0000000000000000           0.0000000000000000           0.0000000000000000
          0.0000000000000000           0.0000000000000000           0.0000000000000000
          0.0000000000000000           0.0000000000000000           0.0000000000000000
          0.0000000000000000           0.0000000000000000           0.0000000000000000
          0.0000000000000000           0.0000000000000000           0.0000000000000000
          0.0000000000000000           0.0000000000000000           0.0000000000000000
          0.0000000000000000           0.0000000000000000           0.0000000000000000
          0.0000000000000000           0.0000000000000000           0.0000000000000000
          0.0000000000000000           0.0000000000000000           0.0000000000000000
          0.0000000000000000           0.0000000000000000           0.0000000000000000
          0.0000000000000000           0.0000000000000000           0.0000000000000000
          0.0000000000000000           0.0000000000000000           0.0000000000000000
          0.0000000000000000           0.0000000000000000           0.0000000000000000
          0.0000000000000000           0.0000000000000000           0.0000000000000000
          0.0000000000000000           0.0000000000000000           0.0000000000000000
          0.0000000000000000           0.0000000000000000           0.0000000000000000
          0.0000000000000000           0.0000000000000000           0.0000000000000000
          0.0000000000000000           0.0000000000000000           0.0000000000000000
          0.0000000000000000           0.0000000000000000           0.0000000000000000
          0.0000000000000000           0.0000000000000000           0.0000000000000000
          0.0000000000000000           0.0000000000000000           0.0000000000000000
          0.0000000000000000           0.0000000000000000           0.0000000000000000
          0.0000000000000000           0.0000000000000000           0.0000000000000000
         -0.0295080242403754          -0.0059020794155278           0.0188540191851828
         -0.0018271864318314           0.0001248049926565           0.0256088865076360
          0.0123072126350385           0.0018632826141212           0.0358118592614729
          0.0194276113979802           0.0036654965226394           0.0498741795551378
          0.0177082635054234           0.0067347723775082           0.0609167598118105
          0.0098913660493308           0.0077913856906562           0.0507487237049108
          0.0022877979243626           0.0028143594586660           0.0115785238974492
          0.0000658451993579           0.0000835705009499           0.0001943037965145
         -0.0322746370446859           0.0142545112594324           0.0927126085733407
          0.1023700776516194           0.0103771484692123           0.3232663374483334
         -0.0207182070630717           0.0126311776293062           0.0886931833536040
          0.1139265076332353           0.0087538148390867           0.3192469122285964
         -0.0117235097076796           0.0129838592853144           0.0798576392330371
          0.1201267270954277           0.0107502694188961           0.2966780804273799
         -0.0127949140742069           0.0119916857750788           0.0694274392980232
          0.1190553227289008           0.0097580959086610           0.2862478804923663
          0.1184976729294566           0.0091898253033097           0.2502089238319384
          0.1076432294898908           0.0089915231967348           0.2330987295410849
          0.0933739108832560           0.0078874824033860           0.1894332929240298
          0.0801568770918776           0.0077550216239048           0.1696719990963612
          0.0514024149508400           0.0099607351646261           0.1424985328534491
         -0.0001681701847306           0.0092417926483221           0.0528207078493282
          0.0564847958886605           0.0073088655833252           0.1202749390257604
          0.0464885492435684           0.0066187711102553           0.1033499222112991
          0.0286651108993189           0.0063236299356213           0.0787300991528860
          0.0006782015301867           0.0037118272618357           0.0200022876978234
          0.0165530805068897           0.0044987383202053           0.0428788361382034
          0.0130802506006631           0.0036823033934802           0.0350193266771420
          0.0078478200234426           0.0026199254090015           0.0235549670971565
          0.0003995998471995           0.0006512116636966           0.0030219356714951
          0.0561479199009999           0.0006477816843617           0.1081453265393126
         -0.0211001995975338           0.0116680481799602           0.0998441464715243
          0.0215689888460035          -0.0028893048547593           0.0487139000745759
         -0.0556791306525288           0.0081309616408381           0.0404127200067881
          0.0505689708481928           0.0008561391225785           0.0955191435958638
          0.0036326378456805           0.0110109252295256           0.0927487162343446
          0.0189477944748139          -0.0020946050384007           0.0420131937925403
         -0.0279885385276984           0.0080601810685443           0.0392427664310211
          0.0217163402705214           0.0078387725962266           0.0803957415948602
         -0.0037320766281372           0.0055621835118928           0.0365757692130425
          0.0252868419736624           0.0047267177153484           0.0633846083037594
          0.0077942739993127           0.0029156323476173           0.0312954926482658
         -0.0063849924699296           0.0007124969854755           0.0030264037426668
          0.0006740653270782           0.0007215880348026           0.0072194501332671
          0.0188646379972507           0.0031862501323619           0.0425311585191853
          0.0093420992029837           0.0017554787091208           0.0229185045116430
          0.0002512809909351           0.0001476999550857           0.0041178804550537
         -0.0002196657418844           0.0001632072272686           0.0020293170617349
          0.0066681841841238           0.0018868506680692           0.0166711538538509
          0.0041829557982001           0.0011709110764801           0.0100946886886014
          0.0014226654411991           0.0003471630788687           0.0031008884602355
         -0.0001470681808017          -0.0000210758943255          -0.0000020423704280
   0
          0.0000000000000000           0.0000000000000001          -0.0000000000000000
         -0.0000000000000000           0.0000000000000000           0.0000000000000000
         -0.0000000000000000          -0.0000000000000000           0.0000000000000000
          0.0000000000000000           0.0000000000000000           0.0000000000000000
          0.0000000000000000          -0.0000000000000000           0.0000000000000000
          0.0000000000000000           0.0000000000000000           0.0000000000000000
          0.0000000000000000           0.0000000000000000          -0.0000000000000000
          0.0000000000000000          -0.0000000000000000          -0.0000000000000000
         -0.0000000000000001          -0.0000000000000002          -0.0000000000000001
         -0.0000000000000001          -0.0000000000000001          -0.0000000000000001
          0.0000000000000000           0.0000000000000001           0.0000000000000000
         -0.0000000000000001          -0.0000000000000003           0.0000000000000000
         -0.0000000000000001           0.0000000000000001           0.0000000000000001
         -0.0000000000000002          -0.0000000000000001          -0.0000000000000002
          0.0000000000000000           0.0000000000000000           0.0000000000000000
          0.0000000000000001           0.0000000000000000          -0.0000000000000001
          0.0000000000000001           0.0000000000000002           0.0000000000000000
         -0.0000000000000000           0.0000000000000002          -0.0000000000000000
         -0.0000000000000000           0.0000000000000001          -0.0000000000000000
          0.0000000000000000           0.0000000000000001           0.0000000000000000
          0.0000000000000000          -0.0000000000000001           0.0000000000000000
         -0.0000000000000000          -0.0000000000000000           0.0000000000000000
         -0.0000000000000000          -0.0000000000000001           0.0000000000000000
          0.0000000000000000           0.0000000000000000          -0.0000000000000000
         -0.0000000000000000          -0.0000000000000000           0.0000000000000000
          0.0000000000000000          -0.0000000000000000           0.0000000000000000
         -0.0000000000000000           0.0000000000000000           0.0000000000000000
         -0.0000000000000000          -0.0000000000000000          -0.0000000000000000
         -0.0000000000000000           0.0000000000000000          -0.0000000000000000
         -0.0000000000000000           0.0000000000000000           0.0000000000000000
          0.0000000000000000           0.0000000000000000           0.0000000000000000
          0.0000000000000000           0.0000000000000000           0.0000000000000000
          0.0000000000000000           0.0000000000000000           0.0000000000000000
          0.0000000000000000           0.0000000000000000           0.0000000000000000
          0.0000000000000000           0.0000000000000000           0.0000000000000000
          0.0000000000000000           0.0000000000000000           0.0000000000000000
          0.0000000000000000           0.0000000000000000           0.0000000000000000
          0.0000000000000000           0.0000000000000000           0.0000000000000000
         -0.0601716502964357           0.0012532373646301          -0.0273210208653037
          0.0952193705999035           0.0110625924996933           0.2353104938761409
         -0.0495745109710420           0.0068974571185858          -0.0041620233879152
          0.1058165099252966           0.0167068122536464           0.2584694913535290
         -0.0340960994626681           0.0009927118049853          -0.0206654031669735
          0.0882977081565410           0.0108743525471201           0.2089332629971822
         -0.0325286714243970           0.0065903453913583          -0.0034406835192739
          0.0898651361948121           0.0164719861334931           0.2261579826448816
          0.0715024874712462           0.0101818853930782           0.1685436372592449
          0.0656966960298820           0.0154674855241256           0.1778954355763643
          0.0492818009230125           0.0091915501679202           0.1221514754168218
          0.0412374536332642           0.0133134579468389           0.1247387376724523
          0.0268898783914308           0.0176444558737117           0.1215124908698310
          0.0098837311271273           0.0062891169290084           0.0557251368653807
          0.0272535832424464           0.0074704318941444           0.0743668597768713
          0.0210270277108761           0.0097148335530813           0.0728488690635321
          0.0119295506515569           0.0111903617064077           0.0650557323279912
          0.0030280146616004           0.0027099650344061           0.0200385320707910
          0.0076514972166509           0.0036182808757159           0.0250896774394752
          0.0055907441958702           0.0040095499679193           0.0230100652180166
          0.0029464439172544           0.0038811251368540           0.0181798030373843
          0.0003547563814987           0.0006085552694267           0.0029379463110598
          0.0000000000000000           0.0000000000000000           0.0000000000000000
          0.0000000000000000           0.0000000000000000           0.0000000000000000
          0.0000000000000000           0.0000000000000000           0.0000000000000000
          0.0000000000000000           0.0000000000000000           0.0000000000000000
          0.0000000000000000           0.0000000000000000           0.0000000000000000
          0.0000000000000000           0.0000000000000000           0.0000000000000000
          0.0000000000000000           0.0000000000000000           0.0000000000000000
          0.0000000000000000           0.0000000000000000           0.0000000000000000
          0.0000000000000000           0.0000000000000000           0.0000000000000000
          0.0000000000000000           0.0000000000000000           0.0000000000000000
          0.0000000000000000           0.0000000000000000           0.0000000000000000
          0.0000000000000000           0.0000000000000000           0.0000000000000000
          0.0000000000000000           0.0000000000000000           0.0000000000000000
          0.0000000000000000           0.0000000000000000           0.0000000000000000
          0.0000000000000000           0.0000000000000000           0.0000000000000000
          0.0000000000000000           0.0000000000000000           0.0000000000000000
          0.0000000000000000           0.0000000000000000           0.0000000000000000
          0.0000000000000000           0.0000000000000000           0.0000000000000000
          0.0000000000000000           0.0000000000000000           0.0000000000000000
          0.0000000000000000           0.0000000000000000           0.0000000000000000
          0.0000000000000000           0.0000000000000000           0.0000000000000000
          0.0000000000000000           0.0000000000000000           0.0000000000000000
