1  82   2   1   2   -5.973003   0.000000
  0 
./DATA/100/00/GA/G011/M025/
0
          4.9854831998585647
          6.3607839374722905
          3.4288783878535041
          4.4110726440617043
          2.3773176571055572
          3.0420654501640456
          1.4673283963750283
          1.8355538495734887
          0.7247338896724665
          0.8661262475048643
          0.2610706305222175
          0.2959174764776129
          0.0239552035582225
          0.0268122237983619
          0.0002343063233742
          0.0003278236244164
          2.3282765986024456
          8.4450427125763099
          3.9981950381150115
          6.2972521954032397
         22.6784369058608739
         11.5635447711035990
          1.9935168819552171
          6.6635618488156112
          3.1817702716887455
          9.9314680755568041
         35.1303502353848103
         18.3124697376659284
          1.6772112893952598
          6.1242577364222370
          2.8426101318804915
          4.5560861973383071
         16.3613822325648677
          8.4002098526130631
          1.4122951374892347
          4.7887266198321354
          2.2053088277971997
          7.1700449533753243
         25.2629756121174083
         13.3205082692623460
          2.6765098085234240
          9.5305422649556704
          4.9438474316442802
          4.1958321629485829
         14.6365303549843411
          7.8504381462714754
          1.3241018422630060
          4.6549032365351897
          2.4421678365866248
          2.0650161582086368
          7.0996576317752176
          3.8799781184819206
          5.4845700984859809
         18.0401374508358430
         10.3174239247075317
       4614.8760410820195830
      13365.8870774408733269
       6803.2126083769308025
          0.5102470388046189
          1.7793856435300350
          0.9437104832132075
          0.7909036830820136
          2.6920245569861718
          1.4978037628768313
          2.0623940519160135
          6.6726324282624754
          3.9314813329286058
       1467.8569270128302833
       4215.1724888055323390
       2266.6775607924810174
          0.0826731927237020
          0.3000736437549124
          0.1604823400622916
          0.1271409159669738
          0.4493962847589749
          0.2534943648288982
          0.3233617177596732
          1.0742077070125025
          0.6496966289319392
        179.3292699679656437
        499.8398714493860666
        295.9016871716874562
1
          6.3607839374722914
          4.9854831998585656
          4.4110726440617043
          3.4288783878535041
          3.0420654501640465
          2.3773176571055576
          1.8355538495734876
          1.4673283963750281
          0.8661262475048644
          0.7247338896724663
          0.2959174764776129
          0.2610706305222174
          0.0268122237983619
          0.0239552035582225
          0.0003278236244164
          0.0002343063233742
          3.9981950381150098
          8.4450427125763063
          2.3282765986024470
         11.5635447711035901
         22.6784369058609272
          6.2972521954032414
          3.1817702716887473
          6.6635618488156156
          1.9935168819552178
         18.3124697376659142
         35.1303502353848387
          9.9314680755568041
          2.8426101318804924
          6.1242577364222424
          1.6772112893952598
          8.4002098526130613
         16.3613822325648641
          4.5560861973383080
          2.2053088277971984
          4.7887266198321319
          1.4122951374892350
         13.3205082692623407
         25.2629756121173870
          7.1700449533753234
          4.9438474316442784
          9.5305422649556721
          2.6765098085234240
          7.8504381462714763
         14.6365303549843482
          4.1958321629485829
          2.4421678365866257
          4.6549032365351914
          1.3241018422630060
          3.8799781184819184
          7.0996576317752140
          2.0650161582086373
         10.3174239247075352
         18.0401374508358394
          5.4845700984859809
       6803.2126083769326215
      13365.8870774408933357
       4614.8760410820204925
          0.9437104832132069
          1.7793856435300355
          0.5102470388046190
          1.4978037628768321
          2.6920245569861727
          0.7909036830820136
          3.9314813329286045
          6.6726324282624701
          2.0623940519160140
       2266.6775607924828364
       4215.1724888055250631
       1467.8569270128300559
          0.1604823400622917
          0.3000736437549127
          0.0826731927237020
          0.2534943648288984
          0.4493962847589750
          0.1271409159669738
          0.6496966289319391
          1.0742077070125025
          0.3233617177596732
        295.9016871716872288
        499.8398714493858961
        179.3292699679657289
   0    2 -0.700320 -0.238927 -0.106021 
          0.0000000000000000           0.0000000000000001           0.0000000000000000
         -0.0179703149946052           0.0003306085462483          -0.0007878864951987
         -0.0000000000000000           0.0000000000000001           0.0000000000000000
          0.0008350084464142           0.0045313402889392           0.0008563036534478
         -0.0000000000000001          -0.0000000000000000           0.0000000000000000
          0.0033499019788250           0.0062309784365195          -0.0011597608764660
         -0.0000000000000000           0.0000000000000000           0.0000000000000000
          0.0038846433496496           0.0088686570802286          -0.0030449967510277
         -0.0000000000000000           0.0000000000000000          -0.0000000000000000
          0.0129879154417103           0.0101579366499195           0.0006709471299579
          0.0000000000000000           0.0000000000000000           0.0000000000000000
          0.0243570214172819           0.0063519673612100           0.0070811532509433
          0.0000000000000000           0.0000000000000000           0.0000000000000000
          0.0130561260937657           0.0030724322090931           0.0029231234391969
          0.0000000000000000           0.0000000000000000           0.0000000000000000
          0.0006805302289397           0.0004234433615207          -0.0000383147728298
         -0.0000000000000000          -0.0000000000000001           0.0000000000000001
          0.0490030332696924           0.0380567144538421           0.0010701050135892
         -0.0124478453150378           0.0293207803072962          -0.0197527340002999
          0.0000000000000002          -0.0000000000000006           0.0000000000000001
         -0.0117493520663338           0.0209424796275398           0.0019711430135293
          0.0497015265183922           0.0296784137740865           0.0227939820274186
         -0.0000000000000000          -0.0000000000000000          -0.0000000000000000
          0.0222808597378164           0.0663926646721695          -0.0277185759077697
          0.0296788346703171           0.0271787837772808          -0.0018377763173188
          0.0000000000000012           0.0000000000000001          -0.0000000000000005
         -0.0992239109342416           0.0321641950195630          -0.0259164999078884
          0.1539775783371775           0.0278940507108608           0.0832556557381185
          0.0000000000000002          -0.0000000000000000           0.0000000000000001
          0.0466517771886010           0.0276320700559856           0.0053127477605660
         -0.0145410957122832           0.0268848735712233          -0.0198151712417812
         -0.0000000000000002           0.0000000000000003          -0.0000000000000004
         -0.0121577246334636           0.0223579059838365          -0.0080101880702848
          0.0490351482674218           0.0231051024685981           0.0171177309320644
         -0.0000000000000001           0.0000000000000001          -0.0000000000000000
          0.0316475860042953           0.0434062292915737          -0.0107354894648213
          0.0194676626383673           0.0244973913335222          -0.0038732745222134
          0.0000000000000007          -0.0000000000000009          -0.0000000000000003
         -0.0859714176398323           0.0328579011472721          -0.0373813611265208
          0.1466201505977761           0.0169378491282766           0.0699925298254771
         -0.0000000000000001          -0.0000000000000001          -0.0000000000000000
         -0.0217301764046170           0.0223348333884800          -0.0195346775923547
          0.0356355520600415           0.0172432105720514           0.0069453173672354
          0.0000000000000009           0.0000000000000001           0.0000000000000002
         -0.0877819261816839           0.0309077720610509          -0.0512457048507813
          0.1096975538741159           0.0087513114595163           0.0443350183886668
         -0.0000000000000001          -0.0000000000000000          -0.0000000000000001
         -0.0294555981857989           0.0207117525306371          -0.0245038876039801
          0.0186055212794047           0.0155726437124413          -0.0022911228203842
         -0.0000000000000002           0.0000000000000001          -0.0000000000000002
         -0.0891630846888554           0.0276132291602663          -0.0551028713731499
          0.0626481331303288           0.0106552847946251           0.0171429521259477
          0.0000000000000003           0.0000000000000002           0.0000000000000001
         -0.2129739124813096           0.0316938997165392          -0.1175861893505623
          0.2378666733230033          -0.0415736371347194           0.1147210957677323
          0.0000000000005986           0.0000000000000977           0.0000000000002505
       1238.5223807479314928         -49.5071655915800761         586.7994367905191666
       -296.3549006214309429          61.0098938640320867         -54.9642998054483201
         -0.0000000000000000           0.0000000000000000          -0.0000000000000001
         -0.0257602802561374           0.0162723523540015          -0.0198501930776537
          0.0074085751398697           0.0145696087488189          -0.0059171017165405
          0.0000000000000000           0.0000000000000000          -0.0000000000000000
         -0.0708954856679478           0.0216829997585477          -0.0428603388712877
          0.0272089696940142           0.0160694884669327          -0.0003374522852996
          0.0000000000000001           0.0000000000000000          -0.0000000000000004
         -0.2085009616102108           0.0331280582974890          -0.1142829179620857
          0.1151660457899764          -0.0001761625577804           0.0354939870683351
         -0.0000000000003078          -0.0000000000003136           0.0000000000002058
        514.5089290794358021          -0.8184218963921411         244.0509832160152257
        -47.5029733124596021         -52.1508530817839784          34.2955115707822316
         -0.0000000000000000           0.0000000000000000           0.0000000000000000
         -0.0100668809879304           0.0064041807242360          -0.0066817348441852
          0.0022588768234200           0.0074239128498811          -0.0025886420570360
          0.0000000000000000           0.0000000000000000          -0.0000000000000000
         -0.0278608483222348           0.0087722781397075          -0.0150562404680509
          0.0068622064038853           0.0112210785889049          -0.0030524837408268
         -0.0000000000000001           0.0000000000000000           0.0000000000000000
         -0.0963973212561445           0.0177331217893173          -0.0489295183384861
          0.0288593741964832           0.0217368990221380          -0.0024702284951526
         -0.0000000000000292           0.0000000000000148          -0.0000000000000035
         69.3189776029252300           7.8470389505183240          29.6235050561567022
          7.7750217834242115         -23.4331200760960137          13.8491948677235897
   1
         -0.0179703149946054           0.0003306085462482          -0.0007878864951987
          0.0000000000000000           0.0000000000000000           0.0000000000000000
          0.0008350084464140           0.0045313402889393           0.0008563036534478
          0.0000000000000000           0.0000000000000000           0.0000000000000000
          0.0033499019788251           0.0062309784365197          -0.0011597608764659
          0.0000000000000000           0.0000000000000000           0.0000000000000000
          0.0038846433496495           0.0088686570802287          -0.0030449967510278
          0.0000000000000000           0.0000000000000000           0.0000000000000000
          0.0129879154417102           0.0101579366499195           0.0006709471299579
          0.0000000000000000           0.0000000000000000           0.0000000000000000
          0.0243570214172820           0.0063519673612100           0.0070811532509433
          0.0000000000000000           0.0000000000000000           0.0000000000000000
          0.0130561260937657           0.0030724322090931           0.0029231234391969
          0.0000000000000000           0.0000000000000000           0.0000000000000000
          0.0006805302289397           0.0004234433615207          -0.0000383147728298
          0.0000000000000000           0.0000000000000000           0.0000000000000000
         -0.0124478453150386           0.0293207803072960          -0.0197527340002990
          0.0713185543578481           0.0260624412506036           0.0328436412526332
          0.0000000000000000           0.0000000000000000           0.0000000000000000
          0.0497015265183867           0.0296784137740888           0.0227939820274205
          0.0031888080488585           0.0919359469121571          -0.0267611451983959
          0.0000000000000000           0.0000000000000000           0.0000000000000000
          0.0296788346703160           0.0271787837772811          -0.0018377763173179
          0.0731645368517916           0.0606331948859658           0.0264105932891892
          0.0000000000000000           0.0000000000000000           0.0000000000000000
          0.1539775783371792           0.0278940507108571           0.0832556557381192
         -0.0630949557661743           0.1923802062090738          -0.0927989796128628
          0.0000000000000000           0.0000000000000000           0.0000000000000000
         -0.0145410957122839           0.0268848735712231          -0.0198151712417811
          0.0710540505921884           0.0176019402369524           0.0295274169918572
          0.0000000000000000           0.0000000000000000           0.0000000000000000
          0.0490351482674204           0.0231051024685978           0.0171177309320656
         -0.0020659454819108           0.0823780118426891          -0.0349222976112896
          0.0000000000000000           0.0000000000000000           0.0000000000000000
          0.0194676626383691           0.0244973913335234          -0.0038732745222129
          0.0990277589573331           0.0381119928788104           0.0400283109719581
          0.0000000000000000           0.0000000000000000           0.0000000000000000
          0.1466201505977778           0.0169378491282736           0.0699925298254769
         -0.0472122331908643           0.1676641360902856          -0.0888711182343407
          0.0000000000000000           0.0000000000000000           0.0000000000000000
          0.0356355520600418           0.0172432105720508           0.0069453173672350
         -0.0145531744449353           0.0698848818585505          -0.0416050989346598
          0.0000000000000000           0.0000000000000000           0.0000000000000000
          0.1096975538741163           0.0087513114595185           0.0443350183886682
         -0.0402671444788095           0.1337337852246011          -0.0803623634784346
          0.0000000000000000           0.0000000000000000           0.0000000000000000
          0.0186055212794035           0.0155726437124419          -0.0022911228203852
         -0.0205041806784267           0.0569938081490081          -0.0390262072565528
          0.0000000000000000           0.0000000000000000           0.0000000000000000
          0.0626481331303305           0.0106552847946252           0.0171429521259475
         -0.0334552139178465           0.0998126475606613          -0.0636135567762417
          0.0000000000000000           0.0000000000000000           0.0000000000000000
          0.2378666733230044          -0.0415736371347194           0.1147210957677301
          0.2665890947683863           0.2561538001149432          -0.0100175154458191
          0.0000000000000000           0.0000000000000000           0.0000000000000000
       -296.3549006214273618          61.0098938640352628         -54.9642998054477232
       3022.1940703447339729         409.2375560429582606        1024.5245781223136419
          0.0000000000000000           0.0000000000000000           0.0000000000000000
          0.0074085751398701           0.0145696087488190          -0.0059171017165408
         -0.0145003318934268           0.0402604194170628          -0.0260612725426711
          0.0000000000000000           0.0000000000000000           0.0000000000000000
          0.0272089696940141           0.0160694884669329          -0.0003374522852992
         -0.0194271382142954           0.0642565272426400          -0.0383451603413736
          0.0000000000000000           0.0000000000000000           0.0000000000000000
          0.1151660457899768          -0.0001761625577797           0.0354939870683354
          0.1389805624761070           0.1422433915211113          -0.0106693224862703
          0.0000000000000000           0.0000000000000000           0.0000000000000000
        -47.5029733124599716         -52.1508530817837581          34.2955115707802278
       1385.9001398925699959         200.0787677270377003         446.6922543245955808
          0.0000000000000000           0.0000000000000000           0.0000000000000000
          0.0022588768234199           0.0074239128498810          -0.0025886420570360
         -0.0028779026451981           0.0141290452154651          -0.0063394424000129
          0.0000000000000000           0.0000000000000000           0.0000000000000000
          0.0068622064038856           0.0112210785889048          -0.0030524837408270
         -0.0034486414169127           0.0203011403725011          -0.0083444707965903
          0.0000000000000000           0.0000000000000000           0.0000000000000000
          0.0288593741964830           0.0217368990221378          -0.0024702284951523
          0.0341702225525672           0.0399619943683824          -0.0010309193863943
          0.0000000000000000           0.0000000000000000           0.0000000000000000
          7.7750217834239148         -23.4331200760960456          13.8491948677234582
        275.4520632609170434          62.2145260551634323          68.3850370772210709
          0.0000000000000000           0.0000000000000000           0.0000000000000000
   0
          0.0000000000000000          -0.0000000000000001           0.0000000000000000
          0.0000000000000000           0.0000000000000000           0.0000000000000000
          0.0000000000000000          -0.0000000000000001           0.0000000000000000
          0.0000000000000000           0.0000000000000000           0.0000000000000000
          0.0000000000000001           0.0000000000000000           0.0000000000000000
          0.0000000000000000           0.0000000000000000           0.0000000000000000
          0.0000000000000000           0.0000000000000000           0.0000000000000000
          0.0000000000000000           0.0000000000000000           0.0000000000000000
          0.0000000000000000           0.0000000000000000           0.0000000000000000
          0.0000000000000000           0.0000000000000000           0.0000000000000000
          0.0000000000000000           0.0000000000000000          -0.0000000000000000
          0.0000000000000000           0.0000000000000000           0.0000000000000000
         -0.0000000000000000           0.0000000000000000           0.0000000000000000
          0.0000000000000000           0.0000000000000000           0.0000000000000000
          0.0000000000000000           0.0000000000000000          -0.0000000000000000
          0.0000000000000000           0.0000000000000000           0.0000000000000000
          0.0000000000000007          -0.0000000000000001           0.0000000000000000
          0.0223155210881544          -0.0119942732032379           0.0317735362390446
          0.0000000000000000           0.0000000000000000           0.0000000000000000
         -0.0000000000000005           0.0000000000000003           0.0000000000000003
          0.0149381601152028           0.0709934672846173          -0.0287322882119243
          0.0000000000000000           0.0000000000000000           0.0000000000000000
         -0.0000000000000004          -0.0000000000000002           0.0000000000000008
          0.0508836771139721          -0.0057594697862043           0.0541291691969581
          0.0000000000000000           0.0000000000000000           0.0000000000000000
          0.0000000000000015          -0.0000000000000002           0.0000000000000007
          0.0361289551680698           0.1602160111895050          -0.0668824797049814
          0.0000000000000000           0.0000000000000000           0.0000000000000000
          0.0000000000000002          -0.0000000000000003           0.0000000000000001
          0.0244022734035863          -0.0100301298190332           0.0242146692312905
          0.0000000000000000           0.0000000000000000           0.0000000000000000
          0.0000000000000004          -0.0000000000000002           0.0000000000000002
          0.0100917791515542           0.0600201058588532          -0.0269121095410091
          0.0000000000000000           0.0000000000000000           0.0000000000000000
         -0.0000000000000000           0.0000000000000001          -0.0000000000000001
          0.0673801729530380          -0.0052942364127633           0.0507638004367786
          0.0000000000000000           0.0000000000000000           0.0000000000000000
         -0.0000000000000011          -0.0000000000000000          -0.0000000000000002
          0.0387591844489641           0.1348062349430084          -0.0514897571078190
          0.0000000000000000           0.0000000000000000           0.0000000000000000
         -0.0000000000000001          -0.0000000000000001          -0.0000000000000002
          0.0071770019596837           0.0475500484700718          -0.0220704213423036
          0.0000000000000000           0.0000000000000000           0.0000000000000000
         -0.0000000000000005          -0.0000000000000002           0.0000000000000005
          0.0475147817028774           0.1028260131635500          -0.0291166586276535
          0.0000000000000000           0.0000000000000000           0.0000000000000000
          0.0000000000000002           0.0000000000000000          -0.0000000000000001
          0.0089514175073712           0.0362820556183703          -0.0145223196525741
          0.0000000000000000           0.0000000000000000           0.0000000000000000
         -0.0000000000000005          -0.0000000000000000          -0.0000000000000000
          0.0557078707710101           0.0721994184003948          -0.0085106854030928
          0.0000000000000000           0.0000000000000000           0.0000000000000000
         -0.0000000000000000          -0.0000000000000001           0.0000000000000002
          0.4795630072496931           0.2244599003984017           0.1075686739047449
          0.0000000000000000           0.0000000000000000           0.0000000000000000
         -0.0000000000008584          -0.0000000000006129          -0.0000000000012893
       1783.6716895968052086         458.7447216345345282         437.7251413317960100
          0.0000000000000000           0.0000000000000000           0.0000000000000000
          0.0000000000000001          -0.0000000000000000           0.0000000000000000
          0.0112599483627101           0.0239880670630610          -0.0062110794650173
          0.0000000000000000           0.0000000000000000           0.0000000000000000
          0.0000000000000001           0.0000000000000000          -0.0000000000000000
          0.0514683474536520           0.0425735274840928           0.0045151785299139
          0.0000000000000000           0.0000000000000000           0.0000000000000000
         -0.0000000000000008           0.0000000000000000           0.0000000000000002
          0.3474815240863185           0.1091153332236227           0.1036135954758144
          0.0000000000000000           0.0000000000000000           0.0000000000000000
         -0.0000000000002493          -0.0000000000001190          -0.0000000000000573
        871.3912108131344212         200.8971896234304779         202.6412711085805540
          0.0000000000000000           0.0000000000000000           0.0000000000000000
          0.0000000000000000          -0.0000000000000000           0.0000000000000000
          0.0071889783427323           0.0077248644912291           0.0003422924441723
          0.0000000000000000           0.0000000000000000           0.0000000000000000
         -0.0000000000000000          -0.0000000000000000          -0.0000000000000000
          0.0244122069053221           0.0115288622327937           0.0067117696714607
          0.0000000000000000           0.0000000000000000           0.0000000000000000
         -0.0000000000000002          -0.0000000000000001          -0.0000000000000000
          0.1305675438087115           0.0222288725790654           0.0478985989520922
          0.0000000000000000           0.0000000000000000           0.0000000000000000
          0.0000000000000079           0.0000000000000031           0.0000000000000121
        206.1330856579919555          54.3674871046448942          38.7615320210642977
          0.0000000000000000           0.0000000000000000           0.0000000000000000
