1  82   2   1   2   -6.488933   0.000000
  0 
./DATA/100/00/GA/G015/M028/
0
          3.9323954971389932
          2.6686733271294267
          1.8045210713467448
          1.0599273476628972
          0.4763890675755295
          0.1470207382835981
          0.0090678771079537
          0.0000384642441948
          1.2273616082728429
          3.3934859458707778
          0.4695048860515250
          2.6356292236494627
          0.8635887922983988
          2.3920314574297890
          0.3279138277300963
          1.8563564928614869
          1.3297790805248355
          1.0306032959842391
          0.5984349794303235
          0.4630059112172448
          0.3031267929312733
          0.0476965394142297
          0.1967564571255611
          0.1519237104721781
          0.0988146739543414
          0.0143969745558490
          0.0222797641997684
          0.0171548007141912
          0.0110506040593150
          0.0014599113729059
          5.2123950101669232
          3.6147003297898541
          2.4963745425743444
          1.5024487212678466
          0.6886787833701715
          0.2110435725980066
          0.0122331641385531
          0.0000516052182439
          4.9861454375215217
         14.4383716491458767
          1.8345398336824228
         11.2867660453067771
          3.5614167325691524
         10.3503096371934689
          1.2795929491130751
          8.0684858537373820
          5.9508073345612980
          4.6161693770860683
          2.8423696474289009
          2.1903083453451773
          1.3664371956451133
          0.1808830982865101
          1.0451721871257067
          0.7988120311791507
          0.4841200625732721
          0.0503572220874950
          0.1598759140894183
          0.1208488178969347
          0.0704602752437011
          0.0047722449864236
          2.6978766527294540
          7.0143818906042439
          1.0472100877103043
          5.3637153255850833
          1.9208216748822624
          5.0350415099990480
          0.7290623409649811
          3.8432821760817655
          2.9024010170585863
          2.2092318379947531
          1.3919988172767201
          1.0562530163606212
          0.6477443522562730
          0.0846651558274140
          0.5149799661061747
          0.3896668564485321
          0.2340539008742940
          0.0241332580827111
          0.0796053347111001
          0.0601264645420976
          0.0352354158485588
          0.0023930021806731
1
          3.9323954971389927
          2.6686733271294267
          1.8045210713467448
          1.0599273476628972
          0.4763890675755295
          0.1470207382835981
          0.0090678771079537
          0.0000384642441948
          1.2273616082728418
          3.3934859458707778
          0.4695048860515250
          2.6356292236494618
          0.8635887922983988
          2.3920314574297894
          0.3279138277300961
          1.8563564928614866
          1.3297790805248353
          1.0306032959842391
          0.5984349794303232
          0.4630059112172447
          0.3031267929312734
          0.0476965394142297
          0.1967564571255610
          0.1519237104721781
          0.0988146739543414
          0.0143969745558490
          0.0222797641997684
          0.0171548007141911
          0.0110506040593150
          0.0014599113729059
          5.2123950101669241
          3.6147003297898537
          2.4963745425743444
          1.5024487212678468
          0.6886787833701716
          0.2110435725980065
          0.0122331641385531
          0.0000516052182439
          4.9861454375215208
         14.4383716491458785
          1.8345398336824230
         11.2867660453067842
          3.5614167325691555
         10.3503096371934671
          1.2795929491130738
          8.0684858537373838
          5.9508073345612953
          4.6161693770860701
          2.8423696474288995
          2.1903083453451790
          1.3664371956451133
          0.1808830982865103
          1.0451721871257063
          0.7988120311791506
          0.4841200625732717
          0.0503572220874950
          0.1598759140894183
          0.1208488178969346
          0.0704602752437011
          0.0047722449864236
          2.6978766527294575
          7.0143818906042457
          1.0472100877103043
          5.3637153255850905
          1.9208216748822642
          5.0350415099990480
          0.7290623409649799
          3.8432821760817659
          2.9024010170585868
          2.2092318379947522
          1.3919988172767197
          1.0562530163606227
          0.6477443522562726
          0.0846651558274140
          0.5149799661061746
          0.3896668564485323
          0.2340539008742941
          0.0241332580827111
          0.0796053347111001
          0.0601264645420976
          0.0352354158485588
          0.0023930021806731
   0    2  0.106173 -0.475837 -0.076614 
         -0.0000000000000000          -0.0000000000000001           0.0000000000000000
          0.0000000000000000          -0.0000000000000000           0.0000000000000000
         -0.0000000000000000           0.0000000000000000           0.0000000000000001
         -0.0000000000000000           0.0000000000000000          -0.0000000000000001
         -0.0000000000000000          -0.0000000000000000           0.0000000000000000
          0.0000000000000000           0.0000000000000000           0.0000000000000000
         -0.0000000000000000           0.0000000000000000           0.0000000000000000
          0.0000000000000000          -0.0000000000000000          -0.0000000000000000
          0.0000000000000000          -0.0000000000000000           0.0000000000000001
          0.0000000000000000           0.0000000000000001           0.0000000000000003
          0.0000000000000000          -0.0000000000000000           0.0000000000000001
          0.0000000000000000          -0.0000000000000002           0.0000000000000000
          0.0000000000000000           0.0000000000000000          -0.0000000000000000
         -0.0000000000000001          -0.0000000000000001          -0.0000000000000000
         -0.0000000000000000          -0.0000000000000000           0.0000000000000000
         -0.0000000000000000          -0.0000000000000000          -0.0000000000000002
          0.0000000000000000           0.0000000000000000          -0.0000000000000002
          0.0000000000000000          -0.0000000000000000          -0.0000000000000001
         -0.0000000000000000           0.0000000000000000           0.0000000000000000
          0.0000000000000000           0.0000000000000000           0.0000000000000001
          0.0000000000000000           0.0000000000000000          -0.0000000000000001
          0.0000000000000000           0.0000000000000000          -0.0000000000000000
         -0.0000000000000000           0.0000000000000000           0.0000000000000000
         -0.0000000000000000          -0.0000000000000000          -0.0000000000000000
          0.0000000000000000           0.0000000000000000           0.0000000000000000
          0.0000000000000000          -0.0000000000000000          -0.0000000000000000
         -0.0000000000000000           0.0000000000000000           0.0000000000000000
         -0.0000000000000000           0.0000000000000000           0.0000000000000000
          0.0000000000000000           0.0000000000000000          -0.0000000000000000
          0.0000000000000000           0.0000000000000000           0.0000000000000000
         -0.0233635112214297          -0.0465606962287571           0.0106430268433865
         -0.0088014311592774           0.0131254763891146          -0.0023117431821806
          0.0005447373706652           0.0618248470455832          -0.0099145367356043
          0.0014062112083697           0.1079534142805587          -0.0156972262956334
         -0.0077488495254363           0.1308173719849777          -0.0149528557333134
         -0.0122654550295385           0.0988075746154643          -0.0056881078615982
         -0.0030261320934443           0.0187354965311109           0.0009366772109707
         -0.0000503937375130           0.0002398163982472           0.0000411245248100
         -0.0243614273977568           0.1860428703847141          -0.0190801444039203
         -0.0119622423433506           0.0665676291537704          -0.0250447377890533
         -0.0089894100721238           0.1382319085269940          -0.0186223425194591
          0.0034097749822817           0.0187566672960486          -0.0245869359045949
         -0.0232059080545859           0.1663719656651972          -0.0154436006733148
          0.0139456236350662           0.1348814717903471          -0.0341176672848610
         -0.0126424890597530           0.1085227690641338          -0.0127722012925968
          0.0245090426298991           0.0770322751892838          -0.0314462679041434
          0.0324982565677568           0.1828383688709228          -0.0398406734083359
          0.0388448848433710           0.1205214153653730          -0.0354200928534393
          0.0323054768516191           0.1773883493516124          -0.0376156855502567
          0.0363059196508291           0.1223104695325514          -0.0329792237946055
          0.0234564449827107           0.0510387395251077          -0.0187977704551530
         -0.0157592561605805          -0.0155617677612043           0.0088841641298126
          0.0196679874739519           0.1267823200580407          -0.0273425124746083
          0.0221652405167994           0.0890367660692513          -0.0239223610484658
          0.0165965245403824           0.0418928454917384          -0.0149265416323179
         -0.0046599519279412          -0.0033956204926552           0.0031665720492752
          0.0043945346601732           0.0448889232186867          -0.0096630777485919
          0.0052500712290525           0.0318714411892373          -0.0085108255557158
          0.0045004827588370           0.0158661487963924          -0.0057230854911227
         -0.0002619787542018          -0.0000052070062085           0.0002632571596487
          0.0226711603096729           0.2951083586326951          -0.0532445294223516
         -0.0589948300507802          -0.0424978590942108           0.0091196472293747
         -0.0045366261918334           0.1818876256619808          -0.0284936380216877
         -0.0862026165522868          -0.1557185920649245           0.0338705386300394
          0.0215362312566159           0.2721668074391073          -0.0488128593608709
         -0.0307965156761350           0.0290866300164367          -0.0007484085973049
         -0.0025968608332380           0.1582608204222063          -0.0250046459912504
         -0.0549296077659890          -0.0848193570004642           0.0230598047723161
         -0.0051197335643691           0.0934889016327033          -0.0104595158424478
         -0.0229506614984277          -0.0104786090394450           0.0103516200677657
          0.0058227047588421           0.1156572704160671          -0.0157423628371348
         -0.0045696433550086           0.0343422241923635          -0.0000462012001343
         -0.0119274790444581          -0.0211815136390559           0.0105676220158627
         -0.0024409771761492           0.0118697359878569          -0.0031658514378211
          0.0054165331373501           0.0950921094388176          -0.0148184127173876
          0.0011677201871192           0.0446082099477590          -0.0054987862797443
         -0.0025274260022766           0.0024145507651793           0.0025843289229456
         -0.0011957919210539           0.0030097237343403           0.0000152522844445
          0.0010011319624970           0.0382489050541533          -0.0064068006281689
          0.0004195842192895           0.0226044557636927          -0.0038066292114591
         -0.0001151603646160           0.0069859190679608          -0.0010209436596087
         -0.0001374549533272          -0.0000027474424598           0.0002287082734857
   1
          0.0000000000000000           0.0000000000000000           0.0000000000000000
          0.0000000000000000           0.0000000000000000           0.0000000000000000
          0.0000000000000000           0.0000000000000000           0.0000000000000000
          0.0000000000000000           0.0000000000000000           0.0000000000000000
          0.0000000000000000           0.0000000000000000           0.0000000000000000
          0.0000000000000000           0.0000000000000000           0.0000000000000000
          0.0000000000000000           0.0000000000000000           0.0000000000000000
          0.0000000000000000           0.0000000000000000           0.0000000000000000
          0.0000000000000000           0.0000000000000000           0.0000000000000000
          0.0000000000000000           0.0000000000000000           0.0000000000000000
          0.0000000000000000           0.0000000000000000           0.0000000000000000
          0.0000000000000000           0.0000000000000000           0.0000000000000000
          0.0000000000000000           0.0000000000000000           0.0000000000000000
          0.0000000000000000           0.0000000000000000           0.0000000000000000
          0.0000000000000000           0.0000000000000000           0.0000000000000000
          0.0000000000000000           0.0000000000000000           0.0000000000000000
          0.0000000000000000           0.0000000000000000           0.0000000000000000
          0.0000000000000000           0.0000000000000000           0.0000000000000000
          0.0000000000000000           0.0000000000000000           0.0000000000000000
          0.0000000000000000           0.0000000000000000           0.0000000000000000
          0.0000000000000000           0.0000000000000000           0.0000000000000000
          0.0000000000000000           0.0000000000000000           0.0000000000000000
          0.0000000000000000           0.0000000000000000           0.0000000000000000
          0.0000000000000000           0.0000000000000000           0.0000000000000000
          0.0000000000000000           0.0000000000000000           0.0000000000000000
          0.0000000000000000           0.0000000000000000           0.0000000000000000
          0.0000000000000000           0.0000000000000000           0.0000000000000000
          0.0000000000000000           0.0000000000000000           0.0000000000000000
          0.0000000000000000           0.0000000000000000           0.0000000000000000
          0.0000000000000000           0.0000000000000000           0.0000000000000000
         -0.0233635112214297          -0.0465606962287571           0.0106430268433864
         -0.0088014311592774           0.0131254763891146          -0.0023117431821806
          0.0005447373706652           0.0618248470455832          -0.0099145367356041
          0.0014062112083697           0.1079534142805586          -0.0156972262956334
         -0.0077488495254363           0.1308173719849778          -0.0149528557333134
         -0.0122654550295385           0.0988075746154643          -0.0056881078615982
         -0.0030261320934443           0.0187354965311109           0.0009366772109707
         -0.0000503937375130           0.0002398163982472           0.0000411245248100
         -0.0787176928240465          -0.0184455306741867           0.0157361594751393
          0.0060703533418304           0.5236665297511535          -0.1039859238610927
         -0.0656912002816180           0.0794993933080136          -0.0002597478944672
          0.0190968458842588           0.6216114537333564          -0.1199818312307006
         -0.0519948483558093           0.0207529978963729           0.0095882888036907
          0.0334742795167695           0.5817538770147143          -0.1087108247200410
         -0.0527331325584059           0.0643356557422901           0.0029668041508555
          0.0327359953141732           0.6253365348606329          -0.1153323093728771
          0.0473963055803485           0.5798872341759117          -0.1033154458443046
          0.0370875675750233           0.5684520997796114          -0.1001333070914633
          0.0388910538204219           0.4829168415057992          -0.0842938110875070
          0.0281921249354138           0.4421194549727573          -0.0756707088630920
         -0.0036993750067252           0.3634482047912811          -0.0496340933294763
         -0.0338429177358962           0.0946648110087966           0.0049157011076889
          0.0199433827873746           0.3154255450305372          -0.0545800747473958
          0.0140032999097894           0.2736572973750573          -0.0459876320599540
         -0.0000381259501833           0.2051049000769093          -0.0278411790855819
         -0.0119999281104798           0.0376595021044734           0.0027920142702942
          0.0032418268503901           0.1038673011780304          -0.0172029798188551
          0.0022829287306299           0.0853732269235541          -0.0136496055804237
          0.0002099091507476           0.0577794181949232          -0.0077518370875678
         -0.0014852651551382           0.0064013278529057           0.0005131137056669
          0.0226711603096728           0.2951083586326935          -0.0532445294223515
         -0.0589948300507802          -0.0424978590942105           0.0091196472293780
         -0.0045366261918335           0.1818876256619811          -0.0284936380216876
         -0.0862026165522870          -0.1557185920649252           0.0338705386300382
          0.0215362312566158           0.2721668074391080          -0.0488128593608703
         -0.0307965156761350           0.0290866300164374          -0.0007484085973052
         -0.0025968608332379           0.1582608204222064          -0.0250046459912505
         -0.0549296077659885          -0.0848193570004646           0.0230598047723175
         -0.0051197335643695           0.0934889016327039          -0.0104595158424473
         -0.0229506614984274          -0.0104786090394449           0.0103516200677670
          0.0058227047588419           0.1156572704160670          -0.0157423628371352
         -0.0045696433550087           0.0343422241923633          -0.0000462012001344
         -0.0119274790444582          -0.0211815136390560           0.0105676220158625
         -0.0024409771761493           0.0118697359878568          -0.0031658514378211
          0.0054165331373501           0.0950921094388176          -0.0148184127173875
          0.0011677201871193           0.0446082099477589          -0.0054987862797444
         -0.0025274260022766           0.0024145507651792           0.0025843289229456
         -0.0011957919210539           0.0030097237343403           0.0000152522844445
          0.0010011319624970           0.0382489050541534          -0.0064068006281689
          0.0004195842192895           0.0226044557636927          -0.0038066292114591
         -0.0001151603646161           0.0069859190679608          -0.0010209436596087
         -0.0001374549533272          -0.0000027474424598           0.0002287082734857
   0
          0.0000000000000000           0.0000000000000001           0.0000000000000000
          0.0000000000000000           0.0000000000000000           0.0000000000000000
          0.0000000000000000          -0.0000000000000000          -0.0000000000000001
          0.0000000000000000           0.0000000000000000           0.0000000000000001
          0.0000000000000000           0.0000000000000000           0.0000000000000000
         -0.0000000000000000           0.0000000000000000           0.0000000000000000
          0.0000000000000000          -0.0000000000000000           0.0000000000000000
         -0.0000000000000000           0.0000000000000000           0.0000000000000000
         -0.0000000000000001          -0.0000000000000001          -0.0000000000000003
          0.0000000000000002           0.0000000000000001           0.0000000000000002
         -0.0000000000000001           0.0000000000000001           0.0000000000000001
         -0.0000000000000000           0.0000000000000000           0.0000000000000001
         -0.0000000000000000          -0.0000000000000000           0.0000000000000002
          0.0000000000000001           0.0000000000000001          -0.0000000000000007
         -0.0000000000000001          -0.0000000000000000          -0.0000000000000001
         -0.0000000000000000          -0.0000000000000000           0.0000000000000001
          0.0000000000000000          -0.0000000000000000          -0.0000000000000001
          0.0000000000000000           0.0000000000000000           0.0000000000000000
         -0.0000000000000001           0.0000000000000000           0.0000000000000001
         -0.0000000000000000           0.0000000000000000          -0.0000000000000000
          0.0000000000000000           0.0000000000000000           0.0000000000000000
         -0.0000000000000000           0.0000000000000000           0.0000000000000000
         -0.0000000000000000           0.0000000000000000           0.0000000000000000
          0.0000000000000000          -0.0000000000000000          -0.0000000000000000
          0.0000000000000000          -0.0000000000000000           0.0000000000000000
          0.0000000000000000           0.0000000000000000           0.0000000000000000
         -0.0000000000000000          -0.0000000000000000           0.0000000000000000
          0.0000000000000000          -0.0000000000000000          -0.0000000000000000
          0.0000000000000000           0.0000000000000000           0.0000000000000000
          0.0000000000000000          -0.0000000000000000          -0.0000000000000000
          0.0000000000000000           0.0000000000000000           0.0000000000000000
          0.0000000000000000           0.0000000000000000           0.0000000000000000
          0.0000000000000000           0.0000000000000000           0.0000000000000000
          0.0000000000000000           0.0000000000000000           0.0000000000000000
          0.0000000000000000           0.0000000000000000           0.0000000000000000
          0.0000000000000000           0.0000000000000000           0.0000000000000000
          0.0000000000000000           0.0000000000000000           0.0000000000000000
          0.0000000000000000           0.0000000000000000           0.0000000000000000
         -0.0543562654262897          -0.2044884010589006           0.0348163038790604
          0.0180325956851810           0.4570989005973821          -0.0789411860720357
         -0.0567017902094943          -0.0587325152189808           0.0183625946249921
          0.0156870709019762           0.6028547864373045          -0.0953948953261050
         -0.0287889403012236          -0.1456189677688238           0.0250318894770043
          0.0195286558817034           0.4468724052243693          -0.0745931574351793
         -0.0400906434986526          -0.0441871133218436           0.0157390054434526
          0.0082269526842738           0.5483042596713490          -0.0838860414687334
          0.0148980490125919           0.3970488653049890          -0.0634747724359677
         -0.0017573172683471           0.4479306844142385          -0.0647132142380243
          0.0065855769688032           0.3055284921541870          -0.0466781255372511
         -0.0081137947154151           0.3198089854402062          -0.0426914850684869
         -0.0271558199894358           0.3124094652661729          -0.0308363228743230
         -0.0180836615753158           0.1102265787700009          -0.0039684630221236
          0.0002753953134227           0.1886432249724964          -0.0272375622727874
         -0.0081619406070101           0.1846205313058054          -0.0220652710114881
         -0.0166346504905657           0.1632120545851707          -0.0129146374532639
         -0.0073399761825386           0.0410551225971287          -0.0003745577789810
         -0.0011527078097831           0.0589783779593439          -0.0075399020702633
         -0.0029671424984226           0.0535017857343168          -0.0051387800247079
         -0.0042905736080894           0.0419132693985308          -0.0020287515964451
         -0.0012232864009363           0.0064065348591142           0.0002498565460183
          0.0000000000000000           0.0000000000000000           0.0000000000000000
          0.0000000000000000           0.0000000000000000           0.0000000000000000
          0.0000000000000000           0.0000000000000000           0.0000000000000000
          0.0000000000000000           0.0000000000000000           0.0000000000000000
          0.0000000000000000           0.0000000000000000           0.0000000000000000
          0.0000000000000000           0.0000000000000000           0.0000000000000000
          0.0000000000000000           0.0000000000000000           0.0000000000000000
          0.0000000000000000           0.0000000000000000           0.0000000000000000
          0.0000000000000000           0.0000000000000000           0.0000000000000000
          0.0000000000000000           0.0000000000000000           0.0000000000000000
          0.0000000000000000           0.0000000000000000           0.0000000000000000
          0.0000000000000000           0.0000000000000000           0.0000000000000000
          0.0000000000000000           0.0000000000000000           0.0000000000000000
          0.0000000000000000           0.0000000000000000           0.0000000000000000
          0.0000000000000000           0.0000000000000000           0.0000000000000000
          0.0000000000000000           0.0000000000000000           0.0000000000000000
          0.0000000000000000           0.0000000000000000           0.0000000000000000
          0.0000000000000000           0.0000000000000000           0.0000000000000000
          0.0000000000000000           0.0000000000000000           0.0000000000000000
          0.0000000000000000           0.0000000000000000           0.0000000000000000
          0.0000000000000000           0.0000000000000000           0.0000000000000000
          0.0000000000000000           0.0000000000000000           0.0000000000000000
