1  82   2   1   2   -5.375542   0.000000
  0 
./DATA/100/00/GA/G002/M024/
0
          5.6930051961195165
          3.7983762713762603
          2.5338034445154491
          1.4772455578212265
          0.6740203882126103
          0.2215840680232389
          0.0178926955846021
          0.0001693713484904
          2.7770706041733439
          7.6211572421515825
          1.1013310461785375
          5.9454176841567747
          1.9106243207252807
          5.2593115383005449
          0.7494406477183936
          4.0981278652936552
          2.8525267765559650
          2.2169592174008574
          1.2762545152979541
          0.9875078265477736
          0.6366270822493729
          0.1250764416942865
          0.4401960704481930
          0.3383442009481290
          0.2126500458195371
          0.0348732706189468
          0.0631985308839121
          0.0480756912312967
          0.0290371052010291
          0.0032742102924814
          6.8147772201879580
          4.8658167190103274
          3.4755527827263042
          2.2190878624332635
          1.1552315281087260
          0.4576031238730570
          0.0541842509847610
          0.0008843514973792
          9.5773824373175813
         29.5114840703984882
          3.7191787855894969
         23.6532804186704517
          6.9924713145291957
         21.6003983811071798
          2.6843696020061358
         17.2922966685841146
         12.8993467915497693
         10.3024518906951581
          6.5275446002255739
          5.1944206530123580
          3.5419111330259212
          0.7925329170276781
          2.6306582317393192
          2.0823180705806652
          1.3907098120940704
          0.2686917843313903
          0.4985102426577961
          0.3909794243934366
          0.2514952348278032
          0.0354744310755087
          6.1870379847447996
         13.3573952691132423
          2.8377163675860460
         10.0080736519544846
          4.5127199995187963
          9.7837148482994021
          2.0479780263045866
          7.3189728750851906
          5.8491537715354740
          4.3608244231405848
          2.9633610445270042
          2.1967755345950923
          1.3337634198202466
          0.2070891035745149
          1.1954411394673712
          0.8784505655651215
          0.5177238017884819
          0.0682656120449677
          0.2268627197636737
          0.1642271566867050
          0.0917809634546638
          0.0083977327601238
1
          5.6930051961195183
          3.7983762713762599
          2.5338034445154491
          1.4772455578212262
          0.6740203882126105
          0.2215840680232389
          0.0178926955846021
          0.0001693713484904
          2.7770706041733444
          7.6211572421515816
          1.1013310461785364
          5.9454176841567730
          1.9106243207252804
          5.2593115383005404
          0.7494406477183934
          4.0981278652936552
          2.8525267765559645
          2.2169592174008561
          1.2762545152979548
          0.9875078265477735
          0.6366270822493729
          0.1250764416942864
          0.4401960704481929
          0.3383442009481284
          0.2126500458195370
          0.0348732706189468
          0.0631985308839121
          0.0480756912312967
          0.0290371052010291
          0.0032742102924814
          6.8147772201879562
          4.8658167190103274
          3.4755527827263055
          2.2190878624332631
          1.1552315281087260
          0.4576031238730570
          0.0541842509847610
          0.0008843514973792
          9.5773824373175849
         29.5114840703984846
          3.7191787855894956
         23.6532804186704340
          6.9924713145292028
         21.6003983811071905
          2.6843696020061358
         17.2922966685841430
         12.8993467915497639
         10.3024518906951581
          6.5275446002255784
          5.1944206530123633
          3.5419111330259199
          0.7925329170276785
          2.6306582317393183
          2.0823180705806617
          1.3907098120940709
          0.2686917843313906
          0.4985102426577965
          0.3909794243934365
          0.2514952348278030
          0.0354744310755087
          6.1870379847448005
         13.3573952691132547
          2.8377163675860499
         10.0080736519544917
          4.5127199995187945
          9.7837148482993985
          2.0479780263045870
          7.3189728750851923
          5.8491537715354731
          4.3608244231405857
          2.9633610445270038
          2.1967755345950928
          1.3337634198202462
          0.2070891035745148
          1.1954411394673705
          0.8784505655651224
          0.5177238017884815
          0.0682656120449676
          0.2268627197636737
          0.1642271566867051
          0.0917809634546637
          0.0083977327601238
   0    2 -0.210329  0.963143  0.868493 
          0.0000000000000000          -0.0000000000000000           0.0000000000000001
          0.0000000000000001          -0.0000000000000000          -0.0000000000000002
         -0.0000000000000001          -0.0000000000000000          -0.0000000000000000
         -0.0000000000000001           0.0000000000000000           0.0000000000000000
          0.0000000000000000          -0.0000000000000000           0.0000000000000000
          0.0000000000000000          -0.0000000000000000           0.0000000000000000
          0.0000000000000000          -0.0000000000000000           0.0000000000000000
         -0.0000000000000000           0.0000000000000000          -0.0000000000000000
          0.0000000000000000          -0.0000000000000002          -0.0000000000000000
          0.0000000000000007           0.0000000000000002           0.0000000000000007
          0.0000000000000000          -0.0000000000000001           0.0000000000000001
         -0.0000000000000002           0.0000000000000001           0.0000000000000004
          0.0000000000000001           0.0000000000000002          -0.0000000000000002
         -0.0000000000000002           0.0000000000000004          -0.0000000000000010
         -0.0000000000000001           0.0000000000000000          -0.0000000000000001
          0.0000000000000003          -0.0000000000000001           0.0000000000000005
          0.0000000000000002          -0.0000000000000000           0.0000000000000002
          0.0000000000000001           0.0000000000000000           0.0000000000000002
          0.0000000000000000           0.0000000000000001          -0.0000000000000000
         -0.0000000000000001          -0.0000000000000001           0.0000000000000000
         -0.0000000000000000           0.0000000000000000          -0.0000000000000001
          0.0000000000000000          -0.0000000000000000          -0.0000000000000000
         -0.0000000000000000          -0.0000000000000001          -0.0000000000000001
         -0.0000000000000001           0.0000000000000000           0.0000000000000001
         -0.0000000000000000           0.0000000000000000           0.0000000000000000
          0.0000000000000000          -0.0000000000000000           0.0000000000000000
         -0.0000000000000000           0.0000000000000000           0.0000000000000000
         -0.0000000000000000           0.0000000000000000           0.0000000000000000
          0.0000000000000000           0.0000000000000000          -0.0000000000000000
          0.0000000000000000          -0.0000000000000000           0.0000000000000000
          0.0590442296107799           0.0104292490643745           0.0198961186525268
          0.0257183420231357          -0.0037928620022643          -0.0077154826214722
          0.0059265125498534          -0.0074304220748400           0.0013826902758419
          0.0007757060372919          -0.0202715486143860           0.0187092030464209
          0.0116280291567622          -0.0495644303035193           0.0168094613412062
          0.0185035288458435          -0.0628741486332336          -0.0068026265187481
          0.0056639093074604          -0.0216441641259446          -0.0126377174226208
          0.0000546152691371          -0.0006064290795144          -0.0010755412559513
          0.0309082043976134          -0.0693805012573152           0.0078910050961418
          0.1406610817646824          -0.0043400006808164          -0.0870945896663966
          0.0175912181373933          -0.0161771042659872           0.0314428208868298
          0.1273440955044588           0.0488633963105115          -0.0635427738757116
          0.0252712075215304          -0.0707842362360405           0.0032954984540503
          0.0565628699905689           0.0071575150074823          -0.0379257566745783
          0.0192358384238028          -0.0213491875043569           0.0148516196377214
          0.0505275008928443           0.0565925637391658          -0.0263696354909057
         -0.0099543902607216           0.0171475258260369           0.0342738899074532
         -0.0122642470981493           0.0617320898976543           0.0339925167241124
         -0.0267823179580034           0.0119995960225496           0.0810542282215671
         -0.0299822637416909           0.0508193870647160           0.0756190705277725
         -0.0329422592269973           0.0596011031642270           0.0355927526137836
          0.0189707771352000          -0.0577991616024007          -0.0648773725797585
         -0.0119000174597302          -0.0044422669090432           0.0778881877962148
         -0.0167346249520517           0.0254016051416506           0.0737475744760425
         -0.0229195656409554           0.0382009972893891           0.0491425441977733
          0.0024478471270921          -0.0243454303766761          -0.0257551838875449
          0.0069834033447131          -0.0141857831320097           0.0283562670101666
          0.0032612607718143          -0.0005602471941705           0.0286587919975986
         -0.0023585883658707           0.0091166202273337           0.0231501286892460
         -0.0013752369495625          -0.0033227033429533          -0.0028905266760193
          0.0008788201985825          -0.0671176514465809           0.0734136780695391
          0.1706904659637176          -0.0066028504915504          -0.1526172626398007
          0.0149764424319807          -0.1007139026478694           0.0261136565229880
          0.1847880881971153          -0.0401991016928398          -0.1999172841863523
         -0.0047870914512134          -0.0664436767253401           0.0859889750054051
          0.0866211689633122           0.0028169554967831          -0.1206192332259298
          0.0127523812232102          -0.0926449135338665           0.0323128316814087
          0.1041606416377360          -0.0233842813117435          -0.1742953765499267
          0.0142049255745136           0.0117201751106012          -0.0544614888723887
          0.0288851807453530          -0.0009450135844688          -0.1091674389317167
         -0.0128047860937461           0.0067631265832612           0.0064994273588480
         -0.0061857107426121           0.0086989774578690          -0.0383624935085047
         -0.0018387822288920          -0.0046041925581899          -0.0475463438107166
          0.0185325372535274          -0.0116239450920339          -0.0038723528333965
         -0.0076938227473895          -0.0086618309620668           0.0309873396112510
         -0.0086555805260458           0.0024112800063080           0.0041150406012411
         -0.0097546738509440           0.0030662546643156          -0.0091611626651893
          0.0047461712373495          -0.0046663231414129          -0.0051936440665600
          0.0056059935342739          -0.0161414206393940           0.0140040860513823
          0.0019706690748675          -0.0070920240712415           0.0077978763586065
         -0.0020651918964103          -0.0008066678624310           0.0037610298437132
         -0.0003391807960310          -0.0003782978330518          -0.0008709392161691
   1
          0.0000000000000000           0.0000000000000000           0.0000000000000000
          0.0000000000000000           0.0000000000000000           0.0000000000000000
          0.0000000000000000           0.0000000000000000           0.0000000000000000
          0.0000000000000000           0.0000000000000000           0.0000000000000000
          0.0000000000000000           0.0000000000000000           0.0000000000000000
          0.0000000000000000           0.0000000000000000           0.0000000000000000
          0.0000000000000000           0.0000000000000000           0.0000000000000000
          0.0000000000000000           0.0000000000000000           0.0000000000000000
          0.0000000000000000           0.0000000000000000           0.0000000000000000
          0.0000000000000000           0.0000000000000000           0.0000000000000000
          0.0000000000000000           0.0000000000000000           0.0000000000000000
          0.0000000000000000           0.0000000000000000           0.0000000000000000
          0.0000000000000000           0.0000000000000000           0.0000000000000000
          0.0000000000000000           0.0000000000000000           0.0000000000000000
          0.0000000000000000           0.0000000000000000           0.0000000000000000
          0.0000000000000000           0.0000000000000000           0.0000000000000000
          0.0000000000000000           0.0000000000000000           0.0000000000000000
          0.0000000000000000           0.0000000000000000           0.0000000000000000
          0.0000000000000000           0.0000000000000000           0.0000000000000000
          0.0000000000000000           0.0000000000000000           0.0000000000000000
          0.0000000000000000           0.0000000000000000           0.0000000000000000
          0.0000000000000000           0.0000000000000000           0.0000000000000000
          0.0000000000000000           0.0000000000000000           0.0000000000000000
          0.0000000000000000           0.0000000000000000           0.0000000000000000
          0.0000000000000000           0.0000000000000000           0.0000000000000000
          0.0000000000000000           0.0000000000000000           0.0000000000000000
          0.0000000000000000           0.0000000000000000           0.0000000000000000
          0.0000000000000000           0.0000000000000000           0.0000000000000000
          0.0000000000000000           0.0000000000000000           0.0000000000000000
          0.0000000000000000           0.0000000000000000           0.0000000000000000
          0.0590442296107800           0.0104292490643744           0.0198961186525267
          0.0257183420231357          -0.0037928620022642          -0.0077154826214723
          0.0059265125498536          -0.0074304220748398           0.0013826902758417
          0.0007757060372919          -0.0202715486143860           0.0187092030464209
          0.0116280291567622          -0.0495644303035193           0.0168094613412060
          0.0185035288458436          -0.0628741486332336          -0.0068026265187481
          0.0056639093074604          -0.0216441641259446          -0.0126377174226208
          0.0000546152691371          -0.0006064290795144          -0.0010755412559513
          0.1814092882282941          -0.0921382851649244          -0.1427334212125437
          0.1617292840963014          -0.0553027187113435          -0.0156737479279770
          0.1467641838700443          -0.1357668663957694          -0.0167054464119531
          0.1270841797380570          -0.0989312999421865           0.1103542268726080
          0.1062856932111452          -0.0706142916565909          -0.1308815638992740
          0.0573824618130502          -0.0566391508005252           0.0616210474582259
          0.1043553713426142          -0.1210374909027059          -0.0522940289757029
          0.0554521399445217          -0.1070623500466405           0.1402085823817950
         -0.0141584911298272          -0.0687642652691171           0.1515693309412163
          0.0051846078858872          -0.1161606007050457           0.1729149303132571
         -0.0207525806979884          -0.0909517195077420           0.1852716891144390
         -0.0022191953315111          -0.1209669834456805           0.1698909620131853
          0.0225138995825880          -0.1910628702264174           0.0934541754594165
          0.0702413720696953          -0.1758570491369089          -0.1250285024982586
          0.0043600349535522          -0.1013419375732659           0.1427432115143013
          0.0109846563011648          -0.1088791558998901           0.1195596805925557
          0.0140658571664853          -0.1260606103259760           0.0663648039169943
          0.0235192186997112          -0.0777719743612490          -0.0512069709765371
          0.0214051876682093          -0.0644161645160135           0.0420049744479656
          0.0180491672674907          -0.0582646332524094           0.0337081061784976
          0.0105290675708194          -0.0490644643700851           0.0200181246629524
          0.0019241729253294          -0.0152545697076396          -0.0069084729651948
          0.0008788201985820          -0.0671176514465803           0.0734136780695426
          0.1706904659637175          -0.0066028504915520          -0.1526172626398078
          0.0149764424319817          -0.1007139026478697           0.0261136565229905
          0.1847880881971091          -0.0401991016928403          -0.1999172841863467
         -0.0047870914512133          -0.0664436767253405           0.0859889750054074
          0.0866211689633156           0.0028169554967836          -0.1206192332259294
          0.0127523812232103          -0.0926449135338663           0.0323128316814068
          0.1041606416377361          -0.0233842813117445          -0.1742953765499279
          0.0142049255745146           0.0117201751106016          -0.0544614888723881
          0.0288851807453532          -0.0009450135844692          -0.1091674389317151
         -0.0128047860937452           0.0067631265832618           0.0064994273588466
         -0.0061857107426113           0.0086989774578696          -0.0383624935085046
         -0.0018387822288928          -0.0046041925581900          -0.0475463438107166
          0.0185325372535274          -0.0116239450920339          -0.0038723528333966
         -0.0076938227473903          -0.0086618309620671           0.0309873396112514
         -0.0086555805260454           0.0024112800063077           0.0041150406012409
         -0.0097546738509439           0.0030662546643158          -0.0091611626651892
          0.0047461712373495          -0.0046663231414129          -0.0051936440665600
          0.0056059935342739          -0.0161414206393940           0.0140040860513821
          0.0019706690748674          -0.0070920240712415           0.0077978763586066
         -0.0020651918964104          -0.0008066678624310           0.0037610298437132
         -0.0003391807960310          -0.0003782978330518          -0.0008709392161691
   0
          0.0000000000000000           0.0000000000000000          -0.0000000000000001
         -0.0000000000000001           0.0000000000000000           0.0000000000000002
          0.0000000000000001           0.0000000000000000           0.0000000000000000
          0.0000000000000001           0.0000000000000000           0.0000000000000000
         -0.0000000000000000           0.0000000000000000           0.0000000000000000
         -0.0000000000000000           0.0000000000000000           0.0000000000000000
         -0.0000000000000000           0.0000000000000000          -0.0000000000000000
          0.0000000000000000          -0.0000000000000000           0.0000000000000000
          0.0000000000000005          -0.0000000000000007           0.0000000000000009
         -0.0000000000000008          -0.0000000000000007          -0.0000000000000017
          0.0000000000000000           0.0000000000000003           0.0000000000000004
          0.0000000000000000           0.0000000000000008          -0.0000000000000018
          0.0000000000000006          -0.0000000000000006          -0.0000000000000000
         -0.0000000000000004           0.0000000000000004          -0.0000000000000046
          0.0000000000000002           0.0000000000000001          -0.0000000000000001
          0.0000000000000008          -0.0000000000000002           0.0000000000000008
          0.0000000000000000           0.0000000000000004          -0.0000000000000003
          0.0000000000000002          -0.0000000000000002          -0.0000000000000005
          0.0000000000000003           0.0000000000000005          -0.0000000000000004
         -0.0000000000000001          -0.0000000000000002           0.0000000000000003
         -0.0000000000000001          -0.0000000000000002           0.0000000000000001
         -0.0000000000000000           0.0000000000000000           0.0000000000000000
          0.0000000000000000           0.0000000000000001           0.0000000000000000
         -0.0000000000000000           0.0000000000000000          -0.0000000000000003
         -0.0000000000000000          -0.0000000000000001           0.0000000000000001
          0.0000000000000000           0.0000000000000000          -0.0000000000000000
         -0.0000000000000000           0.0000000000000001           0.0000000000000000
         -0.0000000000000000          -0.0000000000000000          -0.0000000000000000
          0.0000000000000000          -0.0000000000000000           0.0000000000000000
          0.0000000000000000          -0.0000000000000000          -0.0000000000000000
          0.0000000000000000           0.0000000000000000           0.0000000000000000
          0.0000000000000000           0.0000000000000000           0.0000000000000000
          0.0000000000000000           0.0000000000000000           0.0000000000000000
          0.0000000000000000           0.0000000000000000           0.0000000000000000
          0.0000000000000000           0.0000000000000000           0.0000000000000000
          0.0000000000000000           0.0000000000000000           0.0000000000000000
          0.0000000000000000           0.0000000000000000           0.0000000000000000
          0.0000000000000000           0.0000000000000000           0.0000000000000000
          0.1505010838306807          -0.0227577839076130          -0.1506244263086833
          0.0210682023316181          -0.0509627180305251           0.0714208417384202
          0.1291729657326507          -0.1195897621297812          -0.0481482672987841
         -0.0002599157664117          -0.1477946962526939           0.1738970007483256
          0.0810144856896161           0.0001699445794505          -0.1341770623533235
          0.0008195918224841          -0.0637966658080071           0.0995468041328075
          0.0851195329188120          -0.0996883033983477          -0.0671456486134234
          0.0049246390516756          -0.1636549137858070           0.1665782178726999
         -0.0042041008691062          -0.0859117910951537           0.1172954410337580
          0.0174488549840351          -0.1778926906026986           0.1389224135891447
          0.0060297372600143          -0.1029513155302921           0.1042174608928718
          0.0277630684101789          -0.1717863705103959           0.0942718914854123
          0.0554561588095856          -0.2506639733906451           0.0578614228456330
          0.0512705949344952          -0.1180578875345084          -0.0601511299185001
          0.0162600524132820          -0.0968996706642234           0.0648550237180869
          0.0277192812532162          -0.1342807610415404           0.0458121061165133
          0.0369854228074405          -0.1642616076153646           0.0172222597192207
          0.0210713715726191          -0.0534265439845728          -0.0254517870889921
          0.0144217843234962          -0.0502303813840037           0.0136487074377989
          0.0147879064956764          -0.0577043860582391           0.0050493141808988
          0.0128876559366899          -0.0581810845974188          -0.0031320040262938
          0.0032994098748919          -0.0119318663646863          -0.0040179462891755
          0.0000000000000000           0.0000000000000000           0.0000000000000000
          0.0000000000000000           0.0000000000000000           0.0000000000000000
          0.0000000000000000           0.0000000000000000           0.0000000000000000
          0.0000000000000000           0.0000000000000000           0.0000000000000000
          0.0000000000000000           0.0000000000000000           0.0000000000000000
          0.0000000000000000           0.0000000000000000           0.0000000000000000
          0.0000000000000000           0.0000000000000000           0.0000000000000000
          0.0000000000000000           0.0000000000000000           0.0000000000000000
          0.0000000000000000           0.0000000000000000           0.0000000000000000
          0.0000000000000000           0.0000000000000000           0.0000000000000000
          0.0000000000000000           0.0000000000000000           0.0000000000000000
          0.0000000000000000           0.0000000000000000           0.0000000000000000
          0.0000000000000000           0.0000000000000000           0.0000000000000000
          0.0000000000000000           0.0000000000000000           0.0000000000000000
          0.0000000000000000           0.0000000000000000           0.0000000000000000
          0.0000000000000000           0.0000000000000000           0.0000000000000000
          0.0000000000000000           0.0000000000000000           0.0000000000000000
          0.0000000000000000           0.0000000000000000           0.0000000000000000
          0.0000000000000000           0.0000000000000000           0.0000000000000000
          0.0000000000000000           0.0000000000000000           0.0000000000000000
          0.0000000000000000           0.0000000000000000           0.0000000000000000
          0.0000000000000000           0.0000000000000000           0.0000000000000000
