1  82   2   1   2   -6.571471   0.000000
  0 
./DATA/100/00/GA/G021/M021/
0
          4.7248901774574810
          3.1456621802765654
          2.0868522322787113
          1.1997881399015597
          0.5301908946506970
          0.1641206541890599
          0.0106699267502233
          0.0000499670333694
          1.7484790624518767
          4.8269548256578902
          0.6675210268588048
          3.7459967900648135
          1.2007981441904196
          3.3187673438211838
          0.4566710175268314
          2.5746402171575928
          1.7802619760821483
          1.3800510751203570
          0.7736626293821356
          0.5990329385707563
          0.3941083496908583
          0.0653530888427525
          0.2480891298313512
          0.1917833505806036
          0.1254954288745355
          0.0192104512260691
          0.0281443236124921
          0.0217042616499961
          0.0140821667560316
          0.0019386976335072
          5.9344596219665027
          4.1997590312391395
          2.9727711623469584
          1.8624835420288512
          0.9165434607107463
          0.3146924707391784
          0.0236848587657454
          0.0001533800777781
          6.6820094549583917
         20.8421103157310412
          2.4753278117574600
         16.6354286725301144
          4.8226002095196741
         15.1214563517695684
          1.7440765317931917
         12.0429326740430884
          8.8801854452491646
          7.0420430272741665
          4.3723756221897974
          3.4449132249248504
          2.2506719160578363
          0.3751387581090747
          1.6803646106685128
          1.3120349974569401
          0.8323297131781333
          0.1119301355304487
          0.2812975425596164
          0.2165449992374995
          0.1313947040031096
          0.0117607501867650
          4.3021155729203295
          9.4599443124243976
          1.8718400471365459
          7.0296687866406122
          3.1071446314621860
          6.8648836491824383
          1.3296191114411877
          5.0873581291614327
          4.0388168099153985
          2.9809061500459153
          1.9985098574556115
          1.4689700054452455
          0.8666125362406604
          0.1173774621570254
          0.7757088843227926
          0.5685218649269104
          0.3272870877099407
          0.0342717568534848
          0.1326363731569845
          0.0972839938481614
          0.0544986466253628
          0.0034932255737812
1
          4.7248901774574819
          3.1456621802765654
          2.0868522322787109
          1.1997881399015600
          0.5301908946506970
          0.1641206541890599
          0.0106699267502233
          0.0000499670333694
          1.7484790624518769
          4.8269548256578911
          0.6675210268588049
          3.7459967900648135
          1.2007981441904201
          3.3187673438211838
          0.4566710175268314
          2.5746402171575933
          1.7802619760821483
          1.3800510751203572
          0.7736626293821357
          0.5990329385707565
          0.3941083496908582
          0.0653530888427525
          0.2480891298313511
          0.1917833505806036
          0.1254954288745355
          0.0192104512260691
          0.0281443236124921
          0.0217042616499961
          0.0140821667560316
          0.0019386976335072
          5.9344596219665000
          4.1997590312391413
          2.9727711623469588
          1.8624835420288510
          0.9165434607107462
          0.3146924707391784
          0.0236848587657454
          0.0001533800777781
          6.6820094549583908
         20.8421103157310341
          2.4753278117574622
         16.6354286725301002
          4.8226002095196741
         15.1214563517695737
          1.7440765317931926
         12.0429326740430831
          8.8801854452491593
          7.0420430272741612
          4.3723756221897965
          3.4449132249248522
          2.2506719160578346
          0.3751387581090742
          1.6803646106685142
          1.3120349974569401
          0.8323297131781341
          0.1119301355304489
          0.2812975425596161
          0.2165449992374995
          0.1313947040031097
          0.0117607501867650
          4.3021155729203260
          9.4599443124243994
          1.8718400471365448
          7.0296687866406122
          3.1071446314621856
          6.8648836491824330
          1.3296191114411886
          5.0873581291614380
          4.0388168099153976
          2.9809061500459149
          1.9985098574556113
          1.4689700054452457
          0.8666125362406601
          0.1173774621570254
          0.7757088843227927
          0.5685218649269100
          0.3272870877099406
          0.0342717568534848
          0.1326363731569845
          0.0972839938481615
          0.0544986466253628
          0.0034932255737812
   0    2 -0.431055  0.094041 -0.052492 
         -0.0000000000000000          -0.0000000000000000          -0.0000000000000001
         -0.0000000000000001           0.0000000000000000          -0.0000000000000000
         -0.0000000000000001          -0.0000000000000000           0.0000000000000000
         -0.0000000000000001           0.0000000000000000          -0.0000000000000000
          0.0000000000000000           0.0000000000000000          -0.0000000000000000
         -0.0000000000000000           0.0000000000000000           0.0000000000000000
         -0.0000000000000000          -0.0000000000000000           0.0000000000000000
          0.0000000000000000          -0.0000000000000000          -0.0000000000000000
          0.0000000000000000          -0.0000000000000001           0.0000000000000000
         -0.0000000000000004           0.0000000000000000          -0.0000000000000001
         -0.0000000000000001          -0.0000000000000000          -0.0000000000000000
          0.0000000000000004           0.0000000000000000          -0.0000000000000002
         -0.0000000000000000          -0.0000000000000001           0.0000000000000001
          0.0000000000000005           0.0000000000000000           0.0000000000000002
         -0.0000000000000000          -0.0000000000000000          -0.0000000000000001
          0.0000000000000000           0.0000000000000000          -0.0000000000000000
          0.0000000000000000          -0.0000000000000002           0.0000000000000001
         -0.0000000000000001          -0.0000000000000000           0.0000000000000002
         -0.0000000000000001           0.0000000000000000           0.0000000000000001
         -0.0000000000000001           0.0000000000000000           0.0000000000000000
         -0.0000000000000001          -0.0000000000000000           0.0000000000000000
          0.0000000000000000           0.0000000000000000          -0.0000000000000000
         -0.0000000000000000           0.0000000000000000           0.0000000000000000
          0.0000000000000000           0.0000000000000000           0.0000000000000000
          0.0000000000000001           0.0000000000000000           0.0000000000000000
         -0.0000000000000000           0.0000000000000000          -0.0000000000000000
         -0.0000000000000000          -0.0000000000000000           0.0000000000000000
         -0.0000000000000000           0.0000000000000000          -0.0000000000000000
         -0.0000000000000000           0.0000000000000000          -0.0000000000000000
          0.0000000000000000          -0.0000000000000000           0.0000000000000000
         -0.0195708669641935           0.0103640358839456          -0.0247532440827521
          0.0014901314083354           0.0049199535430438          -0.0068370943887971
          0.0021627067353922          -0.0049159034875789           0.0037109151990836
          0.0034309790923143          -0.0168391310861232           0.0135906165796201
          0.0192196261515883          -0.0244312874273381           0.0205971807839169
          0.0322487117938810          -0.0194451793176297           0.0164314800908302
          0.0107081532407694          -0.0035318041497584           0.0024050496437129
          0.0001859479361249          -0.0000259455661709          -0.0000097097703634
          0.0291632453000581          -0.0307637091794984           0.0227109401119932
          0.0087258522686080           0.0397457575345024          -0.0342097571435803
         -0.0054064129935301          -0.0288111320624720           0.0185810820815669
         -0.0258438060249793           0.0416983346515284          -0.0383396151740077
          0.0330507089556056          -0.0272179205385211           0.0209679407214961
         -0.0042365530223223           0.0123060508769761          -0.0085911694083649
          0.0048485592118198          -0.0209668530239943           0.0135494084950929
         -0.0324387027661067           0.0185571183915027          -0.0160097016347660
         -0.0256414945990881          -0.0168309179458215           0.0140064479132029
         -0.0461301845062825          -0.0067567285712091           0.0040786320362167
         -0.0364304926138301          -0.0318131614286461           0.0242893062440555
         -0.0507370427595132          -0.0208700591457786           0.0141755424467505
         -0.0340255175293489          -0.0031853872956698          -0.0012983530489642
          0.0358434749804236           0.0061562305429365          -0.0032439220914786
         -0.0280789961548105          -0.0296833733895117           0.0232204594680498
         -0.0374994331065796          -0.0210380322770880           0.0152544920017697
         -0.0298579119290726          -0.0084450168974921           0.0041020183057761
          0.0136248178902415           0.0014802529207446          -0.0008223637928320
         -0.0067610453755934          -0.0126949968600701           0.0112860715612181
         -0.0106745890299069          -0.0092161782679019           0.0078876221229766
         -0.0104107167170759          -0.0045253820672731           0.0033623274993797
          0.0013774993041047           0.0000199995437894          -0.0001094684736206
         -0.0017227792797460          -0.0501895869165743           0.0403500405056235
          0.0396118768484109           0.0591716352715773          -0.0518488575372137
          0.0279106576403250          -0.0400906440864758           0.0300366792241876
          0.0692453137684826           0.0692705781016758          -0.0621622188186500
         -0.0049032349327514          -0.0524483773033889           0.0421242578621645
          0.0337173908660362           0.0375365076418431          -0.0297474865490330
          0.0227219315681044          -0.0376878210147884           0.0286302856429563
          0.0613425573668918           0.0522970639304443          -0.0432414587682407
          0.0143009814728896           0.0102859015731441          -0.0081673668553718
          0.0361887990310089           0.0283129453362675          -0.0238065511944569
         -0.0032826841897869          -0.0095698705797554           0.0058460670322315
          0.0097856666025882           0.0075368670277591          -0.0090006264737850
          0.0231253423984876           0.0147283092710263          -0.0146404856536036
          0.0047247829780163          -0.0042396546394738           0.0068395604346478
         -0.0075718287053695          -0.0165564918132821           0.0119317044174063
         -0.0032075769087912          -0.0042897602112860           0.0009044768502213
          0.0040626205290493           0.0041738433630725          -0.0063519028780540
          0.0042752552518246          -0.0008922310669239           0.0018257134111955
         -0.0009251979973626          -0.0094635247377807           0.0082681909926849
         -0.0016824961549559          -0.0050468853546658           0.0039535758228472
         -0.0012500470404106          -0.0009690008332753           0.0000112684403620
          0.0007653334083122           0.0000612477254327          -0.0000515811689295
   1
          0.0000000000000000           0.0000000000000000           0.0000000000000000
          0.0000000000000000           0.0000000000000000           0.0000000000000000
          0.0000000000000000           0.0000000000000000           0.0000000000000000
          0.0000000000000000           0.0000000000000000           0.0000000000000000
          0.0000000000000000           0.0000000000000000           0.0000000000000000
          0.0000000000000000           0.0000000000000000           0.0000000000000000
          0.0000000000000000           0.0000000000000000           0.0000000000000000
          0.0000000000000000           0.0000000000000000           0.0000000000000000
          0.0000000000000000           0.0000000000000000           0.0000000000000000
          0.0000000000000000           0.0000000000000000           0.0000000000000000
          0.0000000000000000           0.0000000000000000           0.0000000000000000
          0.0000000000000000           0.0000000000000000           0.0000000000000000
          0.0000000000000000           0.0000000000000000           0.0000000000000000
          0.0000000000000000           0.0000000000000000           0.0000000000000000
          0.0000000000000000           0.0000000000000000           0.0000000000000000
          0.0000000000000000           0.0000000000000000           0.0000000000000000
          0.0000000000000000           0.0000000000000000           0.0000000000000000
          0.0000000000000000           0.0000000000000000           0.0000000000000000
          0.0000000000000000           0.0000000000000000           0.0000000000000000
          0.0000000000000000           0.0000000000000000           0.0000000000000000
          0.0000000000000000           0.0000000000000000           0.0000000000000000
          0.0000000000000000           0.0000000000000000           0.0000000000000000
          0.0000000000000000           0.0000000000000000           0.0000000000000000
          0.0000000000000000           0.0000000000000000           0.0000000000000000
          0.0000000000000000           0.0000000000000000           0.0000000000000000
          0.0000000000000000           0.0000000000000000           0.0000000000000000
          0.0000000000000000           0.0000000000000000           0.0000000000000000
          0.0000000000000000           0.0000000000000000           0.0000000000000000
          0.0000000000000000           0.0000000000000000           0.0000000000000000
          0.0000000000000000           0.0000000000000000           0.0000000000000000
         -0.0195708669641934           0.0103640358839455          -0.0247532440827521
          0.0014901314083358           0.0049199535430438          -0.0068370943887970
          0.0021627067353923          -0.0049159034875789           0.0037109151990835
          0.0034309790923142          -0.0168391310861231           0.0135906165796200
          0.0192196261515882          -0.0244312874273381           0.0205971807839168
          0.0322487117938810          -0.0194451793176297           0.0164314800908302
          0.0107081532407694          -0.0035318041497584           0.0024050496437129
          0.0001859479361249          -0.0000259455661709          -0.0000097097703634
          0.0747819432234962           0.0360361281712218          -0.0334050838100643
          0.0009962519138354          -0.0180720314612191           0.0104074497468780
          0.0532909625530854          -0.0154314430502299           0.0080444200239861
         -0.0204947287565796          -0.0695396026826680           0.0518569535809312
          0.0694486821350645           0.0258848087192352          -0.0202680837942373
         -0.0118203702684955          -0.0557085480423280           0.0450216264204961
          0.0645107979857751          -0.0077519367331529           0.0073577758820984
         -0.0167582544177852          -0.0893452934947155           0.0726474860968340
         -0.0277973216937500          -0.0893702543906502           0.0720490811854667
         -0.0158787969862983          -0.1021179469301331           0.0840636526618282
         -0.0284736061252104          -0.0962694678848216           0.0772148888406284
         -0.0109484945252845          -0.0943769934257700           0.0776055626741559
          0.0498307126328809          -0.0808700098706649           0.0668485939674046
          0.0861836331060283          -0.0189335277761280           0.0133072024003887
         -0.0127089458369414          -0.0746651933889457           0.0619235580485643
         -0.0007777458596965          -0.0670223070427865           0.0565063068356213
          0.0283598641051226          -0.0510411494312396           0.0425010378610134
          0.0350309549303242          -0.0082481690753328           0.0045431722027324
          0.0043562229648939          -0.0289437723394828           0.0266443796978607
          0.0062304673747404          -0.0241889267526503           0.0223378643174683
          0.0098561938017759          -0.0164847780962971           0.0147829721659524
          0.0054712018377944          -0.0016510369970989           0.0006158171248238
         -0.0017227792797463          -0.0501895869165757           0.0403500405056241
          0.0396118768484132           0.0591716352715782          -0.0518488575372131
          0.0279106576403240          -0.0400906440864760           0.0300366792241871
          0.0692453137684836           0.0692705781016757          -0.0621622188186499
         -0.0049032349327510          -0.0524483773033891           0.0421242578621653
          0.0337173908660381           0.0375365076418435          -0.0297474865490340
          0.0227219315681047          -0.0376878210147886           0.0286302856429570
          0.0613425573668905           0.0522970639304441          -0.0432414587682429
          0.0143009814728879           0.0102859015731447          -0.0081673668553725
          0.0361887990310077           0.0283129453362679          -0.0238065511944568
         -0.0032826841897867          -0.0095698705797553           0.0058460670322326
          0.0097856666025878           0.0075368670277592          -0.0090006264737849
          0.0231253423984873           0.0147283092710262          -0.0146404856536036
          0.0047247829780163          -0.0042396546394738           0.0068395604346478
         -0.0075718287053697          -0.0165564918132819           0.0119317044174065
         -0.0032075769087913          -0.0042897602112863           0.0009044768502212
          0.0040626205290492           0.0041738433630725          -0.0063519028780540
          0.0042752552518246          -0.0008922310669239           0.0018257134111955
         -0.0009251979973626          -0.0094635247377807           0.0082681909926849
         -0.0016824961549559          -0.0050468853546658           0.0039535758228472
         -0.0012500470404106          -0.0009690008332753           0.0000112684403620
          0.0007653334083122           0.0000612477254327          -0.0000515811689295
   0
          0.0000000000000000           0.0000000000000000           0.0000000000000001
          0.0000000000000001          -0.0000000000000000           0.0000000000000000
          0.0000000000000001           0.0000000000000000          -0.0000000000000000
          0.0000000000000001          -0.0000000000000000           0.0000000000000000
          0.0000000000000000           0.0000000000000000           0.0000000000000000
          0.0000000000000000           0.0000000000000000          -0.0000000000000000
          0.0000000000000000           0.0000000000000000           0.0000000000000000
          0.0000000000000000           0.0000000000000000           0.0000000000000000
          0.0000000000000001          -0.0000000000000001          -0.0000000000000002
         -0.0000000000000010          -0.0000000000000000          -0.0000000000000004
          0.0000000000000001          -0.0000000000000000          -0.0000000000000000
         -0.0000000000000002           0.0000000000000001          -0.0000000000000001
         -0.0000000000000000           0.0000000000000000          -0.0000000000000001
          0.0000000000000000          -0.0000000000000000          -0.0000000000000001
         -0.0000000000000001           0.0000000000000000           0.0000000000000000
         -0.0000000000000003           0.0000000000000000           0.0000000000000004
         -0.0000000000000001          -0.0000000000000001          -0.0000000000000002
          0.0000000000000002          -0.0000000000000001           0.0000000000000001
         -0.0000000000000002          -0.0000000000000001          -0.0000000000000001
          0.0000000000000000           0.0000000000000000           0.0000000000000000
         -0.0000000000000001          -0.0000000000000000           0.0000000000000000
          0.0000000000000000           0.0000000000000000           0.0000000000000000
         -0.0000000000000001          -0.0000000000000000          -0.0000000000000000
          0.0000000000000000           0.0000000000000000          -0.0000000000000000
         -0.0000000000000000           0.0000000000000000          -0.0000000000000000
         -0.0000000000000000          -0.0000000000000000           0.0000000000000000
         -0.0000000000000000           0.0000000000000000           0.0000000000000000
         -0.0000000000000000           0.0000000000000000          -0.0000000000000000
          0.0000000000000000          -0.0000000000000000           0.0000000000000000
         -0.0000000000000000           0.0000000000000000           0.0000000000000000
          0.0000000000000000           0.0000000000000000           0.0000000000000000
          0.0000000000000000           0.0000000000000000           0.0000000000000000
          0.0000000000000000           0.0000000000000000           0.0000000000000000
          0.0000000000000000           0.0000000000000000           0.0000000000000000
          0.0000000000000000           0.0000000000000000           0.0000000000000000
          0.0000000000000000           0.0000000000000000           0.0000000000000000
          0.0000000000000000           0.0000000000000000           0.0000000000000000
          0.0000000000000000           0.0000000000000000           0.0000000000000000
          0.0456186979234405           0.0667998373507201          -0.0561160239220560
         -0.0077296003547729          -0.0578177889957196           0.0446172068904638
          0.0586973755466156           0.0133796890122422          -0.0105366620575805
          0.0053490772683991          -0.1112379373341973           0.0901965687549390
          0.0363979731794595           0.0531027292577566          -0.0412360245157328
         -0.0075838172461740          -0.0680145989193038           0.0536127958288618
          0.0596622387739551           0.0132149162908413          -0.0061916326129947
          0.0156804483483194          -0.1079024118862185           0.0886571877315994
         -0.0021558270946625          -0.0725393364448287           0.0580426332722640
          0.0302513875199850          -0.0953612183589237           0.0799850206256111
          0.0079568864886207          -0.0644563064561750           0.0529255825965730
          0.0397885482342285          -0.0735069342799917           0.0634300202274054
          0.0838562301622300          -0.0776846225749949           0.0681469470163691
          0.0503401581256047          -0.0250897583190645           0.0165511244918671
          0.0153700503178690          -0.0449818199994343           0.0387030985805142
          0.0367216872468833          -0.0459842747656982           0.0412518148338511
          0.0582177760341951          -0.0425961325337473           0.0383990195552372
          0.0214061370400828          -0.0097284219960775           0.0053655359955643
          0.0111172683404873          -0.0162487754794127           0.0153583081366426
          0.0169050564046473          -0.0149727484847485           0.0144502421944918
          0.0202669105188518          -0.0119593960290240           0.0114206446665727
          0.0040937025336898          -0.0016710365408883           0.0007252855984443
          0.0000000000000000           0.0000000000000000           0.0000000000000000
          0.0000000000000000           0.0000000000000000           0.0000000000000000
          0.0000000000000000           0.0000000000000000           0.0000000000000000
          0.0000000000000000           0.0000000000000000           0.0000000000000000
          0.0000000000000000           0.0000000000000000           0.0000000000000000
          0.0000000000000000           0.0000000000000000           0.0000000000000000
          0.0000000000000000           0.0000000000000000           0.0000000000000000
          0.0000000000000000           0.0000000000000000           0.0000000000000000
          0.0000000000000000           0.0000000000000000           0.0000000000000000
          0.0000000000000000           0.0000000000000000           0.0000000000000000
          0.0000000000000000           0.0000000000000000           0.0000000000000000
          0.0000000000000000           0.0000000000000000           0.0000000000000000
          0.0000000000000000           0.0000000000000000           0.0000000000000000
          0.0000000000000000           0.0000000000000000           0.0000000000000000
          0.0000000000000000           0.0000000000000000           0.0000000000000000
          0.0000000000000000           0.0000000000000000           0.0000000000000000
          0.0000000000000000           0.0000000000000000           0.0000000000000000
          0.0000000000000000           0.0000000000000000           0.0000000000000000
          0.0000000000000000           0.0000000000000000           0.0000000000000000
          0.0000000000000000           0.0000000000000000           0.0000000000000000
          0.0000000000000000           0.0000000000000000           0.0000000000000000
          0.0000000000000000           0.0000000000000000           0.0000000000000000
