1  82   2   1   2   -6.414717   0.000000
  0 
./DATA/100/00/GA/G021/M024/
0
          5.4100131684283248
          6.2539336948799713
          3.5374371171114056
          4.5019281075076565
          2.2812799109565463
          3.2740838331033144
          1.2463268427080563
          2.1459730946459170
          0.5033409312760766
          1.1333858742813274
          0.1366427939353750
          0.4285289041312706
          0.0070627933920682
          0.0394515537460271
          0.0000283750888276
          0.0003595014909687
          2.3271882637767884
          7.3040281024765790
          5.9675575701450096
          6.4808657372055629
         25.7526607933828799
         10.5607868777847127
          1.7053960984523882
          5.2551366486021571
          5.6265168957936043
         10.0127510453099386
         42.1524020304147342
         14.8129755110730112
          1.5477332693723036
          5.2762953808748358
          4.4039091279763261
          4.3095149472717944
         18.9334478136638502
          7.7009624692930165
          1.1353141121383359
          3.6490388659086830
          4.1141127517843428
          6.6588774679373133
         30.9633437314866988
         10.7082194344177299
          2.1621437171089539
         11.3821406785908490
          4.5879804696703026
          3.3411136061402020
         18.5691174674588346
          6.3010259697834181
          0.8433783676582804
          5.7853337730232344
          2.3226831963188812
          1.3031149928124635
          9.3961490934251710
          3.1519970525351146
          3.4115166448973238
         25.7107108147053722
          6.5247258610661998
       2195.9193259502949331
      19499.7839638601690240
       3341.3738266337481946
          0.2278218668369797
          2.3143652376951218
          0.9340568244461707
          0.3518583459847819
          3.7326498851351615
          1.2571181816221231
          0.9201804182848359
          9.9753095748565297
          2.4974833732319590
        578.8836528097813243
       6224.4831884724080737
        907.7637938920879606
          0.0179382040977209
          0.4108136253975355
          0.1698256170887761
          0.0276705763726987
          0.6545858862930592
          0.2286304484595767
          0.0720849425756863
          1.6884327973111179
          0.4383109968409700
         43.5649865059062833
        754.5865755717056800
         80.9792855427159282
1
          6.2539336948799713
          5.4100131684283248
          4.5019281075076565
          3.5374371171114056
          3.2740838331033140
          2.2812799109565454
          2.1459730946459183
          1.2463268427080563
          1.1333858742813276
          0.5033409312760766
          0.4285289041312704
          0.1366427939353750
          0.0394515537460271
          0.0070627933920682
          0.0003595014909687
          0.0000283750888276
          5.9675575701450088
          7.3040281024765781
          2.3271882637767876
         10.5607868777847127
         25.7526607933829048
          6.4808657372055638
          5.6265168957936007
          5.2551366486021625
          1.7053960984523888
         14.8129755110730112
         42.1524020304147982
         10.0127510453099386
          4.4039091279763287
          5.2762953808748376
          1.5477332693723034
          7.7009624692930219
         18.9334478136638680
          4.3095149472717935
          4.1141127517843445
          3.6490388659086856
          1.1353141121383354
         10.7082194344177264
         30.9633437314867130
          6.6588774679373142
          4.5879804696703026
         11.3821406785908614
          2.1621437171089539
          6.3010259697834199
         18.5691174674588311
          3.3411136061402016
          2.3226831963188839
          5.7853337730232299
          0.8433783676582806
          3.1519970525351155
          9.3961490934251621
          1.3031149928124635
          6.5247258610661927
         25.7107108147053900
          3.4115166448973238
       3341.3738266337450113
      19499.7839638601653860
       2195.9193259502949331
          0.9340568244461706
          2.3143652376951214
          0.2278218668369797
          1.2571181816221226
          3.7326498851351624
          0.3518583459847818
          2.4974833732319568
          9.9753095748565315
          0.9201804182848362
        907.7637938920877332
       6224.4831884724044357
        578.8836528097813243
          0.1698256170887761
          0.4108136253975351
          0.0179382040977209
          0.2286304484595767
          0.6545858862930590
          0.0276705763726987
          0.4383109968409703
          1.6884327973111168
          0.0720849425756863
         80.9792855427159139
        754.5865755717057937
         43.5649865059062904
   0    2  0.004122 -0.083416  0.252269 
          0.0000000000000000          -0.0000000000000001           0.0000000000000001
          0.0042618451652972          -0.0016288825449464           0.0080711273600896
          0.0000000000000000          -0.0000000000000000           0.0000000000000001
          0.0018181565505266          -0.0011505135914968           0.0011555418633906
          0.0000000000000000          -0.0000000000000000           0.0000000000000001
          0.0006279564101265          -0.0004174843789322          -0.0000797896096255
         -0.0000000000000000          -0.0000000000000000          -0.0000000000000000
          0.0010062860839490           0.0006325567744395          -0.0008957993953305
         -0.0000000000000000           0.0000000000000000           0.0000000000000000
          0.0025987956974017           0.0019215280810746          -0.0052592157021318
          0.0000000000000000           0.0000000000000000           0.0000000000000000
          0.0026703301412163           0.0028058338629709          -0.0101545911025081
          0.0000000000000000           0.0000000000000000           0.0000000000000000
          0.0002567432729413           0.0016053935266267          -0.0050418567451334
         -0.0000000000000000          -0.0000000000000000           0.0000000000000000
         -0.0000371819233986           0.0000818377979269          -0.0001919808327240
          0.0000000000000000           0.0000000000000003          -0.0000000000000003
          0.0022533462022734           0.0011189521700797          -0.0029303402866094
          0.0039690462802674           0.0010549713998227          -0.0044379139069080
         -0.0000000000000001          -0.0000000000000004          -0.0000000000000008
          0.0096781460338137          -0.0099493373300954           0.0028809896745546
          0.0079624459558200          -0.0098853565598389           0.0043885632948507
          0.0000000000000000          -0.0000000000000002          -0.0000000000000001
          0.0015986276137219           0.0066054805929974           0.0072358192842948
          0.0084014201689371           0.0045848086350558          -0.0229841899432071
         -0.0000000000000002           0.0000000000000004           0.0000000000000001
          0.0164482272768011          -0.0155310984073548           0.0188584792066211
          0.0163882195200417          -0.0172958472842669          -0.0053312355396889
         -0.0000000000000000           0.0000000000000000          -0.0000000000000001
          0.0020251088832384           0.0013965072960270          -0.0046901693747225
          0.0038791975935161           0.0017472432192567          -0.0034727173985308
          0.0000000000000000           0.0000000000000001          -0.0000000000000003
          0.0042124443263859          -0.0067304430555303           0.0024241036219352
          0.0023583556161065          -0.0070811789787596           0.0012066516457462
          0.0000000000000000           0.0000000000000000           0.0000000000000001
          0.0015330116622621           0.0057156666386715           0.0022578596444918
          0.0083256507944229           0.0046554616183339          -0.0204621070208861
         -0.0000000000000000           0.0000000000000005           0.0000000000000005
          0.0059076825485554          -0.0105382340644432           0.0164864056378136
          0.0052839668396035          -0.0130013827776990          -0.0111033689323335
          0.0000000000000000           0.0000000000000001          -0.0000000000000001
          0.0004116505924554          -0.0029423083271764           0.0050820177082420
         -0.0017262965153813          -0.0037743337976507           0.0017197769474446
         -0.0000000000000000          -0.0000000000000002           0.0000000000000003
         -0.0016571625436106          -0.0046086516426183           0.0194745630646470
         -0.0038147493095310          -0.0077617635102760          -0.0078699564363729
         -0.0000000000000000          -0.0000000000000001          -0.0000000000000000
          0.0001128638749591          -0.0001430193874733           0.0073110970711702
         -0.0020951434486103          -0.0012944251445749           0.0036803376941261
          0.0000000000000000          -0.0000000000000000          -0.0000000000000001
         -0.0023455701354258          -0.0001443454675519           0.0216332595146427
         -0.0059307613136342          -0.0036079682741584           0.0000876017106195
          0.0000000000000000           0.0000000000000000           0.0000000000000005
         -0.0203867146379204          -0.0069787036878623           0.0599374453022309
         -0.0184367597648596          -0.0091524913976053          -0.0493848577833627
         -0.0000000000000036           0.0000000000001936          -0.0000000000000871
         52.3681354205370013         -76.7797608690316480        -279.3421788543812454
         63.8960291548444275           8.3455557201944099          13.7544280621518151
          0.0000000000000000           0.0000000000000000           0.0000000000000000
          0.0013474755584523           0.0012357230310698           0.0060578351647041
         -0.0003883613465074           0.0000798085889294           0.0036040839940088
         -0.0000000000000000           0.0000000000000001           0.0000000000000000
          0.0004222837251125           0.0021212655061962           0.0169719166544742
         -0.0031700453578667          -0.0010216408710188           0.0044469056204306
         -0.0000000000000000          -0.0000000000000001           0.0000000000000002
         -0.0087656371476182           0.0022619275690866           0.0551672023058707
         -0.0154155923391561          -0.0037864185124273          -0.0117134345586932
         -0.0000000000000159          -0.0000000000001089           0.0000000000000632
         15.2450239681544151         -38.6355171715722321        -114.4650981758463217
         18.9274253817867830           3.0087615440920272         -19.7372684246292422
         -0.0000000000000000           0.0000000000000000          -0.0000000000000000
          0.0015297056226750           0.0010930201211346           0.0017541790145840
          0.0008830027375071           0.0004561086698207           0.0010578810292744
          0.0000000000000000           0.0000000000000000          -0.0000000000000000
          0.0019084783900184           0.0018816138345490           0.0056061915107314
          0.0003168786510907           0.0002054751974876           0.0023714792534138
          0.0000000000000000          -0.0000000000000000           0.0000000000000000
          0.0017604811006260           0.0044203176082620           0.0218551271733851
         -0.0032109581624809          -0.0005616453626932           0.0033266082618050
         -0.0000000000000013           0.0000000000000060          -0.0000000000000027
          1.3631076352703873          -7.5432408027991666         -14.2051814773988418
          0.6341213445611510           0.3463031621782664          -6.9646925870379510
   1
          0.0042618451652971          -0.0016288825449467           0.0080711273600895
          0.0000000000000000           0.0000000000000000           0.0000000000000000
          0.0018181565505266          -0.0011505135914966           0.0011555418633908
          0.0000000000000000           0.0000000000000000           0.0000000000000000
          0.0006279564101266          -0.0004174843789322          -0.0000797896096257
          0.0000000000000000           0.0000000000000000           0.0000000000000000
          0.0010062860839490           0.0006325567744393          -0.0008957993953306
          0.0000000000000000           0.0000000000000000           0.0000000000000000
          0.0025987956974018           0.0019215280810747          -0.0052592157021319
          0.0000000000000000           0.0000000000000000           0.0000000000000000
          0.0026703301412163           0.0028058338629710          -0.0101545911025082
          0.0000000000000000           0.0000000000000000           0.0000000000000000
          0.0002567432729413           0.0016053935266267          -0.0050418567451334
          0.0000000000000000           0.0000000000000000           0.0000000000000000
         -0.0000371819233986           0.0000818377979269          -0.0001919808327240
          0.0000000000000000           0.0000000000000000           0.0000000000000000
          0.0039690462802659           0.0010549713998227          -0.0044379139069079
          0.0109545710302620          -0.0049788264149934          -0.0084230196872287
          0.0000000000000000           0.0000000000000000           0.0000000000000000
          0.0079624459558206          -0.0098853565598381           0.0043885632948481
          0.0129084134419114          -0.0126819439050462           0.0083243184631124
          0.0000000000000000           0.0000000000000000           0.0000000000000000
          0.0084014201689367           0.0045848086350565          -0.0229841899432043
          0.0257009920109685           0.0025603409405318          -0.0139890721964994
          0.0000000000000000           0.0000000000000000           0.0000000000000000
          0.0163882195200407          -0.0172958472842674          -0.0053312355396889
          0.0296086768342664          -0.0128458940395676           0.0195056041041855
          0.0000000000000000           0.0000000000000000           0.0000000000000000
          0.0038791975935170           0.0017472432192571          -0.0034727173985288
          0.0052953123615477          -0.0035234892569520          -0.0108795661163131
          0.0000000000000000           0.0000000000000000           0.0000000000000000
          0.0023583556161079          -0.0070811789787575           0.0012066516457466
          0.0071797940576994          -0.0071443822620535           0.0063474346107428
          0.0000000000000000           0.0000000000000000           0.0000000000000000
          0.0083256507944210           0.0046554616183327          -0.0204621070208866
          0.0172977394180288           0.0020748069680906          -0.0238796624082236
          0.0000000000000000           0.0000000000000000           0.0000000000000000
          0.0052839668396069          -0.0130013827777001          -0.0111033689323431
          0.0210667028103309          -0.0051669790421128           0.0105743390458828
          0.0000000000000000           0.0000000000000000           0.0000000000000000
         -0.0017262965153828          -0.0037743337976511           0.0017197769474453
          0.0042261119787151          -0.0011774239251209           0.0063714510181758
          0.0000000000000000           0.0000000000000000           0.0000000000000000
         -0.0038147493095308          -0.0077617635102772          -0.0078699564363720
          0.0154695884768920           0.0027144839502897           0.0044979362329562
          0.0000000000000000           0.0000000000000000           0.0000000000000000
         -0.0020951434486102          -0.0012944251445758           0.0036803376941264
          0.0050413808349243           0.0025386433083853           0.0052601273316787
          0.0000000000000000           0.0000000000000000           0.0000000000000000
         -0.0059307613136342          -0.0036079682741575           0.0000876017106201
          0.0143140128976405           0.0070401270518100           0.0000542680742505
          0.0000000000000000           0.0000000000000000           0.0000000000000000
         -0.0184367597648617          -0.0091524913976040          -0.0493848577833657
          0.0711191289553574           0.0375483516774729          -0.1410251439925471
          0.0000000000000000           0.0000000000000000           0.0000000000000000
         63.8960291548442285           8.3455557201917472          13.7544280621487065
        142.7103699180821366         179.5324091744055011        -991.3117572976917700
          0.0000000000000000           0.0000000000000000           0.0000000000000000
         -0.0003883613465075           0.0000798085889290           0.0036040839940083
          0.0062225871685530           0.0036338591131825           0.0016558624491808
          0.0000000000000000           0.0000000000000000           0.0000000000000000
         -0.0031700453578666          -0.0010216408710189           0.0044469056204306
          0.0132214514762230           0.0074432720828792          -0.0043010683619001
          0.0000000000000000           0.0000000000000000           0.0000000000000000
         -0.0154155923391563          -0.0037864185124278          -0.0117134345586937
          0.0478891022801805           0.0299705314830979          -0.0921054371361359
          0.0000000000000000           0.0000000000000000           0.0000000000000000
         18.9274253817867937           3.0087615440926045         -19.7372684246278993
         40.3847467468588874          88.4107092260790779        -463.0631530891684520
          0.0000000000000000           0.0000000000000000           0.0000000000000000
          0.0008830027375071           0.0004561086698206           0.0010578810292744
          0.0041090006848687           0.0022835530008085          -0.0015238130239404
          0.0000000000000000           0.0000000000000000           0.0000000000000000
          0.0003168786510906           0.0002054751974877           0.0023714792534138
          0.0072544126343882           0.0041519617099843          -0.0049630210453842
          0.0000000000000000           0.0000000000000000           0.0000000000000000
         -0.0032109581624811          -0.0005616453626929           0.0033266082618055
          0.0204010873726569           0.0139238283387925          -0.0342639466975217
          0.0000000000000000           0.0000000000000000           0.0000000000000000
          0.6341213445611398           0.3463031621782040          -6.9646925870377263
          1.8557050415422189          21.6643779510466281         -96.5167506919424056
          0.0000000000000000           0.0000000000000000           0.0000000000000000
   0
         -0.0000000000000000           0.0000000000000001          -0.0000000000000001
          0.0000000000000000           0.0000000000000000           0.0000000000000000
         -0.0000000000000000           0.0000000000000000          -0.0000000000000001
          0.0000000000000000           0.0000000000000000           0.0000000000000000
         -0.0000000000000000           0.0000000000000000          -0.0000000000000001
          0.0000000000000000           0.0000000000000000           0.0000000000000000
          0.0000000000000000           0.0000000000000000           0.0000000000000000
          0.0000000000000000           0.0000000000000000           0.0000000000000000
          0.0000000000000000           0.0000000000000000           0.0000000000000000
          0.0000000000000000           0.0000000000000000           0.0000000000000000
         -0.0000000000000000          -0.0000000000000000          -0.0000000000000000
          0.0000000000000000           0.0000000000000000           0.0000000000000000
         -0.0000000000000000           0.0000000000000000           0.0000000000000000
          0.0000000000000000           0.0000000000000000           0.0000000000000000
          0.0000000000000000           0.0000000000000000           0.0000000000000000
          0.0000000000000000           0.0000000000000000           0.0000000000000000
          0.0000000000000001           0.0000000000000000          -0.0000000000000002
          0.0087012248279890          -0.0060977785850717          -0.0054926794006185
          0.0000000000000000           0.0000000000000000           0.0000000000000000
         -0.0000000000000004           0.0000000000000006           0.0000000000000005
          0.0032302674080980          -0.0027326065749466           0.0054433287885601
          0.0000000000000000           0.0000000000000000           0.0000000000000000
         -0.0000000000000001          -0.0000000000000000           0.0000000000000006
          0.0241023643972466          -0.0040451396524658          -0.0212248914807948
          0.0000000000000000           0.0000000000000000           0.0000000000000000
          0.0000000000000001           0.0000000000000006          -0.0000000000000003
          0.0131604495574643           0.0026852043677847           0.0006471248975721
          0.0000000000000000           0.0000000000000000           0.0000000000000000
          0.0000000000000001           0.0000000000000001          -0.0000000000000003
          0.0032702034783087          -0.0049199965529792          -0.0061893967415904
          0.0000000000000000           0.0000000000000000           0.0000000000000000
         -0.0000000000000001          -0.0000000000000000           0.0000000000000003
          0.0029673497313135          -0.0004139392065246           0.0039233309888052
          0.0000000000000000           0.0000000000000000           0.0000000000000000
          0.0000000000000000           0.0000000000000000           0.0000000000000000
          0.0157647277557664          -0.0036408596705808          -0.0261375220527153
          0.0000000000000000           0.0000000000000000           0.0000000000000000
          0.0000000000000000          -0.0000000000000007           0.0000000000000001
          0.0151590202617760           0.0053712550223295          -0.0059120665919229
          0.0000000000000000           0.0000000000000000           0.0000000000000000
          0.0000000000000002           0.0000000000000002           0.0000000000000001
          0.0038144613862606           0.0017648844020562           0.0012894333099336
          0.0000000000000000           0.0000000000000000           0.0000000000000000
         -0.0000000000000000          -0.0000000000000002          -0.0000000000000001
          0.0171267510205022           0.0073231355929057          -0.0149766268316910
          0.0000000000000000           0.0000000000000000           0.0000000000000000
         -0.0000000000000000          -0.0000000000000000           0.0000000000000001
          0.0049285169599654           0.0026816626958586          -0.0020509697394908
          0.0000000000000000           0.0000000000000000           0.0000000000000000
          0.0000000000000001          -0.0000000000000002           0.0000000000000003
          0.0166595830330669           0.0071844725193588          -0.0215789914403942
          0.0000000000000000           0.0000000000000000           0.0000000000000000
         -0.0000000000000001          -0.0000000000000001          -0.0000000000000001
          0.0915058435932757           0.0445270553653315          -0.2009625892947814
          0.0000000000000000           0.0000000000000000           0.0000000000000000
         -0.0000000000000418           0.0000000000000080          -0.0000000000005723
         90.3422344975424920         256.3121700434337527        -711.9695784433080235
          0.0000000000000000           0.0000000000000000           0.0000000000000000
         -0.0000000000000000          -0.0000000000000000           0.0000000000000000
          0.0048751116101007           0.0023981360821131          -0.0044019727155225
          0.0000000000000000           0.0000000000000000           0.0000000000000000
         -0.0000000000000000           0.0000000000000000           0.0000000000000000
          0.0127991677511113           0.0053220065766826          -0.0212729850163739
          0.0000000000000000           0.0000000000000000           0.0000000000000000
          0.0000000000000000           0.0000000000000000          -0.0000000000000001
          0.0566547394277977           0.0277086039140117          -0.1472726394420033
          0.0000000000000000           0.0000000000000000           0.0000000000000000
         -0.0000000000000245          -0.0000000000000149           0.0000000000000252
         25.1397227787037352         127.0462263976504573        -348.5980549133157069
          0.0000000000000000           0.0000000000000000           0.0000000000000000
          0.0000000000000000           0.0000000000000000          -0.0000000000000000
          0.0025792950621936           0.0011905328796737          -0.0032779920385246
          0.0000000000000000           0.0000000000000000           0.0000000000000000
         -0.0000000000000000           0.0000000000000000           0.0000000000000000
          0.0053459342443696           0.0022703478754354          -0.0105692125561156
          0.0000000000000000           0.0000000000000000           0.0000000000000000
          0.0000000000000000          -0.0000000000000000          -0.0000000000000000
          0.0186406062720310           0.0095035107305304          -0.0561190738709073
          0.0000000000000000           0.0000000000000000           0.0000000000000000
         -0.0000000000000001           0.0000000000000043           0.0000000000000082
          0.4925974062717801          29.2076187538457468         -82.3115692145435247
          0.0000000000000000           0.0000000000000000           0.0000000000000000
