1  82   2   1   2   -6.231056   0.000000
  0 
./DATA/100/00/GA/G008/M021/
0
          4.8311295803038403
          3.2410846639133637
          2.1809174924043826
          1.2849747892359371
          0.5871101104108876
          0.1867138442662225
          0.0125340924422969
          0.0000667418963874
          1.9025306644839293
          5.2443921450653113
          0.7447747616428319
          4.0866362422242162
          1.3240005473700478
          3.6661510054283042
          0.5090785718243050
          2.8512290298825640
          2.0366592477298915
          1.5782925938406578
          0.9399441912714921
          0.7248488319285226
          0.4624649421214959
          0.0751802481385171
          0.3335992482882363
          0.2557444408897211
          0.1595992191084052
          0.0211943094066054
          0.0476506317371194
          0.0362556334103250
          0.0219751996087209
          0.0021230726514820
          6.1093430648361107
          4.2973402629517210
          3.0146617233735316
          1.8689268960392580
          0.9216469799991108
          0.3324872049000565
          0.0313004269192157
          0.0003504979571223
          7.3711176004636947
         21.6818445840727492
          2.8328040627054834
         17.1435310463145463
          5.3314534914794551
         15.6883359776388751
          2.0226395933723058
         12.3795220795317249
          9.1794999800692327
          7.2182114454030089
          4.5075674867903421
          3.5279905870985453
          2.3245865764239242
          0.4464190932180020
          1.7349763831762604
          1.3500702263440114
          0.8692538381051609
          0.1403444101733832
          0.2971965063876520
          0.2293728658515551
          0.1423804098930836
          0.0162536996254783
          4.2633507230133878
         10.2631303692548261
          1.8312832562599335
          7.8310629025013814
          3.0625322536106263
          7.4473624809485433
          1.2915734824307223
          5.6764037097686391
          4.3739349484959780
          3.3247548551542661
          2.1544702629780770
          1.6295288025198853
          1.0053133389269422
          0.1425914363454552
          0.8303842995305960
          0.6230611348915674
          0.3736309655209443
          0.0441124874218492
          0.1419523905206334
          0.1050058820895271
          0.0599386029058843
          0.0047826233774790
1
          4.8311295803038403
          3.2410846639133633
          2.1809174924043830
          1.2849747892359369
          0.5871101104108876
          0.1867138442662225
          0.0125340924422969
          0.0000667418963874
          1.9025306644839293
          5.2443921450653130
          0.7447747616428317
          4.0866362422242162
          1.3240005473700474
          3.6661510054283037
          0.5090785718243049
          2.8512290298825627
          2.0366592477298915
          1.5782925938406578
          0.9399441912714919
          0.7248488319285225
          0.4624649421214960
          0.0751802481385171
          0.3335992482882367
          0.2557444408897211
          0.1595992191084052
          0.0211943094066054
          0.0476506317371193
          0.0362556334103250
          0.0219751996087209
          0.0021230726514820
          6.1093430648361107
          4.2973402629517210
          3.0146617233735311
          1.8689268960392587
          0.9216469799991108
          0.3324872049000565
          0.0313004269192157
          0.0003504979571223
          7.3711176004636938
         21.6818445840727492
          2.8328040627054851
         17.1435310463145356
          5.3314534914794587
         15.6883359776388733
          2.0226395933723027
         12.3795220795317356
          9.1794999800692327
          7.2182114454030195
          4.5075674867903484
          3.5279905870985435
          2.3245865764239237
          0.4464190932180026
          1.7349763831762612
          1.3500702263440105
          0.8692538381051608
          0.1403444101733832
          0.2971965063876522
          0.2293728658515553
          0.1423804098930835
          0.0162536996254783
          4.2633507230133851
         10.2631303692548261
          1.8312832562599326
          7.8310629025013814
          3.0625322536106205
          7.4473624809485370
          1.2915734824307223
          5.6764037097686373
          4.3739349484959789
          3.3247548551542625
          2.1544702629780783
          1.6295288025198855
          1.0053133389269426
          0.1425914363454552
          0.8303842995305960
          0.6230611348915676
          0.3736309655209443
          0.0441124874218491
          0.1419523905206335
          0.1050058820895271
          0.0599386029058844
          0.0047826233774790
   0    2 -0.598244 -0.764196  0.541836 
          0.0000000000000001          -0.0000000000000002          -0.0000000000000001
         -0.0000000000000000           0.0000000000000000           0.0000000000000000
         -0.0000000000000000          -0.0000000000000001           0.0000000000000001
          0.0000000000000000          -0.0000000000000001           0.0000000000000000
          0.0000000000000000          -0.0000000000000001          -0.0000000000000000
          0.0000000000000000          -0.0000000000000000           0.0000000000000000
          0.0000000000000000          -0.0000000000000000           0.0000000000000000
          0.0000000000000000           0.0000000000000000           0.0000000000000000
         -0.0000000000000001           0.0000000000000003          -0.0000000000000001
         -0.0000000000000001          -0.0000000000000001          -0.0000000000000001
          0.0000000000000000           0.0000000000000001           0.0000000000000000
          0.0000000000000000          -0.0000000000000009           0.0000000000000003
         -0.0000000000000000           0.0000000000000002          -0.0000000000000000
          0.0000000000000000           0.0000000000000005           0.0000000000000003
          0.0000000000000000           0.0000000000000001          -0.0000000000000000
          0.0000000000000000           0.0000000000000000          -0.0000000000000002
          0.0000000000000001           0.0000000000000000           0.0000000000000001
         -0.0000000000000001           0.0000000000000002           0.0000000000000001
         -0.0000000000000001          -0.0000000000000000           0.0000000000000000
          0.0000000000000001           0.0000000000000002          -0.0000000000000000
          0.0000000000000000           0.0000000000000000          -0.0000000000000000
         -0.0000000000000000           0.0000000000000000           0.0000000000000000
         -0.0000000000000000           0.0000000000000001          -0.0000000000000000
         -0.0000000000000000          -0.0000000000000000           0.0000000000000000
         -0.0000000000000000          -0.0000000000000000           0.0000000000000000
          0.0000000000000000           0.0000000000000000           0.0000000000000000
          0.0000000000000000          -0.0000000000000000          -0.0000000000000000
          0.0000000000000000           0.0000000000000000           0.0000000000000000
         -0.0000000000000000           0.0000000000000000          -0.0000000000000000
          0.0000000000000000           0.0000000000000000          -0.0000000000000000
          0.0039569825504355           0.0099929712326896           0.0279681117935320
          0.0057473862789175           0.0171289195235165          -0.0021464668847367
          0.0159303858897988           0.0000293855234937          -0.0129989321861619
          0.0347044012182368          -0.0135491231798204          -0.0239213687510682
          0.0533549436181704           0.0013056856014452          -0.0413200985516359
          0.0500634645893357           0.0275002697967926          -0.0454274049374498
          0.0143954031142216           0.0154060520935715          -0.0134365210532693
          0.0003439717164511           0.0006029485119783          -0.0002944144317296
          0.0831069996719125           0.0254061843196499          -0.0653337876035139
          0.0033130454400963           0.0938592655817023          -0.0166853247975120
          0.0600071121713826          -0.0330344046521482          -0.0232675209252658
         -0.0197868420604359           0.0354186766099021           0.0253809418807342
          0.0739966645554706           0.0301816097034772          -0.0627456807818135
          0.0190075948595556           0.0212634504737284          -0.0271576770409268
          0.0476607835482072          -0.0110819106334414          -0.0229324822466309
         -0.0073282861477071          -0.0200000698631902           0.0126555214942563
          0.0400539128494675          -0.0588587651318508          -0.0261516226114718
          0.0110762197345680          -0.0823607429081930           0.0088506832073274
          0.0531814782161696          -0.0956443270997455          -0.0192137810771159
          0.0254616722310447          -0.1082242987932387           0.0090839429489877
         -0.0065515090863478          -0.0646294309647734           0.0160283202894085
          0.0017049354033798           0.0812185529620986          -0.0284993261287136
          0.0494663065320269          -0.0797008213162987          -0.0142532464894329
          0.0283446054702672          -0.0870202756850895           0.0055063361537789
          0.0044518891525540          -0.0629919436337937           0.0131421902097654
          0.0008572762566206           0.0307993639251444          -0.0133888264644425
          0.0240172628328916          -0.0266087913098843          -0.0088783891289205
          0.0154173236034474          -0.0300710883277183          -0.0009089053114487
          0.0054562467309984          -0.0252168284063466           0.0041296431284663
         -0.0000752173382067           0.0032542053401159          -0.0019907152607455
          0.1018631498978160          -0.0673686019000814          -0.0693014628311702
         -0.0154431047858092           0.1866340518014321          -0.0127176495698558
          0.0761641392738150           0.0019473907576903          -0.0645039391862966
         -0.0411421154098105           0.2559500444592039          -0.0079201259249829
          0.1006481743267328          -0.0751323704608902          -0.0646659936525631
         -0.0076439149117062           0.1265774306380977          -0.0252373641701766
          0.0703405138681570          -0.0051258572052084          -0.0571673901101062
         -0.0379515753702810           0.1965839438937809          -0.0177387606277202
          0.0103597755746191           0.0465714408763891          -0.0270822110347178
         -0.0233826102658196           0.1085272593146074          -0.0164086564995275
          0.0286536353719076          -0.0092597115120788          -0.0224299664377955
         -0.0032364784676846           0.0351077899263088          -0.0097175202604656
         -0.0173566286976953           0.0552059142008770          -0.0068427769782909
          0.0092384990430839          -0.0000386674756682          -0.0088987932144986
          0.0347316678539016          -0.0250221099082103          -0.0181570422132548
          0.0109613464215843          -0.0017441555086380          -0.0063109589259771
         -0.0048953368573424           0.0143080832458693          -0.0005399633646278
          0.0021473556837495           0.0030719725505951          -0.0044500423792559
          0.0197121350534129          -0.0094860467406145          -0.0109370545613425
          0.0102183366388313          -0.0047130739345628          -0.0049246728403147
          0.0020389311206238          -0.0005610613026884          -0.0003565809411447
          0.0000141788261899           0.0006901343519810          -0.0005862929973379
   1
          0.0000000000000000           0.0000000000000000           0.0000000000000000
          0.0000000000000000           0.0000000000000000           0.0000000000000000
          0.0000000000000000           0.0000000000000000           0.0000000000000000
          0.0000000000000000           0.0000000000000000           0.0000000000000000
          0.0000000000000000           0.0000000000000000           0.0000000000000000
          0.0000000000000000           0.0000000000000000           0.0000000000000000
          0.0000000000000000           0.0000000000000000           0.0000000000000000
          0.0000000000000000           0.0000000000000000           0.0000000000000000
          0.0000000000000000           0.0000000000000000           0.0000000000000000
          0.0000000000000000           0.0000000000000000           0.0000000000000000
          0.0000000000000000           0.0000000000000000           0.0000000000000000
          0.0000000000000000           0.0000000000000000           0.0000000000000000
          0.0000000000000000           0.0000000000000000           0.0000000000000000
          0.0000000000000000           0.0000000000000000           0.0000000000000000
          0.0000000000000000           0.0000000000000000           0.0000000000000000
          0.0000000000000000           0.0000000000000000           0.0000000000000000
          0.0000000000000000           0.0000000000000000           0.0000000000000000
          0.0000000000000000           0.0000000000000000           0.0000000000000000
          0.0000000000000000           0.0000000000000000           0.0000000000000000
          0.0000000000000000           0.0000000000000000           0.0000000000000000
          0.0000000000000000           0.0000000000000000           0.0000000000000000
          0.0000000000000000           0.0000000000000000           0.0000000000000000
          0.0000000000000000           0.0000000000000000           0.0000000000000000
          0.0000000000000000           0.0000000000000000           0.0000000000000000
          0.0000000000000000           0.0000000000000000           0.0000000000000000
          0.0000000000000000           0.0000000000000000           0.0000000000000000
          0.0000000000000000           0.0000000000000000           0.0000000000000000
          0.0000000000000000           0.0000000000000000           0.0000000000000000
          0.0000000000000000           0.0000000000000000           0.0000000000000000
          0.0000000000000000           0.0000000000000000           0.0000000000000000
          0.0039569825504355           0.0099929712326893           0.0279681117935320
          0.0057473862789174           0.0171289195235164          -0.0021464668847368
          0.0159303858897989           0.0000293855234937          -0.0129989321861619
          0.0347044012182368          -0.0135491231798204          -0.0239213687510682
          0.0533549436181703           0.0013056856014451          -0.0413200985516359
          0.0500634645893357           0.0275002697967927          -0.0454274049374498
          0.0143954031142216           0.0154060520935715          -0.0134365210532693
          0.0003439717164511           0.0006029485119783          -0.0002944144317296
          0.0256815555468419           0.2114319541579243          -0.0485537270013604
          0.1471585346771719           0.0270989456447790          -0.1154844978006893
          0.0894679308588982           0.1046050307094438          -0.0649578423482709
          0.2109449099892292          -0.0797279778037034          -0.1318886131476019
          0.0172512620078375           0.1672032210174522          -0.0528131473936678
          0.1687572568222141          -0.0643131006630335          -0.1269935682518114
          0.0633214602955448           0.1131238766297546          -0.0674144688133224
          0.2148274551099228          -0.1183924450507331          -0.1415948896714657
          0.1900890182752298          -0.1458244489326597          -0.1238369785991397
          0.2104609881756228          -0.1462208896106130          -0.1356439174608986
          0.1867572453440677          -0.1586050420977647          -0.1081368524225177
          0.1848499451954995          -0.1330490917267972          -0.1141005763857883
          0.1737882001860958          -0.0269620880992565          -0.1403624304836257
          0.0760871484925685           0.1464314849583979          -0.0879628069045223
          0.1458938485923857          -0.1081915830912753          -0.0829952228399265
          0.1329126576482008          -0.0842945377230130          -0.0818104233513846
          0.1094588669433952          -0.0236063807666126          -0.0846681830969046
          0.0327413536464169           0.0599311331438690          -0.0372866918167801
          0.0615897157160642          -0.0278854918772067          -0.0388731195691900
          0.0522935013934295          -0.0209668015393719          -0.0346733675326064
          0.0378558646522741          -0.0073798975837613          -0.0284644472083132
          0.0063829983548735           0.0092289430032057          -0.0066723927135452
          0.1018631498978161          -0.0673686019000806          -0.0693014628311703
         -0.0154431047858089           0.1866340518014337          -0.0127176495698564
          0.0761641392738153           0.0019473907576894          -0.0645039391862968
         -0.0411421154098100           0.2559500444592026          -0.0079201259249824
          0.1006481743267315          -0.0751323704608902          -0.0646659936525630
         -0.0076439149117069           0.1265774306380993          -0.0252373641701773
          0.0703405138681567          -0.0051258572052087          -0.0571673901101063
         -0.0379515753702819           0.1965839438937806          -0.0177387606277209
          0.0103597755746184           0.0465714408763892          -0.0270822110347175
         -0.0233826102658202           0.1085272593146075          -0.0164086564995270
          0.0286536353719077          -0.0092597115120794          -0.0224299664377956
         -0.0032364784676846           0.0351077899263082          -0.0097175202604657
         -0.0173566286976954           0.0552059142008769          -0.0068427769782907
          0.0092384990430839          -0.0000386674756681          -0.0088987932144986
          0.0347316678539015          -0.0250221099082106          -0.0181570422132548
          0.0109613464215843          -0.0017441555086379          -0.0063109589259771
         -0.0048953368573424           0.0143080832458696          -0.0005399633646278
          0.0021473556837495           0.0030719725505951          -0.0044500423792558
          0.0197121350534130          -0.0094860467406145          -0.0109370545613425
          0.0102183366388313          -0.0047130739345627          -0.0049246728403147
          0.0020389311206238          -0.0005610613026884          -0.0003565809411447
          0.0000141788261899           0.0006901343519810          -0.0005862929973379
   0
         -0.0000000000000001           0.0000000000000002           0.0000000000000001
          0.0000000000000000          -0.0000000000000000           0.0000000000000000
          0.0000000000000000           0.0000000000000001          -0.0000000000000001
         -0.0000000000000000           0.0000000000000001           0.0000000000000000
         -0.0000000000000000           0.0000000000000001           0.0000000000000000
         -0.0000000000000000           0.0000000000000000          -0.0000000000000000
         -0.0000000000000000           0.0000000000000000           0.0000000000000000
          0.0000000000000000          -0.0000000000000000          -0.0000000000000000
         -0.0000000000000003           0.0000000000000023           0.0000000000000009
          0.0000000000000005           0.0000000000000010          -0.0000000000000004
         -0.0000000000000000           0.0000000000000001           0.0000000000000000
          0.0000000000000001          -0.0000000000000022          -0.0000000000000003
         -0.0000000000000000          -0.0000000000000003           0.0000000000000002
          0.0000000000000003          -0.0000000000000000           0.0000000000000001
         -0.0000000000000001           0.0000000000000001          -0.0000000000000000
         -0.0000000000000001          -0.0000000000000002          -0.0000000000000003
          0.0000000000000001           0.0000000000000011          -0.0000000000000002
         -0.0000000000000001           0.0000000000000003           0.0000000000000002
          0.0000000000000000          -0.0000000000000000           0.0000000000000001
          0.0000000000000000          -0.0000000000000002          -0.0000000000000000
          0.0000000000000001           0.0000000000000000          -0.0000000000000000
          0.0000000000000000           0.0000000000000000           0.0000000000000000
         -0.0000000000000000           0.0000000000000001          -0.0000000000000001
          0.0000000000000000           0.0000000000000001           0.0000000000000001
         -0.0000000000000000          -0.0000000000000001          -0.0000000000000000
          0.0000000000000000           0.0000000000000000          -0.0000000000000000
          0.0000000000000000          -0.0000000000000000           0.0000000000000000
          0.0000000000000000          -0.0000000000000000           0.0000000000000000
         -0.0000000000000000          -0.0000000000000000          -0.0000000000000000
          0.0000000000000000           0.0000000000000000           0.0000000000000000
          0.0000000000000000           0.0000000000000000           0.0000000000000000
          0.0000000000000000           0.0000000000000000           0.0000000000000000
          0.0000000000000000           0.0000000000000000           0.0000000000000000
          0.0000000000000000           0.0000000000000000           0.0000000000000000
          0.0000000000000000           0.0000000000000000           0.0000000000000000
          0.0000000000000000           0.0000000000000000           0.0000000000000000
          0.0000000000000000           0.0000000000000000           0.0000000000000000
          0.0000000000000000           0.0000000000000000           0.0000000000000000
         -0.0574254441250718           0.1860257698382714           0.0167800606021528
          0.1438454892370780          -0.0667603199369180          -0.0987991730031784
          0.0294608186875156           0.1376394353615920          -0.0416903214230046
          0.2307317520496657          -0.1151466544136039          -0.1572695550283354
         -0.0567454025476330           0.1370216113139750           0.0099325333881456
          0.1497496619626575          -0.0855765511367666          -0.0998358912108854
          0.0156606767473374           0.1242057872631967          -0.0444819865666913
          0.2221557412576294          -0.0983923751875467          -0.1542504111657208
          0.1500351054257608          -0.0869656838008105          -0.0976853559876686
          0.1993847684410545          -0.0638601467024209          -0.1444946006682253
          0.1335757671278981          -0.0629607149980183          -0.0889230713454023
          0.1593882729644557          -0.0248247929335581          -0.1231845193347756
          0.1803397092724439           0.0376673428655165          -0.1563907507730345
          0.0743822130891886           0.0652129319962994          -0.0594634807758086
          0.0964275420603592          -0.0284907617749760          -0.0687419763504931
          0.1045680521779334           0.0027257379620762          -0.0873167595051635
          0.1050069777908413           0.0393855628671811          -0.0978103733066697
          0.0318840773897963           0.0291317692187247          -0.0238978653523377
          0.0375724528831727          -0.0012767005673223          -0.0299947304402694
          0.0368761777899821           0.0091042867883464          -0.0337644622211577
          0.0323996179212757           0.0178369308225852          -0.0325940903367795
          0.0064582156930802           0.0059747376630898          -0.0046816774527997
          0.0000000000000000           0.0000000000000000           0.0000000000000000
          0.0000000000000000           0.0000000000000000           0.0000000000000000
          0.0000000000000000           0.0000000000000000           0.0000000000000000
          0.0000000000000000           0.0000000000000000           0.0000000000000000
          0.0000000000000000           0.0000000000000000           0.0000000000000000
          0.0000000000000000           0.0000000000000000           0.0000000000000000
          0.0000000000000000           0.0000000000000000           0.0000000000000000
          0.0000000000000000           0.0000000000000000           0.0000000000000000
          0.0000000000000000           0.0000000000000000           0.0000000000000000
          0.0000000000000000           0.0000000000000000           0.0000000000000000
          0.0000000000000000           0.0000000000000000           0.0000000000000000
          0.0000000000000000           0.0000000000000000           0.0000000000000000
          0.0000000000000000           0.0000000000000000           0.0000000000000000
          0.0000000000000000           0.0000000000000000           0.0000000000000000
          0.0000000000000000           0.0000000000000000           0.0000000000000000
          0.0000000000000000           0.0000000000000000           0.0000000000000000
          0.0000000000000000           0.0000000000000000           0.0000000000000000
          0.0000000000000000           0.0000000000000000           0.0000000000000000
          0.0000000000000000           0.0000000000000000           0.0000000000000000
          0.0000000000000000           0.0000000000000000           0.0000000000000000
          0.0000000000000000           0.0000000000000000           0.0000000000000000
          0.0000000000000000           0.0000000000000000           0.0000000000000000
