1  82   2   1   2   -6.398168   0.000000
  0 
./DATA/100/00/GA/G008/M024/
0
          4.8106555795931394
          3.2471820314520969
          2.1967464659540052
          1.2996215551422563
          0.5910007962682808
          0.1817525549273556
          0.0103852629432205
          0.0000368105868279
          1.8937006951316244
          5.2679206374341971
          0.7211691274641151
          4.0953890697666884
          1.3250967309188042
          3.7104845914224018
          0.4908800004389189
          2.8762678609425194
          2.0907939932382642
          1.6124261770813701
          0.9880057332041920
          0.7568193476758910
          0.4652603415642989
          0.0646962964493061
          0.3655142133029183
          0.2778511895607785
          0.1656117630325777
          0.0166983331458814
          0.0575663872891437
          0.0433991500866849
          0.0249996030998231
          0.0014646956011752
          6.1603067970618888
          4.3196844668794325
          3.0233708322900084
          1.8695672123823539
          0.9175884028583816
          0.3276108206545439
          0.0299185213360966
          0.0003034839413529
          7.4905430304859051
         21.8120408132172123
          2.8902615305537496
         17.2117593132850430
          5.4113308696950888
         15.7941401446431300
          2.0571578387161664
         12.4399671136642009
          9.2490937327802047
          7.2615885748182203
          4.5394430460641688
          3.5489647788561633
          2.3342868986852068
          0.4380325226343834
          1.7380529657715271
          1.3519576209942694
          0.8703009664048732
          0.1380219064654337
          0.2895617563472100
          0.2238182346402935
          0.1395710169323564
          0.0160268111947946
          4.2335251248360661
         10.4177667970154939
          1.7918352215148317
          7.9760768936942599
          3.0481737256132444
          7.5545617815558685
          1.2668371675137404
          5.7732252234563646
          4.4308191547954179
          3.3726800863471436
          2.1757643748166844
          1.6455208286873975
          1.0108821809857143
          0.1336658991712056
          0.8318079667948866
          0.6230775335996587
          0.3708732878752496
          0.0398635254635957
          0.1376498320601054
          0.1013820915749613
          0.0572290414812108
          0.0040838412911631
1
          4.8106555795931394
          3.2471820314520965
          2.1967464659540057
          1.2996215551422563
          0.5910007962682808
          0.1817525549273556
          0.0103852629432205
          0.0000368105868279
          1.8937006951316244
          5.2679206374341980
          0.7211691274641151
          4.0953890697666848
          1.3250967309188042
          3.7104845914224014
          0.4908800004389189
          2.8762678609425176
          2.0907939932382638
          1.6124261770813704
          0.9880057332041916
          0.7568193476758911
          0.4652603415642987
          0.0646962964493061
          0.3655142133029184
          0.2778511895607784
          0.1656117630325777
          0.0166983331458814
          0.0575663872891437
          0.0433991500866849
          0.0249996030998231
          0.0014646956011752
          6.1603067970618897
          4.3196844668794325
          3.0233708322900079
          1.8695672123823530
          0.9175884028583817
          0.3276108206545439
          0.0299185213360966
          0.0003034839413529
          7.4905430304859113
         21.8120408132171910
          2.8902615305537513
         17.2117593132850324
          5.4113308696950932
         15.7941401446431318
          2.0571578387161633
         12.4399671136641974
          9.2490937327802047
          7.2615885748182150
          4.5394430460641626
          3.5489647788561616
          2.3342868986852059
          0.4380325226343833
          1.7380529657715262
          1.3519576209942687
          0.8703009664048721
          0.1380219064654337
          0.2895617563472100
          0.2238182346402935
          0.1395710169323565
          0.0160268111947946
          4.2335251248360644
         10.4177667970154868
          1.7918352215148341
          7.9760768936942634
          3.0481737256132453
          7.5545617815558712
          1.2668371675137404
          5.7732252234563690
          4.4308191547954205
          3.3726800863471418
          2.1757643748166848
          1.6455208286873979
          1.0108821809857143
          0.1336658991712057
          0.8318079667948862
          0.6230775335996589
          0.3708732878752496
          0.0398635254635957
          0.1376498320601054
          0.1013820915749613
          0.0572290414812108
          0.0040838412911631
   0    2  0.286251  0.173031  0.362417 
         -0.0000000000000001          -0.0000000000000000           0.0000000000000002
         -0.0000000000000000           0.0000000000000000          -0.0000000000000001
         -0.0000000000000000          -0.0000000000000000          -0.0000000000000002
          0.0000000000000000          -0.0000000000000000          -0.0000000000000000
          0.0000000000000000           0.0000000000000000           0.0000000000000000
          0.0000000000000000           0.0000000000000000          -0.0000000000000000
          0.0000000000000000           0.0000000000000000           0.0000000000000000
          0.0000000000000000          -0.0000000000000000           0.0000000000000000
         -0.0000000000000001           0.0000000000000000          -0.0000000000000001
         -0.0000000000000001           0.0000000000000004           0.0000000000000006
         -0.0000000000000000          -0.0000000000000001          -0.0000000000000001
          0.0000000000000001           0.0000000000000001          -0.0000000000000004
         -0.0000000000000000           0.0000000000000001          -0.0000000000000003
         -0.0000000000000002           0.0000000000000001           0.0000000000000008
         -0.0000000000000000           0.0000000000000000          -0.0000000000000000
          0.0000000000000000           0.0000000000000001           0.0000000000000000
          0.0000000000000005           0.0000000000000002           0.0000000000000000
         -0.0000000000000001          -0.0000000000000001           0.0000000000000002
         -0.0000000000000000          -0.0000000000000001          -0.0000000000000000
         -0.0000000000000000           0.0000000000000000           0.0000000000000000
         -0.0000000000000000          -0.0000000000000000           0.0000000000000001
          0.0000000000000000          -0.0000000000000000          -0.0000000000000000
         -0.0000000000000000           0.0000000000000000          -0.0000000000000000
         -0.0000000000000000           0.0000000000000000           0.0000000000000000
          0.0000000000000000          -0.0000000000000000           0.0000000000000000
          0.0000000000000000           0.0000000000000000          -0.0000000000000000
         -0.0000000000000000           0.0000000000000000          -0.0000000000000000
         -0.0000000000000000           0.0000000000000000          -0.0000000000000000
          0.0000000000000000          -0.0000000000000000           0.0000000000000000
          0.0000000000000000           0.0000000000000000           0.0000000000000000
          0.0024235801352167           0.0344984844086586           0.0188556824516408
         -0.0000787329866645           0.0085991526602685           0.0046077527180291
         -0.0004517058453423           0.0028731933071732          -0.0003448955855185
         -0.0006753380526155           0.0037187333517253          -0.0025526302156726
         -0.0041699412489490           0.0015335117254749          -0.0063768421159383
         -0.0090245530655998          -0.0054442471028738          -0.0114157290410197
         -0.0048920241468940          -0.0037183233002603          -0.0067699112162628
         -0.0001664731319092          -0.0000955257020796          -0.0003045783308675
         -0.0087567785797873          -0.0069655774879712          -0.0087142126014639
          0.0041883570644324           0.0408320125253324           0.0235960621992825
          0.0030100063903509          -0.0052382635325558           0.0050408426937687
          0.0159551420345717           0.0425593264807475           0.0373511174945153
         -0.0098864277954895          -0.0079714949713854          -0.0112490565163971
          0.0049768196982512           0.0241023175120698           0.0127133073535602
          0.0002346732367023          -0.0067964244021858           0.0011433587098289
          0.0150979207304437           0.0252773880812701           0.0251057225797869
          0.0081531854492958           0.0172976602332231           0.0073952822231450
          0.0160216697718681           0.0170987889669468           0.0174543149712236
          0.0109077052980230           0.0177529000249919           0.0077637405680698
          0.0166343010699809           0.0166265319610064           0.0151862172293890
          0.0124367461000685           0.0079839453668511           0.0116715335153788
         -0.0210125838175589          -0.0116900064983827          -0.0200908372808994
          0.0101431962657917           0.0151337471320608           0.0082555574390880
          0.0138854685084571           0.0142450065077842           0.0128882609207379
          0.0117499324035453           0.0093048935944572           0.0109861491620854
         -0.0087485970989685          -0.0049200333526293          -0.0083589087668030
          0.0045281540939542           0.0052719431495667           0.0049308100610767
          0.0059703289040742           0.0053821507487439           0.0063555950600064
          0.0055890448006366           0.0044743862792696           0.0056637203421293
         -0.0011221573390205          -0.0004877540719349          -0.0010906792503525
          0.0026428462854428           0.0188321929197765          -0.0010480108234145
         -0.0072112678007991           0.0150342421175847           0.0159298604212316
         -0.0114836037609801           0.0051757030143294          -0.0157414195655673
         -0.0213377178472216           0.0013777522121378           0.0012364516790786
          0.0038479226291119           0.0186627631814610          -0.0004563191445076
         -0.0087575307263499          -0.0025319406407754           0.0019205699816696
         -0.0085711069182609           0.0057792316174739          -0.0124599136943927
         -0.0211765602737212          -0.0154154722047623          -0.0100830245682152
         -0.0070931520719300          -0.0063900766330504          -0.0067493748604288
         -0.0166892593687145          -0.0180358707939459          -0.0155234834602500
         -0.0033163475395090           0.0007843949292253          -0.0072555944203676
         -0.0095637074472083          -0.0083048050967980          -0.0130186270114996
         -0.0098766905717428          -0.0125261645613022          -0.0128882627994164
          0.0018717990912236           0.0007188440748591           0.0057384752777435
         -0.0003516024680782           0.0060235853692453          -0.0038294689154038
         -0.0034643614838378           0.0007926660137156          -0.0070501268317064
         -0.0044493420117895          -0.0033156817290659          -0.0079019170115436
         -0.0002224922313115          -0.0010963834129266           0.0011128956453385
          0.0004647577811590           0.0031083394895328           0.0000465410798433
         -0.0002389397250521           0.0021080041905507          -0.0010763506826087
         -0.0006868130290961           0.0009133674705242          -0.0018638097012025
         -0.0001281773067243          -0.0002983645479260          -0.0000735815338596
   1
          0.0000000000000000           0.0000000000000000           0.0000000000000000
          0.0000000000000000           0.0000000000000000           0.0000000000000000
          0.0000000000000000           0.0000000000000000           0.0000000000000000
          0.0000000000000000           0.0000000000000000           0.0000000000000000
          0.0000000000000000           0.0000000000000000           0.0000000000000000
          0.0000000000000000           0.0000000000000000           0.0000000000000000
          0.0000000000000000           0.0000000000000000           0.0000000000000000
          0.0000000000000000           0.0000000000000000           0.0000000000000000
          0.0000000000000000           0.0000000000000000           0.0000000000000000
          0.0000000000000000           0.0000000000000000           0.0000000000000000
          0.0000000000000000           0.0000000000000000           0.0000000000000000
          0.0000000000000000           0.0000000000000000           0.0000000000000000
          0.0000000000000000           0.0000000000000000           0.0000000000000000
          0.0000000000000000           0.0000000000000000           0.0000000000000000
          0.0000000000000000           0.0000000000000000           0.0000000000000000
          0.0000000000000000           0.0000000000000000           0.0000000000000000
          0.0000000000000000           0.0000000000000000           0.0000000000000000
          0.0000000000000000           0.0000000000000000           0.0000000000000000
          0.0000000000000000           0.0000000000000000           0.0000000000000000
          0.0000000000000000           0.0000000000000000           0.0000000000000000
          0.0000000000000000           0.0000000000000000           0.0000000000000000
          0.0000000000000000           0.0000000000000000           0.0000000000000000
          0.0000000000000000           0.0000000000000000           0.0000000000000000
          0.0000000000000000           0.0000000000000000           0.0000000000000000
          0.0000000000000000           0.0000000000000000           0.0000000000000000
          0.0000000000000000           0.0000000000000000           0.0000000000000000
          0.0000000000000000           0.0000000000000000           0.0000000000000000
          0.0000000000000000           0.0000000000000000           0.0000000000000000
          0.0000000000000000           0.0000000000000000           0.0000000000000000
          0.0000000000000000           0.0000000000000000           0.0000000000000000
          0.0024235801352168           0.0344984844086587           0.0188556824516407
         -0.0000787329866644           0.0085991526602684           0.0046077527180291
         -0.0004517058453423           0.0028731933071732          -0.0003448955855184
         -0.0006753380526156           0.0037187333517253          -0.0025526302156726
         -0.0041699412489490           0.0015335117254749          -0.0063768421159384
         -0.0090245530655998          -0.0054442471028739          -0.0114157290410198
         -0.0048920241468940          -0.0037183233002603          -0.0067699112162628
         -0.0001664731319092          -0.0000955257020796          -0.0003045783308675
         -0.0171788465947935           0.0073631264345615           0.0022704471895487
          0.0080420035640798           0.0603697436401608           0.0274932520060864
         -0.0083346336122864           0.0189147641766161           0.0054821484992555
          0.0168862165465864           0.0719213813822139           0.0307049533157911
         -0.0183865598274851          -0.0105662213566833          -0.0093633433328422
          0.0085673436330105           0.0428278664380524           0.0122918450071668
         -0.0130251542192231          -0.0015240149661763          -0.0056500164589819
          0.0139287492412728           0.0518700728285601           0.0160051718810224
          0.0104471947424541           0.0368982375013807           0.0029831131629803
          0.0114328809780279           0.0390400237931018           0.0054024513360484
          0.0109095981391516           0.0355955421281590           0.0014127435177126
          0.0092156716917056           0.0315468071415261           0.0019954117925402
         -0.0069518694264823           0.0107104593760425          -0.0144803023834447
         -0.0430080841006025          -0.0280177063029717          -0.0485743005646835
          0.0082770409706163           0.0263831755157412           0.0028529537192001
          0.0062875443661087           0.0208609129476791           0.0023102042743112
         -0.0028225342427387           0.0070600156484899          -0.0073913621990049
         -0.0185837751668374          -0.0118560508318484          -0.0233219184159178
          0.0029302506089855           0.0070705562076087           0.0034752619631600
          0.0022032010202266           0.0050096233512247           0.0027255089042255
         -0.0001250988041906           0.0015611658526185          -0.0005036961449805
         -0.0031184592805035          -0.0016641406402155          -0.0047541235330707
          0.0026428462854428           0.0188321929197761          -0.0010480108234146
         -0.0072112678007978           0.0150342421175845           0.0159298604212382
         -0.0114836037609798           0.0051757030143291          -0.0157414195655675
         -0.0213377178472202           0.0013777522121377           0.0012364516790777
          0.0038479226291118           0.0186627631814598          -0.0004563191445097
         -0.0087575307263475          -0.0025319406407757           0.0019205699816693
         -0.0085711069182608           0.0057792316174738          -0.0124599136943929
         -0.0211765602737214          -0.0154154722047618          -0.0100830245682160
         -0.0070931520719299          -0.0063900766330504          -0.0067493748604283
         -0.0166892593687156          -0.0180358707939462          -0.0155234834602512
         -0.0033163475395081           0.0007843949292254          -0.0072555944203681
         -0.0095637074472081          -0.0083048050967979          -0.0130186270114999
         -0.0098766905717432          -0.0125261645613023          -0.0128882627994159
          0.0018717990912236           0.0007188440748591           0.0057384752777435
         -0.0003516024680780           0.0060235853692452          -0.0038294689154035
         -0.0034643614838377           0.0007926660137157          -0.0070501268317062
         -0.0044493420117893          -0.0033156817290659          -0.0079019170115437
         -0.0002224922313115          -0.0010963834129266           0.0011128956453385
          0.0004647577811590           0.0031083394895328           0.0000465410798433
         -0.0002389397250522           0.0021080041905507          -0.0010763506826087
         -0.0006868130290962           0.0009133674705242          -0.0018638097012025
         -0.0001281773067244          -0.0002983645479260          -0.0000735815338596
   0
          0.0000000000000001           0.0000000000000000          -0.0000000000000002
          0.0000000000000000           0.0000000000000000           0.0000000000000001
          0.0000000000000000           0.0000000000000000           0.0000000000000002
          0.0000000000000000           0.0000000000000000           0.0000000000000000
         -0.0000000000000000          -0.0000000000000000          -0.0000000000000000
          0.0000000000000000           0.0000000000000000           0.0000000000000000
         -0.0000000000000000           0.0000000000000000          -0.0000000000000000
          0.0000000000000000           0.0000000000000000           0.0000000000000000
          0.0000000000000001           0.0000000000000003           0.0000000000000006
          0.0000000000000001           0.0000000000000006          -0.0000000000000009
         -0.0000000000000003          -0.0000000000000003           0.0000000000000001
         -0.0000000000000006           0.0000000000000004           0.0000000000000000
          0.0000000000000003          -0.0000000000000001          -0.0000000000000010
          0.0000000000000003           0.0000000000000001          -0.0000000000000014
         -0.0000000000000003          -0.0000000000000001           0.0000000000000000
          0.0000000000000001           0.0000000000000005           0.0000000000000003
          0.0000000000000002          -0.0000000000000001           0.0000000000000003
          0.0000000000000004          -0.0000000000000001           0.0000000000000001
         -0.0000000000000002           0.0000000000000000          -0.0000000000000003
          0.0000000000000000           0.0000000000000000           0.0000000000000003
         -0.0000000000000000           0.0000000000000000          -0.0000000000000003
          0.0000000000000000          -0.0000000000000000          -0.0000000000000000
          0.0000000000000001          -0.0000000000000000          -0.0000000000000001
          0.0000000000000000          -0.0000000000000001          -0.0000000000000001
         -0.0000000000000000           0.0000000000000000          -0.0000000000000000
          0.0000000000000000          -0.0000000000000000           0.0000000000000000
          0.0000000000000000          -0.0000000000000000           0.0000000000000000
         -0.0000000000000000          -0.0000000000000000           0.0000000000000000
         -0.0000000000000000           0.0000000000000000          -0.0000000000000000
          0.0000000000000000           0.0000000000000000          -0.0000000000000000
          0.0000000000000000           0.0000000000000000           0.0000000000000000
          0.0000000000000000           0.0000000000000000           0.0000000000000000
          0.0000000000000000           0.0000000000000000           0.0000000000000000
          0.0000000000000000           0.0000000000000000           0.0000000000000000
          0.0000000000000000           0.0000000000000000           0.0000000000000000
          0.0000000000000000           0.0000000000000000           0.0000000000000000
          0.0000000000000000           0.0000000000000000           0.0000000000000000
          0.0000000000000000           0.0000000000000000           0.0000000000000000
         -0.0084220680150046           0.0143287039225326           0.0109846597910128
          0.0038536464996482           0.0195377311148270           0.0038971898068097
         -0.0113446400026379           0.0241530277091722           0.0004413058054872
          0.0009310745120156           0.0293620549014655          -0.0066461641787214
         -0.0085001320319955          -0.0025947263852969           0.0018857131835568
          0.0035905239347594           0.0187255489259837          -0.0004214623463917
         -0.0132598274559249           0.0052724094360093          -0.0067933751688098
         -0.0011691714891711           0.0265926847472895          -0.0091005506987651
          0.0022940092931580           0.0196005772681599          -0.0044121690601608
         -0.0045887887938403           0.0219412348261534          -0.0120518636351745
          0.0000018928411278           0.0178426421031665          -0.0063509970503566
         -0.0074186293782749           0.0149202751805198          -0.0131908054368476
         -0.0193886155265506           0.0027265140091918          -0.0261518358988226
         -0.0219955002830436          -0.0163276998045892          -0.0284834632837839
         -0.0018661552951754           0.0112494283836798          -0.0054026037198883
         -0.0075979241423483           0.0066159064398951          -0.0105780566464265
         -0.0145724666462841          -0.0022448779459674          -0.0183775113610902
         -0.0098351780678688          -0.0069360174792191          -0.0149630096491147
         -0.0015979034849687           0.0017986130580419          -0.0014555480979165
         -0.0037671278838477          -0.0003725273975191          -0.0036300861557807
         -0.0057141436048272          -0.0029132204266511          -0.0061674164871098
         -0.0019963019414829          -0.0011763865682806          -0.0036634442827183
          0.0000000000000000           0.0000000000000000           0.0000000000000000
          0.0000000000000000           0.0000000000000000           0.0000000000000000
          0.0000000000000000           0.0000000000000000           0.0000000000000000
          0.0000000000000000           0.0000000000000000           0.0000000000000000
          0.0000000000000000           0.0000000000000000           0.0000000000000000
          0.0000000000000000           0.0000000000000000           0.0000000000000000
          0.0000000000000000           0.0000000000000000           0.0000000000000000
          0.0000000000000000           0.0000000000000000           0.0000000000000000
          0.0000000000000000           0.0000000000000000           0.0000000000000000
          0.0000000000000000           0.0000000000000000           0.0000000000000000
          0.0000000000000000           0.0000000000000000           0.0000000000000000
          0.0000000000000000           0.0000000000000000           0.0000000000000000
          0.0000000000000000           0.0000000000000000           0.0000000000000000
          0.0000000000000000           0.0000000000000000           0.0000000000000000
          0.0000000000000000           0.0000000000000000           0.0000000000000000
          0.0000000000000000           0.0000000000000000           0.0000000000000000
          0.0000000000000000           0.0000000000000000           0.0000000000000000
          0.0000000000000000           0.0000000000000000           0.0000000000000000
          0.0000000000000000           0.0000000000000000           0.0000000000000000
          0.0000000000000000           0.0000000000000000           0.0000000000000000
          0.0000000000000000           0.0000000000000000           0.0000000000000000
          0.0000000000000000           0.0000000000000000           0.0000000000000000
