1  82   2   1   2   -6.203179   0.000000
  0 
./DATA/100/00/GA/G017/M024/
0
          4.7887287914293948
          3.4380359096153614
          2.4900861214781154
          1.6217832476526843
          0.8499201406902781
          0.3194788015794745
          0.0293035039365931
          0.0002672443205189
          2.7253435338078842
          7.2882351923898581
          1.2621907126093757
          5.8250823711913480
          2.0208394317459062
          5.4500308833407560
          0.9065288454605198
          4.3357202970553681
          3.3736000357658789
          2.6622683475572035
          1.7875191199331233
          1.3957868783233562
          0.9112618765443494
          0.1982238815909043
          0.7605852908456402
          0.5865833562667754
          0.3675453203683252
          0.0603176321623478
          0.1537790072274956
          0.1168180615352276
          0.0693584503837413
          0.0065609457024757
          5.8524325074527868
          3.8966740938981244
          2.5610288095664528
          1.4346468003931534
          0.5983076849020380
          0.1680154174359794
          0.0091436257855876
          0.0000395107728291
          7.6357022357572646
         17.5452515077643483
          3.0779484157713517
         12.9874976877784238
          5.4567780453254118
         12.4777150043173872
          2.1827409205644401
          9.2036778795564249
          7.0893777921358074
          5.2020351165761252
          3.3400883857533952
          2.4374739312112959
          1.4217260439046555
          0.1691985324020809
          1.2079889560941761
          0.8772199357749936
          0.5003523373786491
          0.0490871389484402
          0.1791911897577257
          0.1296260214727689
          0.0718635035447123
          0.0050670621689618
          2.3641484832003119
         10.2263283885604856
          0.6866213715420699
          8.5488012769022426
          1.6488092807489896
          7.3184372440724115
          0.4571590803418899
          6.1267870436653125
          4.1883537909656301
          3.5098290935509162
          1.9815976863268434
          1.6590404375545056
          1.1874462420594840
          0.2213688254067414
          0.7154530175823912
          0.5966689762628462
          0.4213096275424099
          0.0698933259444899
          0.1046964324007928
          0.0864472780018340
          0.0594904405675162
          0.0080077383681836
1
          4.7887287914293948
          3.4380359096153614
          2.4900861214781154
          1.6217832476526843
          0.8499201406902781
          0.3194788015794745
          0.0293035039365931
          0.0002672443205189
          2.7253435338078842
          7.2882351923898598
          1.2621907126093757
          5.8250823711913480
          2.0208394317459062
          5.4500308833407560
          0.9065288454605198
          4.3357202970553681
          3.3736000357658789
          2.6622683475572035
          1.7875191199331233
          1.3957868783233562
          0.9112618765443494
          0.1982238815909043
          0.7605852908456404
          0.5865833562667754
          0.3675453203683252
          0.0603176321623478
          0.1537790072274956
          0.1168180615352276
          0.0693584503837413
          0.0065609457024757
          5.8524325074527876
          3.8966740938981252
          2.5610288095664533
          1.4346468003931534
          0.5983076849020382
          0.1680154174359794
          0.0091436257855876
          0.0000395107728291
          7.6357022357572601
         17.5452515077643376
          3.0779484157713530
         12.9874976877784292
          5.4567780453254171
         12.4777150043173926
          2.1827409205644410
          9.2036778795564196
          7.0893777921358074
          5.2020351165761269
          3.3400883857533903
          2.4374739312112954
          1.4217260439046548
          0.1691985324020808
          1.2079889560941752
          0.8772199357749936
          0.5003523373786495
          0.0490871389484403
          0.1791911897577257
          0.1296260214727690
          0.0718635035447123
          0.0050670621689618
          2.3641484832003119
         10.2263283885604874
          0.6866213715420695
          8.5488012769022443
          1.6488092807489896
          7.3184372440724133
          0.4571590803418896
          6.1267870436653133
          4.1883537909656310
          3.5098290935509167
          1.9815976863268434
          1.6590404375545060
          1.1874462420594833
          0.2213688254067415
          0.7154530175823911
          0.5966689762628459
          0.4213096275424099
          0.0698933259444899
          0.1046964324007929
          0.0864472780018340
          0.0594904405675162
          0.0080077383681836
   0    2 -0.063170  0.057255  0.239005 
         -0.0000000000000000           0.0000000000000001          -0.0000000000000001
         -0.0000000000000000          -0.0000000000000000          -0.0000000000000002
         -0.0000000000000000          -0.0000000000000001           0.0000000000000001
          0.0000000000000000          -0.0000000000000000           0.0000000000000000
         -0.0000000000000000           0.0000000000000000           0.0000000000000000
          0.0000000000000000          -0.0000000000000000           0.0000000000000000
          0.0000000000000000          -0.0000000000000000           0.0000000000000000
         -0.0000000000000000          -0.0000000000000000           0.0000000000000000
         -0.0000000000000001          -0.0000000000000000           0.0000000000000003
         -0.0000000000000006          -0.0000000000000003          -0.0000000000000010
         -0.0000000000000000          -0.0000000000000000          -0.0000000000000001
         -0.0000000000000003          -0.0000000000000000           0.0000000000000002
          0.0000000000000003           0.0000000000000001          -0.0000000000000003
         -0.0000000000000001           0.0000000000000001          -0.0000000000000011
          0.0000000000000001          -0.0000000000000000          -0.0000000000000002
         -0.0000000000000003          -0.0000000000000002          -0.0000000000000004
          0.0000000000000004          -0.0000000000000000           0.0000000000000001
          0.0000000000000003          -0.0000000000000000          -0.0000000000000001
          0.0000000000000003           0.0000000000000000          -0.0000000000000002
          0.0000000000000000          -0.0000000000000001          -0.0000000000000000
         -0.0000000000000000          -0.0000000000000000          -0.0000000000000003
         -0.0000000000000000           0.0000000000000000           0.0000000000000000
         -0.0000000000000000          -0.0000000000000000          -0.0000000000000000
         -0.0000000000000001           0.0000000000000000          -0.0000000000000000
         -0.0000000000000000          -0.0000000000000000          -0.0000000000000000
          0.0000000000000000           0.0000000000000000          -0.0000000000000000
          0.0000000000000000           0.0000000000000000           0.0000000000000000
          0.0000000000000000           0.0000000000000000           0.0000000000000000
          0.0000000000000000          -0.0000000000000000          -0.0000000000000000
          0.0000000000000000          -0.0000000000000000          -0.0000000000000000
          0.0552015352078324          -0.0184249125926439           0.0203581659387426
          0.0414142482630562          -0.0247514599828350          -0.0162544702600621
          0.0430244868243374          -0.0316609397396225          -0.0341226338008987
          0.0498761599169400          -0.0381180883848810          -0.0437750057491678
          0.0460356116918081          -0.0367259888975822          -0.0447381614418507
          0.0240883236665248          -0.0215868273307646          -0.0331496873609411
          0.0025454184587660          -0.0023916832557754          -0.0070964786240672
          0.0000339227627230          -0.0000139842055021          -0.0001123150616203
          0.1574471046066226          -0.1247995944156750          -0.1585798919902692
          0.2137218977791195          -0.1298745641758189          -0.0740181033040155
          0.1138445305311560          -0.0866799049107849          -0.0997822162574521
          0.1701193237036546          -0.0917548746709280          -0.0152204275711948
          0.1294090513654387          -0.1048376476713246          -0.1375827731589243
          0.1807908829843347          -0.1213298473803406          -0.0972003448522955
          0.0857390687227370          -0.0668014812731828          -0.0808058918401901
          0.1371209003416320          -0.0832936809821994          -0.0404234635335617
          0.1475786539828699          -0.1050293371014194          -0.0997187821467888
          0.1063738604375352          -0.0699336432565345          -0.0500861400823602
          0.1162136339202125          -0.0818427962718736          -0.0776758487359951
          0.0823627860479093          -0.0537249977965709          -0.0399313341253039
          0.0320406600550432          -0.0215207131289072          -0.0147246270322315
         -0.0122225860465012           0.0050588058426487          -0.0073779532440822
          0.0776291492386249          -0.0528590533945486          -0.0453552314940498
          0.0558460478912278          -0.0349959790515640          -0.0221923592388705
          0.0246356093081950          -0.0148150004222604          -0.0064529106192793
         -0.0052450690849157           0.0016157718585486          -0.0043295127675967
          0.0263231229352594          -0.0178181784324122          -0.0127230735950796
          0.0196667968883761          -0.0122730209012914          -0.0055776922117716
          0.0101716308920916          -0.0058238778934994          -0.0005433471731536
         -0.0007287730505141           0.0001567309927221          -0.0007448170248286
          0.1663161753837339          -0.1201187681390360          -0.1169377320217873
          0.2048528270020085          -0.1345553904524578          -0.1156602632724932
          0.0665896145120794          -0.0514942483074724          -0.0530705749004216
          0.1051262661303533          -0.0659308706208944          -0.0517931061511279
          0.1411594371074404          -0.1022009315569431          -0.0995515888251634
          0.1690404972423314          -0.1239665634947242          -0.1352315291860595
          0.0547984196968294          -0.0419318796511538          -0.0420034874521363
          0.0826794798317201          -0.0636975115889346          -0.0776834278130318
          0.1351353965464591          -0.1067239862649796          -0.1339403093695160
          0.0674815553181017          -0.0590902313716383          -0.0881737597613208
          0.1063470611878293          -0.0836312771860782          -0.1066294992097083
          0.0591011953557972          -0.0502258384826507          -0.0751152244517937
          0.0122519358497145          -0.0161453421670486          -0.0373022575171604
          0.0067537932682582          -0.0051634557255326           0.0032617765155520
          0.0719419536549111          -0.0545148268170318          -0.0655223968119371
          0.0450965390068118          -0.0353495484156599          -0.0479826973913824
          0.0154427065242108          -0.0140294844707576          -0.0262807266852744
          0.0000115376578727          -0.0010136697199642          -0.0004307902717665
          0.0248027215368206          -0.0184566238448963          -0.0197317910009406
          0.0173528938492075          -0.0129440912659743          -0.0148611719165528
          0.0082847984573618          -0.0062697682348094          -0.0086256380108818
         -0.0001698066893309          -0.0000552509842318          -0.0005732113234718
   0
          0.0000000000000000          -0.0000000000000001           0.0000000000000001
          0.0000000000000000           0.0000000000000000           0.0000000000000002
          0.0000000000000000           0.0000000000000001          -0.0000000000000001
         -0.0000000000000000           0.0000000000000000          -0.0000000000000000
          0.0000000000000000          -0.0000000000000000          -0.0000000000000000
         -0.0000000000000000           0.0000000000000000          -0.0000000000000000
         -0.0000000000000000           0.0000000000000000          -0.0000000000000000
          0.0000000000000000           0.0000000000000000          -0.0000000000000000
          0.0000000000000001          -0.0000000000000003          -0.0000000000000002
         -0.0000000000000011          -0.0000000000000005          -0.0000000000000008
          0.0000000000000001          -0.0000000000000002          -0.0000000000000004
         -0.0000000000000003          -0.0000000000000001          -0.0000000000000010
         -0.0000000000000001          -0.0000000000000001          -0.0000000000000001
          0.0000000000000006          -0.0000000000000008           0.0000000000000004
         -0.0000000000000000           0.0000000000000001          -0.0000000000000001
         -0.0000000000000005          -0.0000000000000002          -0.0000000000000004
          0.0000000000000000           0.0000000000000000          -0.0000000000000002
          0.0000000000000001          -0.0000000000000000          -0.0000000000000002
          0.0000000000000000           0.0000000000000001          -0.0000000000000002
         -0.0000000000000001           0.0000000000000001           0.0000000000000002
          0.0000000000000001          -0.0000000000000001           0.0000000000000002
         -0.0000000000000000          -0.0000000000000000           0.0000000000000000
         -0.0000000000000001          -0.0000000000000000           0.0000000000000001
         -0.0000000000000000          -0.0000000000000000          -0.0000000000000000
         -0.0000000000000001          -0.0000000000000000           0.0000000000000000
         -0.0000000000000000           0.0000000000000000           0.0000000000000000
          0.0000000000000000          -0.0000000000000000          -0.0000000000000000
         -0.0000000000000000          -0.0000000000000000           0.0000000000000000
         -0.0000000000000000          -0.0000000000000000          -0.0000000000000000
         -0.0000000000000000          -0.0000000000000000          -0.0000000000000000
          0.0000000000000000           0.0000000000000000           0.0000000000000000
          0.0000000000000000           0.0000000000000000           0.0000000000000000
          0.0000000000000000           0.0000000000000000           0.0000000000000000
          0.0000000000000000           0.0000000000000000           0.0000000000000000
          0.0000000000000000           0.0000000000000000           0.0000000000000000
          0.0000000000000000           0.0000000000000000           0.0000000000000000
          0.0000000000000000           0.0000000000000000           0.0000000000000000
          0.0000000000000000           0.0000000000000000           0.0000000000000000
         -0.0091188266289006           0.0269686212906768           0.0723315109374448
          0.3802878290146419          -0.2816427798821720          -0.3049295062317240
          0.0033262298729007           0.0115166201217936           0.0447401045572804
          0.3927328855164452          -0.2970947810510561          -0.3325209126118910
         -0.0166933831043674           0.0189226461989128           0.0361192570256481
          0.3268933174541380          -0.2450901412505818          -0.2709023750368683
         -0.0109042738648988           0.0104631177414307           0.0215491254208067
          0.3326824266936047          -0.2535496697080631          -0.2854725066417115
          0.2546808343267981          -0.1926723740772483          -0.2156270106343585
          0.2496273965388764          -0.1927121562802331          -0.2193147258133336
          0.1779124732304674          -0.1354456884784844          -0.1519308192918276
          0.1646765355300667          -0.1296605915934160          -0.1506468539284389
          0.1299490580900700          -0.1079076702715246          -0.1397338567651839
          0.0273744101184956          -0.0246880157212835          -0.0419038844826129
          0.1015712961230024          -0.0782962276435749          -0.0880296966262579
          0.0876900488981272          -0.0711225551489535          -0.0857149584680519
          0.0622065016187016          -0.0540097809395776          -0.0757584038124866
          0.0094738174954980          -0.0079944160964789          -0.0167666721225371
          0.0283592320488822          -0.0227099025120955          -0.0258722503281152
          0.0223551116017674          -0.0191601010563186          -0.0247177003506194
          0.0138965553104774          -0.0129200706642987          -0.0206307311991711
          0.0014607243445610          -0.0010233436870628          -0.0031837493670040
          0.0000000000000000           0.0000000000000000           0.0000000000000000
          0.0000000000000000           0.0000000000000000           0.0000000000000000
          0.0000000000000000           0.0000000000000000           0.0000000000000000
          0.0000000000000000           0.0000000000000000           0.0000000000000000
          0.0000000000000000           0.0000000000000000           0.0000000000000000
          0.0000000000000000           0.0000000000000000           0.0000000000000000
          0.0000000000000000           0.0000000000000000           0.0000000000000000
          0.0000000000000000           0.0000000000000000           0.0000000000000000
          0.0000000000000000           0.0000000000000000           0.0000000000000000
          0.0000000000000000           0.0000000000000000           0.0000000000000000
          0.0000000000000000           0.0000000000000000           0.0000000000000000
          0.0000000000000000           0.0000000000000000           0.0000000000000000
          0.0000000000000000           0.0000000000000000           0.0000000000000000
          0.0000000000000000           0.0000000000000000           0.0000000000000000
          0.0000000000000000           0.0000000000000000           0.0000000000000000
          0.0000000000000000           0.0000000000000000           0.0000000000000000
          0.0000000000000000           0.0000000000000000           0.0000000000000000
          0.0000000000000000           0.0000000000000000           0.0000000000000000
          0.0000000000000000           0.0000000000000000           0.0000000000000000
          0.0000000000000000           0.0000000000000000           0.0000000000000000
          0.0000000000000000           0.0000000000000000           0.0000000000000000
          0.0000000000000000           0.0000000000000000           0.0000000000000000
   1
          0.0000000000000000           0.0000000000000000           0.0000000000000000
          0.0000000000000000           0.0000000000000000           0.0000000000000000
          0.0000000000000000           0.0000000000000000           0.0000000000000000
          0.0000000000000000           0.0000000000000000           0.0000000000000000
          0.0000000000000000           0.0000000000000000           0.0000000000000000
          0.0000000000000000           0.0000000000000000           0.0000000000000000
          0.0000000000000000           0.0000000000000000           0.0000000000000000
          0.0000000000000000           0.0000000000000000           0.0000000000000000
          0.0000000000000000           0.0000000000000000           0.0000000000000000
          0.0000000000000000           0.0000000000000000           0.0000000000000000
          0.0000000000000000           0.0000000000000000           0.0000000000000000
          0.0000000000000000           0.0000000000000000           0.0000000000000000
          0.0000000000000000           0.0000000000000000           0.0000000000000000
          0.0000000000000000           0.0000000000000000           0.0000000000000000
          0.0000000000000000           0.0000000000000000           0.0000000000000000
          0.0000000000000000           0.0000000000000000           0.0000000000000000
          0.0000000000000000           0.0000000000000000           0.0000000000000000
          0.0000000000000000           0.0000000000000000           0.0000000000000000
          0.0000000000000000           0.0000000000000000           0.0000000000000000
          0.0000000000000000           0.0000000000000000           0.0000000000000000
          0.0000000000000000           0.0000000000000000           0.0000000000000000
          0.0000000000000000           0.0000000000000000           0.0000000000000000
          0.0000000000000000           0.0000000000000000           0.0000000000000000
          0.0000000000000000           0.0000000000000000           0.0000000000000000
          0.0000000000000000           0.0000000000000000           0.0000000000000000
          0.0000000000000000           0.0000000000000000           0.0000000000000000
          0.0000000000000000           0.0000000000000000           0.0000000000000000
          0.0000000000000000           0.0000000000000000           0.0000000000000000
          0.0000000000000000           0.0000000000000000           0.0000000000000000
          0.0000000000000000           0.0000000000000000           0.0000000000000000
          0.0552015352078324          -0.0184249125926439           0.0203581659387424
          0.0414142482630562          -0.0247514599828351          -0.0162544702600622
          0.0430244868243373          -0.0316609397396225          -0.0341226338008986
          0.0498761599169400          -0.0381180883848810          -0.0437750057491677
          0.0460356116918080          -0.0367259888975822          -0.0447381614418507
          0.0240883236665248          -0.0215868273307646          -0.0331496873609411
          0.0025454184587660          -0.0023916832557754          -0.0070964786240672
          0.0000339227627230          -0.0000139842055021          -0.0001123150616203
          0.1483282779777219          -0.0978309731249976          -0.0862483810528214
          0.5940097267937612          -0.4115173440579913          -0.3789476095357404
          0.1171707604040571          -0.0751632847889912          -0.0550421117001707
          0.5628522092200962          -0.3888496557219843          -0.3477413401830866
          0.1127156682610722          -0.0859150014724123          -0.1014635161332791
          0.5076842004384711          -0.3664199886309220          -0.3681027198891642
          0.0748347948578383          -0.0563383635317524          -0.0592567664193837
          0.4698033270352371          -0.3368433506902622          -0.3258959701752724
          0.4022594883096674          -0.2977017111786666          -0.3153457927811479
          0.3560012569764115          -0.2626457995367680          -0.2694008658956932
          0.2941261071506809          -0.2172884847503574          -0.2296066680278214
          0.2470393215779753          -0.1833855893899872          -0.1905781880537424
          0.1619897181451124          -0.1294283834004318          -0.1544584837974156
          0.0151518240719944          -0.0196292098786348          -0.0492818377266950
          0.1792004453616272          -0.1311552810381234          -0.1333849281203074
          0.1435360967893551          -0.1061185342005173          -0.1079073177069222
          0.0868421109268967          -0.0688247813618380          -0.0822113144317661
          0.0042287484105823          -0.0063786442379303          -0.0210961848901338
          0.0546823549841416          -0.0405280809445078          -0.0385953239231947
          0.0420219084901434          -0.0314331219576100          -0.0302953925623909
          0.0240681862025690          -0.0187439485577981          -0.0211740783723246
          0.0007319512940469          -0.0008666126943407          -0.0039285663918326
          0.1663161753837337          -0.1201187681390361          -0.1169377320217875
          0.2048528270020071          -0.1345553904524582          -0.1156602632724931
          0.0665896145120793          -0.0514942483074723          -0.0530705749004217
          0.1051262661303556          -0.0659308706208943          -0.0517931061511267
          0.1411594371074408          -0.1022009315569431          -0.0995515888251633
          0.1690404972423310          -0.1239665634947234          -0.1352315291860557
          0.0547984196968294          -0.0419318796511538          -0.0420034874521366
          0.0826794798317187          -0.0636975115889347          -0.0776834278130323
          0.1351353965464586          -0.1067239862649793          -0.1339403093695155
          0.0674815553181014          -0.0590902313716383          -0.0881737597613207
          0.1063470611878291          -0.0836312771860780          -0.1066294992097089
          0.0591011953557974          -0.0502258384826507          -0.0751152244517947
          0.0122519358497148          -0.0161453421670484          -0.0373022575171602
          0.0067537932682582          -0.0051634557255326           0.0032617765155520
          0.0719419536549109          -0.0545148268170319          -0.0655223968119370
          0.0450965390068118          -0.0353495484156598          -0.0479826973913826
          0.0154427065242107          -0.0140294844707576          -0.0262807266852743
          0.0000115376578727          -0.0010136697199642          -0.0004307902717666
          0.0248027215368206          -0.0184566238448963          -0.0197317910009405
          0.0173528938492075          -0.0129440912659743          -0.0148611719165528
          0.0082847984573617          -0.0062697682348095          -0.0086256380108818
         -0.0001698066893309          -0.0000552509842318          -0.0005732113234718
