1  82   2   1   2   -6.492454   0.000000
  0 
./DATA/100/00/GA/G020/M026/
0
          4.3832558911515918
          2.9532020197774860
          1.9877743419476537
          1.1660715109936293
          0.5279021944207070
          0.1665922789734470
          0.0110167262148166
          0.0000533169648523
          1.5326527046079614
          4.2281929755674863
          0.5917501260384384
          3.2872903969979648
          1.0715471613291501
          2.9627078982855641
          0.4101276814040645
          2.3012884183604769
          1.6406706490345473
          1.2723025164402333
          0.7427498053767655
          0.5747265232485359
          0.3756871097319625
          0.0611711474751565
          0.2502658835129801
          0.1931406855227239
          0.1251355302220909
          0.0183899636843382
          0.0306259002258890
          0.0235485104589590
          0.0150604545738619
          0.0019332757728978
          5.6742502993263644
          3.9688238247792884
          2.7724700099293091
          1.7034044703696480
          0.8135050804581315
          0.2688659282041468
          0.0195214352188293
          0.0001513435134362
          6.0850051674238559
         18.0363847491600389
          2.2807930265821188
         14.2321726083183115
          4.3752418147519458
         13.0191191278471248
          1.6029048203903085
         10.2467821334854943
          7.5837341101480922
          5.9410218594562494
          3.6966744080244327
          2.8770740828146746
          1.8390933495520729
          0.2820709798757384
          1.4035418980796477
          1.0832473019065909
          0.6726991481159190
          0.0826292447596398
          0.2305723913309780
          0.1758897249612760
          0.1049354590655964
          0.0086367869089456
          3.5126425654558115
          8.5480523928361478
          1.4479172731819776
          6.4833271005623114
          2.5196877908100888
          6.1774926804894434
          1.0175371760566831
          4.6753420657360367
          3.6074966436543217
          2.7208977346310781
          1.7659278612818103
          1.3266023590423699
          0.8066291413351467
          0.1110565745503790
          0.6749113246190547
          0.5050338619454493
          0.2997870185739533
          0.0325111619343954
          0.1121557058358401
          0.0836522548190712
          0.0481692299597434
          0.0033566308924824
1
          4.3832558911515909
          2.9532020197774860
          1.9877743419476537
          1.1660715109936290
          0.5279021944207071
          0.1665922789734469
          0.0110167262148166
          0.0000533169648523
          1.5326527046079608
          4.2281929755674863
          0.5917501260384382
          3.2872903969979652
          1.0715471613291498
          2.9627078982855637
          0.4101276814040644
          2.3012884183604778
          1.6406706490345477
          1.2723025164402333
          0.7427498053767657
          0.5747265232485365
          0.3756871097319624
          0.0611711474751565
          0.2502658835129800
          0.1931406855227238
          0.1251355302220909
          0.0183899636843382
          0.0306259002258890
          0.0235485104589590
          0.0150604545738619
          0.0019332757728978
          5.6742502993263644
          3.9688238247792893
          2.7724700099293096
          1.7034044703696489
          0.8135050804581315
          0.2688659282041467
          0.0195214352188293
          0.0001513435134362
          6.0850051674238559
         18.0363847491600389
          2.2807930265821192
         14.2321726083183098
          4.3752418147519423
         13.0191191278471337
          1.6029048203903089
         10.2467821334854978
          7.5837341101480966
          5.9410218594562467
          3.6966744080244385
          2.8770740828146737
          1.8390933495520707
          0.2820709798757384
          1.4035418980796470
          1.0832473019065920
          0.6726991481159191
          0.0826292447596398
          0.2305723913309777
          0.1758897249612759
          0.1049354590655964
          0.0086367869089456
          3.5126425654558093
          8.5480523928361425
          1.4479172731819798
          6.4833271005623097
          2.5196877908100910
          6.1774926804894443
          1.0175371760566829
          4.6753420657360358
          3.6074966436543239
          2.7208977346310790
          1.7659278612818101
          1.3266023590423701
          0.8066291413351463
          0.1110565745503790
          0.6749113246190542
          0.5050338619454492
          0.2997870185739532
          0.0325111619343954
          0.1121557058358402
          0.0836522548190712
          0.0481692299597434
          0.0033566308924824
   0    2 -0.240323  1.148767 -0.247304 
          0.0000000000000000           0.0000000000000000          -0.0000000000000001
          0.0000000000000000           0.0000000000000001           0.0000000000000000
          0.0000000000000001          -0.0000000000000000           0.0000000000000000
         -0.0000000000000000          -0.0000000000000001           0.0000000000000000
         -0.0000000000000000          -0.0000000000000000           0.0000000000000000
         -0.0000000000000000           0.0000000000000000           0.0000000000000000
          0.0000000000000000           0.0000000000000000           0.0000000000000000
          0.0000000000000000          -0.0000000000000000           0.0000000000000000
          0.0000000000000001          -0.0000000000000001          -0.0000000000000001
         -0.0000000000000001          -0.0000000000000000           0.0000000000000001
         -0.0000000000000001           0.0000000000000001           0.0000000000000001
         -0.0000000000000000           0.0000000000000000           0.0000000000000000
         -0.0000000000000002          -0.0000000000000001          -0.0000000000000001
          0.0000000000000001          -0.0000000000000001          -0.0000000000000002
         -0.0000000000000000           0.0000000000000000          -0.0000000000000000
          0.0000000000000002          -0.0000000000000001          -0.0000000000000001
         -0.0000000000000000          -0.0000000000000001          -0.0000000000000001
         -0.0000000000000003          -0.0000000000000000           0.0000000000000000
          0.0000000000000001           0.0000000000000001          -0.0000000000000000
         -0.0000000000000000          -0.0000000000000000           0.0000000000000000
         -0.0000000000000000          -0.0000000000000000           0.0000000000000001
         -0.0000000000000000          -0.0000000000000000           0.0000000000000000
          0.0000000000000000          -0.0000000000000000          -0.0000000000000000
          0.0000000000000000           0.0000000000000000          -0.0000000000000000
          0.0000000000000000           0.0000000000000000           0.0000000000000000
          0.0000000000000000          -0.0000000000000000           0.0000000000000000
          0.0000000000000000           0.0000000000000000          -0.0000000000000000
          0.0000000000000000          -0.0000000000000000           0.0000000000000000
          0.0000000000000000           0.0000000000000000          -0.0000000000000000
          0.0000000000000000          -0.0000000000000000          -0.0000000000000000
          0.0001862035469730           0.0615401825102665          -0.0393062647237157
          0.0041852648088291           0.0049204716691506          -0.0031136342592932
          0.0038203724371294          -0.0412053591631037           0.0268846470710168
          0.0057804368159494          -0.0874580051319644           0.0565307654835466
          0.0123535599634440          -0.1205903560592467           0.0733173696287498
          0.0149841954914612          -0.1079680243201492           0.0560187154993748
          0.0052684890828117          -0.0302135062998140           0.0096683498568714
          0.0002025140134027          -0.0008067551434208           0.0000708700299161
          0.0243948940885898          -0.1800026230519469           0.1067005662325053
          0.0158685961359488           0.0505169936157306          -0.0244167412339684
          0.0101870436390033          -0.1486305478937014           0.1020237166140155
          0.0016607456863635           0.0818890687739759          -0.0290935908524569
          0.0229429970129797          -0.1623491305775022           0.0943612628510853
          0.0068392716210641          -0.0427753433284343           0.0374344661266222
          0.0113038183157472          -0.1183752152243090           0.0791057576593778
         -0.0047999070761681           0.0011985720247578           0.0221789609349140
         -0.0022277011830964          -0.1224892140532975           0.0917738417396277
         -0.0111341028993517          -0.0699101772544931           0.0678701716218501
         -0.0051544252172381          -0.1456384971284695           0.1088177802778966
         -0.0119014111189207          -0.0955031289663472           0.0836205990841551
         -0.0100897098486459          -0.0326951691437254           0.0414967471160196
          0.0100404897621889           0.0222780823670472          -0.0261801319751943
         -0.0028058263408755          -0.1168968227625734           0.0888540663951759
         -0.0074479687339645          -0.0797670367031863           0.0694719059588656
         -0.0077908885821383          -0.0350919376248816           0.0393419930100223
          0.0033864228868960           0.0051732136661722          -0.0080580110659010
          0.0003694608429409          -0.0476802896193915           0.0366858625431489
         -0.0014405669884344          -0.0330271581361547           0.0290824384230229
         -0.0023333174402123          -0.0157310754489635           0.0176404804915985
          0.0002312005235426           0.0000579272933589          -0.0004314514527426
          0.0092867657058357          -0.2419755305904354           0.1701090403243192
          0.0309767245187023           0.1124899011542187          -0.0878252153257818
          0.0149002784907919          -0.1578004489780123           0.1108264618072651
          0.0365902373036592           0.1966649827666416          -0.1471077938428361
          0.0076433468768754          -0.2333110684950694           0.1643436465336990
          0.0221389217571679           0.0281865945891347          -0.0325479175559936
          0.0122777135352108          -0.1422305185696989           0.1004357672148292
          0.0267732884155023           0.1192671445145056          -0.0964557968748636
          0.0117018232770483          -0.0527298193385436           0.0230164824625561
          0.0142826350578957           0.0367603555071459          -0.0398246023158191
          0.0056362774020592          -0.0912259171798521           0.0531888904018306
          0.0059139033422562          -0.0164273373426050           0.0005858961801360
          0.0056260098835191           0.0278096332654924          -0.0286579531989533
          0.0021208102066807          -0.0126809275565909           0.0127800430109421
          0.0038387410442753          -0.0855031197678593           0.0543865522195263
          0.0027140663674727          -0.0354798638246071           0.0193791822785653
          0.0016389196700305           0.0025502429641938          -0.0069430314456481
          0.0009660091308545          -0.0043713504576086           0.0031826785421432
          0.0024523604140631          -0.0398260116446461           0.0265607307397476
          0.0015709883679597          -0.0221080739217855           0.0145393657915592
          0.0006118302633877          -0.0055828050809364           0.0031370876421314
          0.0001034319422433          -0.0003562748507271          -0.0000928680051644
   1
          0.0000000000000000           0.0000000000000000           0.0000000000000000
          0.0000000000000000           0.0000000000000000           0.0000000000000000
          0.0000000000000000           0.0000000000000000           0.0000000000000000
          0.0000000000000000           0.0000000000000000           0.0000000000000000
          0.0000000000000000           0.0000000000000000           0.0000000000000000
          0.0000000000000000           0.0000000000000000           0.0000000000000000
          0.0000000000000000           0.0000000000000000           0.0000000000000000
          0.0000000000000000           0.0000000000000000           0.0000000000000000
          0.0000000000000000           0.0000000000000000           0.0000000000000000
          0.0000000000000000           0.0000000000000000           0.0000000000000000
          0.0000000000000000           0.0000000000000000           0.0000000000000000
          0.0000000000000000           0.0000000000000000           0.0000000000000000
          0.0000000000000000           0.0000000000000000           0.0000000000000000
          0.0000000000000000           0.0000000000000000           0.0000000000000000
          0.0000000000000000           0.0000000000000000           0.0000000000000000
          0.0000000000000000           0.0000000000000000           0.0000000000000000
          0.0000000000000000           0.0000000000000000           0.0000000000000000
          0.0000000000000000           0.0000000000000000           0.0000000000000000
          0.0000000000000000           0.0000000000000000           0.0000000000000000
          0.0000000000000000           0.0000000000000000           0.0000000000000000
          0.0000000000000000           0.0000000000000000           0.0000000000000000
          0.0000000000000000           0.0000000000000000           0.0000000000000000
          0.0000000000000000           0.0000000000000000           0.0000000000000000
          0.0000000000000000           0.0000000000000000           0.0000000000000000
          0.0000000000000000           0.0000000000000000           0.0000000000000000
          0.0000000000000000           0.0000000000000000           0.0000000000000000
          0.0000000000000000           0.0000000000000000           0.0000000000000000
          0.0000000000000000           0.0000000000000000           0.0000000000000000
          0.0000000000000000           0.0000000000000000           0.0000000000000000
          0.0000000000000000           0.0000000000000000           0.0000000000000000
          0.0001862035469732           0.0615401825102664          -0.0393062647237157
          0.0041852648088289           0.0049204716691506          -0.0031136342592932
          0.0038203724371295          -0.0412053591631038           0.0268846470710168
          0.0057804368159494          -0.0874580051319645           0.0565307654835467
          0.0123535599634440          -0.1205903560592468           0.0733173696287498
          0.0149841954914613          -0.1079680243201492           0.0560187154993748
          0.0052684890828117          -0.0302135062998140           0.0096683498568714
          0.0002025140134027          -0.0008067551434208           0.0000708700299161
          0.0424986277148437           0.0489622690016886          -0.0557257053304214
          0.0380283527342266          -0.3079335278741238           0.2202933553274941
          0.0366309801332795          -0.0800257814865227           0.0408947304502460
          0.0321607051526654          -0.4369215783623350           0.3169137911081607
          0.0330025616289367           0.0027026915089040          -0.0250365522480108
          0.0265619756391479          -0.4129516393207738           0.2886280102034192
          0.0324524990172762          -0.0694942012158027           0.0307149173533825
          0.0260119130274871          -0.4851485320454806           0.3443794798048119
          0.0160081289924900          -0.4720138399810279           0.3267188566118991
          0.0192521741147173          -0.4843576899279904           0.3383242790759208
          0.0119562228384343          -0.4309931624153395           0.2979195020220460
          0.0149794645112131          -0.4066714957809350           0.2815126791223953
          0.0290697142941325          -0.3596823539621671           0.2330046454519651
          0.0343085781596934          -0.1318393996154164           0.0500994086786582
          0.0108712585291078          -0.3057548199535318           0.2111676067358344
          0.0115549341972817          -0.2717288002328918           0.1867048003268021
          0.0160072881937549          -0.2172690830651116           0.1395192003472709
          0.0139841593844032          -0.0574886841446797           0.0198902725962605
          0.0061227414962877          -0.1148399532427336           0.0779820837999752
          0.0053340451881388          -0.0963105690253925           0.0647311614890430
          0.0047897575116472          -0.0688584879268456           0.0434923957141769
          0.0023807730635433          -0.0113156570179426           0.0035238795574003
          0.0092867657058364          -0.2419755305904356           0.1701090403243189
          0.0309767245187051           0.1124899011542186          -0.0878252153257820
          0.0149002784907921          -0.1578004489780129           0.1108264618072650
          0.0365902373036557           0.1966649827666412          -0.1471077938428365
          0.0076433468768753          -0.2333110684950694           0.1643436465336992
          0.0221389217571636           0.0281865945891349          -0.0325479175559939
          0.0122777135352109          -0.1422305185696991           0.1004357672148288
          0.0267732884155018           0.1192671445145056          -0.0964557968748624
          0.0117018232770491          -0.0527298193385440           0.0230164824625554
          0.0142826350578956           0.0367603555071449          -0.0398246023158195
          0.0056362774020585          -0.0912259171798521           0.0531888904018306
          0.0059139033422572          -0.0164273373426050           0.0005858961801359
          0.0056260098835195           0.0278096332654925          -0.0286579531989531
          0.0021208102066808          -0.0126809275565909           0.0127800430109421
          0.0038387410442760          -0.0855031197678598           0.0543865522195262
          0.0027140663674725          -0.0354798638246071           0.0193791822785653
          0.0016389196700306           0.0025502429641938          -0.0069430314456481
          0.0009660091308545          -0.0043713504576086           0.0031826785421433
          0.0024523604140630          -0.0398260116446462           0.0265607307397477
          0.0015709883679598          -0.0221080739217855           0.0145393657915592
          0.0006118302633877          -0.0055828050809364           0.0031370876421314
          0.0001034319422433          -0.0003562748507271          -0.0000928680051644
   0
         -0.0000000000000000           0.0000000000000000           0.0000000000000001
          0.0000000000000000          -0.0000000000000001           0.0000000000000000
         -0.0000000000000001           0.0000000000000000          -0.0000000000000000
          0.0000000000000000           0.0000000000000001           0.0000000000000000
          0.0000000000000000           0.0000000000000000           0.0000000000000000
          0.0000000000000000           0.0000000000000000          -0.0000000000000000
         -0.0000000000000000          -0.0000000000000000          -0.0000000000000000
          0.0000000000000000           0.0000000000000000          -0.0000000000000000
          0.0000000000000003          -0.0000000000000001           0.0000000000000005
          0.0000000000000005          -0.0000000000000002          -0.0000000000000008
         -0.0000000000000000           0.0000000000000000          -0.0000000000000003
          0.0000000000000004          -0.0000000000000000           0.0000000000000002
          0.0000000000000004           0.0000000000000003          -0.0000000000000005
          0.0000000000000013           0.0000000000000003           0.0000000000000005
         -0.0000000000000002          -0.0000000000000001          -0.0000000000000001
          0.0000000000000000           0.0000000000000003           0.0000000000000001
          0.0000000000000003           0.0000000000000004           0.0000000000000005
          0.0000000000000004          -0.0000000000000001           0.0000000000000002
          0.0000000000000001           0.0000000000000002          -0.0000000000000000
          0.0000000000000001           0.0000000000000002          -0.0000000000000002
         -0.0000000000000001          -0.0000000000000000           0.0000000000000001
         -0.0000000000000000           0.0000000000000000           0.0000000000000000
         -0.0000000000000001          -0.0000000000000000          -0.0000000000000001
         -0.0000000000000001          -0.0000000000000001           0.0000000000000000
         -0.0000000000000000           0.0000000000000000           0.0000000000000001
          0.0000000000000000           0.0000000000000000          -0.0000000000000000
         -0.0000000000000000           0.0000000000000000          -0.0000000000000000
         -0.0000000000000000          -0.0000000000000000          -0.0000000000000000
          0.0000000000000000          -0.0000000000000000          -0.0000000000000000
          0.0000000000000000          -0.0000000000000000          -0.0000000000000000
          0.0000000000000000           0.0000000000000000           0.0000000000000000
          0.0000000000000000           0.0000000000000000           0.0000000000000000
          0.0000000000000000           0.0000000000000000           0.0000000000000000
          0.0000000000000000           0.0000000000000000           0.0000000000000000
          0.0000000000000000           0.0000000000000000           0.0000000000000000
          0.0000000000000000           0.0000000000000000           0.0000000000000000
          0.0000000000000000           0.0000000000000000           0.0000000000000000
          0.0000000000000000           0.0000000000000000           0.0000000000000000
          0.0181037336262553           0.2289648920536367          -0.1624262715629249
          0.0221597565982887          -0.3584505214898545           0.2447100965614632
          0.0264439364942761           0.0686047664071788          -0.0611289861637688
          0.0304999594663053          -0.5188106471363114           0.3460073819606173
          0.0100595646159583           0.1650518220864045          -0.1193978150990956
          0.0197227040180861          -0.3701762959923404           0.2511935440767992
          0.0211486807015284           0.0488810140085060          -0.0483908403059965
          0.0308118201036539          -0.4863471040702394           0.3222005188698979
          0.0182358301755886          -0.3495246259277323           0.2349450148722728
          0.0303862770140697          -0.4144475126734987           0.2704541074540703
          0.0171106480556719          -0.2853546652868696           0.1891017217441495
          0.0268808756301339          -0.3111683668145890           0.1978920800382400
          0.0391594241427790          -0.3269871848184414           0.1915078983359457
          0.0242680883975044          -0.1541174819824637           0.0762795406538525
          0.0136770848699832          -0.1888579971909585           0.1223135403406590
          0.0190029029312460          -0.1919617635297054           0.1172328943679362
          0.0237981767758932          -0.1821771454402301           0.1001772073372486
          0.0105977364975073          -0.0626618978108520           0.0279482836621615
          0.0057532806533467          -0.0671596636233423           0.0412962212568263
          0.0067746121765733          -0.0632834108892380           0.0356487230660201
          0.0071230749518595          -0.0531274124778821           0.0258519152225784
          0.0021495725400006          -0.0113735843113015           0.0039553310101429
          0.0000000000000000           0.0000000000000000           0.0000000000000000
          0.0000000000000000           0.0000000000000000           0.0000000000000000
          0.0000000000000000           0.0000000000000000           0.0000000000000000
          0.0000000000000000           0.0000000000000000           0.0000000000000000
          0.0000000000000000           0.0000000000000000           0.0000000000000000
          0.0000000000000000           0.0000000000000000           0.0000000000000000
          0.0000000000000000           0.0000000000000000           0.0000000000000000
          0.0000000000000000           0.0000000000000000           0.0000000000000000
          0.0000000000000000           0.0000000000000000           0.0000000000000000
          0.0000000000000000           0.0000000000000000           0.0000000000000000
          0.0000000000000000           0.0000000000000000           0.0000000000000000
          0.0000000000000000           0.0000000000000000           0.0000000000000000
          0.0000000000000000           0.0000000000000000           0.0000000000000000
          0.0000000000000000           0.0000000000000000           0.0000000000000000
          0.0000000000000000           0.0000000000000000           0.0000000000000000
          0.0000000000000000           0.0000000000000000           0.0000000000000000
          0.0000000000000000           0.0000000000000000           0.0000000000000000
          0.0000000000000000           0.0000000000000000           0.0000000000000000
          0.0000000000000000           0.0000000000000000           0.0000000000000000
          0.0000000000000000           0.0000000000000000           0.0000000000000000
          0.0000000000000000           0.0000000000000000           0.0000000000000000
          0.0000000000000000           0.0000000000000000           0.0000000000000000
