1  82   4   0   0   -11.982199   0.000000

./DATA/200/37/
0
          1.1217467804889840
          6.8139615611651951
          0.6307361732659719
          4.7876944276450191
          0.3326829288989182
          3.3352275745598439
          0.1274433769633593
          2.0038079088245362
          0.0257518069938929
          0.8872741957269310
          0.0019934238204293
          0.2459861821457307
          0.0000033233988826
          0.0100408994534043
          0.0000000000092374
          0.0000167399952866
          0.0000210421515486
          0.9698354441269766
          5.3147737394378405
          0.0000585731776780
          4.7110668717786375
         13.0525438744756794
          0.0000155458600105
          0.4362889023136569
          4.0063701141009638
          0.0000906079122692
          7.9187517576169988
         19.4819103841767287
          0.0000100193642046
          0.6351517673032742
          3.7860420817448173
          0.0000278900186786
          3.1697074828763294
          9.3902965509617395
          0.0000074022674444
          0.2726436002284974
          2.7770637727464611
          0.0000431435763925
          5.3417550313746087
         13.9855727111802821
          0.0000077597082074
          1.6162102848049280
          5.4121156179079817
          0.0000120036335471
          2.7332985613844643
          8.0396752869277179
          0.0000012941976608
          0.6390236355375476
          2.5715599333304651
          0.0000020020178649
          1.0843607255778747
          3.8134340386179635
          0.0000052730817736
          3.1507411921964352
          8.7692358050720411
          0.0030506332976520
       2010.6176399211758508
       3127.8354351245593534
          0.0000001001829422
          0.1730591832726792
          0.9219071237756479
          0.0000001549748127
          0.2944978684994878
          1.3671491923615708
          0.0000004081855985
          0.8569690212376964
          3.0966853941133947
          0.0002361474052979
        536.8869683665653838
        799.2930655651308598
          0.0000000006003163
          0.0131094110098398
          0.1269404999756612
          0.0000000009286402
          0.0223595003054828
          0.1888647158215321
          0.0000000024459300
          0.0651350600929667
          0.4235061036897378
          0.0000014150426234
         40.1571560913868950
         70.8459610863457812
1
          2.2713205203883993
          5.6643878212657812
          1.5958981425483403
          3.8225324583626508
          1.1117425248532811
          2.5561679786054805
          0.6679359696081790
          1.4633153161797170
          0.2957580652423102
          0.6172679374785134
          0.0819953940485769
          0.1659842119175832
          0.0033469664844681
          0.0066972563678188
          0.0000055799984289
          0.0000111600060951
          0.4284572979198952
          3.0095463784944307
          2.8466265493020408
          0.5183597547310415
          9.2353320307812652
          8.0099775339197254
          0.4098554192865441
          1.9966322049321161
          2.0361869380559838
          0.5896603329088366
         14.4482035095057881
         12.3628889072913495
          0.2917121262297906
          2.1523210578047141
          1.9771706843777821
          0.3424310821334770
          6.6319046973329661
          5.5856961443902904
          0.2811850256316068
          1.3798869973105916
          1.3886427523002036
          0.3826229374389801
         10.3390542763670901
          8.6056936723252111
          0.1701580484931632
          3.8064977432206351
          3.0516778707073144
          0.1852060948075741
          5.9004708554648122
          4.6873089016733438
          0.0655497629867393
          1.7962816414260117
          1.3487534586529191
          0.0693898736945920
          2.7649631868820785
          2.0634437056370301
          0.0850599275507874
          6.7262844123452563
          5.1086379304542033
          6.4944927964571493
       2742.4405177971871126
       2389.5211150853883737
          0.0173517658123957
          0.6375876119832000
          0.4400270294356725
          0.0179046161778773
          0.9737895187184538
          0.6699530809395379
          0.0201566959804743
          2.3097998778605477
          1.6236982496956713
          0.9266920368801164
        709.9709824251816599
        625.2825956170395330
          0.0012895620289295
          0.0864176795958616
          0.0523426699610261
          0.0013012830890087
          0.1307604111381644
          0.0791625228284811
          0.0013489608497423
          0.3013511674579967
          0.1859410379208967
          0.0202817544316825
         60.5757959124961403
         50.4070409258475820
1
          2.2713205203883984
          5.6643878212657803
          1.5958981425483403
          3.8225324583626503
          1.1117425248532813
          2.5561679786054818
          0.6679359696081790
          1.4633153161797172
          0.2957580652423101
          0.6172679374785136
          0.0819953940485769
          0.1659842119175833
          0.0033469664844681
          0.0066972563678188
          0.0000055799984289
          0.0000111600060951
          0.4284572979198953
          3.0095463784944325
          2.8466265493020475
          0.5183597547310415
          9.2353320307812776
          8.0099775339197166
          0.4098554192865441
          1.9966322049321172
          2.0361869380559821
          0.5896603329088366
         14.4482035095057899
         12.3628889072912997
          0.2917121262297904
          2.1523210578047149
          1.9771706843777781
          0.3424310821334770
          6.6319046973329652
          5.5856961443902771
          0.2811850256316069
          1.3798869973105927
          1.3886427523002038
          0.3826229374389802
         10.3390542763670990
          8.6056936723252111
          0.1701580484931633
          3.8064977432206351
          3.0516778707073242
          0.1852060948075741
          5.9004708554648122
          4.6873089016733527
          0.0655497629867393
          1.7962816414260117
          1.3487534586529262
          0.0693898736945921
          2.7649631868820799
          2.0634437056370349
          0.0850599275507874
          6.7262844123452536
          5.1086379304541811
          6.4944927964571475
       2742.4405177971871126
       2389.5211150853901927
          0.0173517658123957
          0.6375876119831990
          0.4400270294356722
          0.0179046161778773
          0.9737895187184540
          0.6699530809395341
          0.0201566959804743
          2.3097998778605495
          1.6236982496956698
          0.9266920368801168
        709.9709824251815462
        625.2825956170394193
          0.0012895620289295
          0.0864176795958616
          0.0523426699610261
          0.0013012830890087
          0.1307604111381642
          0.0791625228284810
          0.0013489608497423
          0.3013511674579966
          0.1859410379208959
          0.0202817544316825
         60.5757959124961260
         50.4070409258476531
1
          2.2713205203883988
          5.6643878212657803
          1.5958981425483403
          3.8225324583626481
          1.1117425248532813
          2.5561679786054832
          0.6679359696081790
          1.4633153161797186
          0.2957580652423102
          0.6172679374785138
          0.0819953940485769
          0.1659842119175831
          0.0033469664844681
          0.0066972563678188
          0.0000055799984289
          0.0000111600060951
          0.4284572979198951
          3.0095463784944325
          2.8466265493020475
          0.5183597547310415
          9.2353320307812758
          8.0099775339197610
          0.4098554192865441
          1.9966322049321170
          2.0361869380559798
          0.5896603329088365
         14.4482035095057917
         12.3628889072912980
          0.2917121262297904
          2.1523210578047154
          1.9771706843777794
          0.3424310821334769
          6.6319046973329652
          5.5856961443902753
          0.2811850256316069
          1.3798869973105934
          1.3886427523002047
          0.3826229374389803
         10.3390542763670972
          8.6056936723252093
          0.1701580484931633
          3.8064977432206351
          3.0516778707073251
          0.1852060948075741
          5.9004708554648131
          4.6873089016733616
          0.0655497629867393
          1.7962816414260117
          1.3487534586529264
          0.0693898736945921
          2.7649631868820808
          2.0634437056370234
          0.0850599275507874
          6.7262844123452519
          5.1086379304541820
          6.4944927964571484
       2742.4405177971871126
       2389.5211150853888284
          0.0173517658123957
          0.6375876119831991
          0.4400270294356720
          0.0179046161778773
          0.9737895187184545
          0.6699530809395340
          0.0201566959804743
          2.3097998778605495
          1.6236982496956698
          0.9266920368801168
        709.9709824251816599
        625.2825956170383961
          0.0012895620289295
          0.0864176795958616
          0.0523426699610261
          0.0013012830890087
          0.1307604111381642
          0.0791625228284810
          0.0013489608497423
          0.3013511674579966
          0.1859410379208959
          0.0202817544316825
         60.5757959124961118
         50.4070409258476317
