1  82   2   1   2   -6.336605   0.000000
  0 
./DATA/100/00/GA/G024/M027/
0
          4.5247858820223135
          3.1506328148977065
          2.2098204426798271
          1.3773472818919403
          0.6779861775731453
          0.2354554215090500
          0.0187818249001521
          0.0001369582622252
          1.9800334432821798
          5.3833467245634088
          0.8419735637593913
          4.2452868450406145
          1.4379891103465152
          3.9349033606864685
          0.5954996668525442
          3.0924139171924976
          2.3441616623155972
          1.8316655809906155
          1.1758829244440361
          0.9122128262698320
          0.5903860121714607
          0.1090108652874187
          0.4594817743320300
          0.3536010401237373
          0.2228602394598635
          0.0328943894309843
          0.0763273215414354
          0.0581763450219637
          0.0354419109269387
          0.0036702000421026
          5.8573887424226099
          4.0031950219146282
          2.7241594305322532
          1.6159866302447619
          0.7411122711002833
          0.2384911791780623
          0.0174090567707870
          0.0001258698618612
          7.0288648656737260
         18.2321830260903468
          2.7884502229584109
         13.9917683833750175
          5.0545741569090730
         13.1121369006830388
          1.9755558166443852
         10.0331185604183606
          7.6096529269349844
          5.7958921887068282
          3.7070141656001852
          2.8083060675989739
          1.7338850756966391
          0.2465767875475336
          1.4156294329938832
          1.0666307052428656
          0.6421310990411235
          0.0730511336939368
          0.2386742636529705
          0.1789673119375101
          0.1044003939814127
          0.0079746890200693
          3.0241507144989370
          9.6063732313830847
          1.0945416715171561
          7.6767641884013100
          2.1509245821272769
          6.9324309466687843
          0.7548072271363017
          5.5363135916778079
          4.0374261189856959
          3.2171757011136459
          1.9685138014003014
          1.5613486247985775
          1.0309323148443983
          0.1672194132989534
          0.7486704651951117
          0.5891309968251189
          0.3793373939929204
          0.0517165581969899
          0.1243245336961959
          0.0963502774554042
          0.0594414943124221
          0.0057960206562009
1
          4.5247858820223144
          3.1506328148977065
          2.2098204426798267
          1.3773472818919401
          0.6779861775731453
          0.2354554215090500
          0.0187818249001521
          0.0001369582622252
          1.9800334432821793
          5.3833467245634079
          0.8419735637593913
          4.2452868450406145
          1.4379891103465150
          3.9349033606864690
          0.5954996668525443
          3.0924139171924963
          2.3441616623155985
          1.8316655809906157
          1.1758829244440365
          0.9122128262698320
          0.5903860121714605
          0.1090108652874186
          0.4594817743320300
          0.3536010401237373
          0.2228602394598634
          0.0328943894309843
          0.0763273215414354
          0.0581763450219637
          0.0354419109269387
          0.0036702000421026
          5.8573887424226090
          4.0031950219146282
          2.7241594305322532
          1.6159866302447621
          0.7411122711002834
          0.2384911791780622
          0.0174090567707870
          0.0001258698618612
          7.0288648656737314
         18.2321830260903397
          2.7884502229584132
         13.9917683833750246
          5.0545741569090756
         13.1121369006830335
          1.9755558166443885
         10.0331185604183570
          7.6096529269349835
          5.7958921887068282
          3.7070141656001909
          2.8083060675989753
          1.7338850756966402
          0.2465767875475340
          1.4156294329938823
          1.0666307052428661
          0.6421310990411233
          0.0730511336939367
          0.2386742636529704
          0.1789673119375104
          0.1044003939814127
          0.0079746890200693
          3.0241507144989361
          9.6063732313830883
          1.0945416715171565
          7.6767641884013083
          2.1509245821272787
          6.9324309466687852
          0.7548072271363011
          5.5363135916778043
          4.0374261189856986
          3.2171757011136437
          1.9685138014003010
          1.5613486247985777
          1.0309323148443983
          0.1672194132989533
          0.7486704651951119
          0.5891309968251192
          0.3793373939929203
          0.0517165581969899
          0.1243245336961959
          0.0963502774554043
          0.0594414943124221
          0.0057960206562009
   0    2  0.184977 -0.139587 -1.293148 
          0.0000000000000000           0.0000000000000000          -0.0000000000000001
         -0.0000000000000001          -0.0000000000000000          -0.0000000000000001
          0.0000000000000001          -0.0000000000000001           0.0000000000000000
          0.0000000000000001           0.0000000000000000          -0.0000000000000000
          0.0000000000000001          -0.0000000000000000          -0.0000000000000000
          0.0000000000000000          -0.0000000000000000          -0.0000000000000000
          0.0000000000000000          -0.0000000000000000           0.0000000000000000
         -0.0000000000000000           0.0000000000000000           0.0000000000000000
         -0.0000000000000001          -0.0000000000000000           0.0000000000000000
         -0.0000000000000002          -0.0000000000000002          -0.0000000000000001
          0.0000000000000000          -0.0000000000000001          -0.0000000000000000
         -0.0000000000000001          -0.0000000000000002          -0.0000000000000000
         -0.0000000000000000          -0.0000000000000001           0.0000000000000000
         -0.0000000000000001           0.0000000000000002           0.0000000000000001
          0.0000000000000000          -0.0000000000000000          -0.0000000000000000
          0.0000000000000000           0.0000000000000003          -0.0000000000000001
          0.0000000000000000          -0.0000000000000002           0.0000000000000000
         -0.0000000000000000           0.0000000000000002          -0.0000000000000000
          0.0000000000000000           0.0000000000000003           0.0000000000000000
         -0.0000000000000000           0.0000000000000000          -0.0000000000000000
          0.0000000000000000           0.0000000000000001           0.0000000000000000
         -0.0000000000000000           0.0000000000000000          -0.0000000000000000
          0.0000000000000001          -0.0000000000000001          -0.0000000000000000
         -0.0000000000000000           0.0000000000000001          -0.0000000000000000
         -0.0000000000000000          -0.0000000000000001          -0.0000000000000000
         -0.0000000000000000           0.0000000000000000           0.0000000000000000
         -0.0000000000000000          -0.0000000000000000           0.0000000000000000
         -0.0000000000000000          -0.0000000000000000           0.0000000000000000
          0.0000000000000000           0.0000000000000000           0.0000000000000000
          0.0000000000000000          -0.0000000000000000          -0.0000000000000000
          0.0213259443180562           0.0061747529045759          -0.0611227599953792
          0.0036751058776812           0.0108839640280892           0.0471182222286132
         -0.0073469016793991           0.0200422232200460           0.1246839829299492
         -0.0141868655700755           0.0300515490065242           0.1905212023091950
         -0.0172272806260711           0.0315170115274803           0.2196633719577636
         -0.0161945671705759           0.0196976685992557           0.1706156249068324
         -0.0050633686813480           0.0038789592909682           0.0382712508333602
         -0.0001100270609061           0.0001104695324192           0.0006929870235654
         -0.0338991347483941           0.0712197679974798           0.4960528585122002
          0.0212565244488930           0.0534857407150224           0.2269925007436908
         -0.0223330555346530           0.0627369543820471           0.3830459235767490
          0.0328226036626321           0.0450029270995897           0.1139855658082404
         -0.0320536920502370           0.0611572244225982           0.4406240445539926
         -0.0062640372405467           0.0626417318093303           0.3367530593921548
         -0.0180382272373921           0.0488621795258679           0.3111387036438545
          0.0077514275722977           0.0503466869125985           0.2072677184820165
         -0.0248074453924118           0.0713171046430052           0.4016229652012027
         -0.0102794459950614           0.0563280691104612           0.2677000888779180
         -0.0254535643135605           0.0690145852607597           0.3709630256563228
         -0.0132245520171123           0.0548836534339614           0.2547680274600961
         -0.0015920336150119           0.0293275800102973           0.1187052515770298
          0.0005344725214158          -0.0151120605976488          -0.0403595551441358
         -0.0165495674962074           0.0511451566893651           0.2634640903921618
         -0.0082919945893938           0.0412373109205075           0.1834799776103402
         -0.0010851665462375           0.0242454184365280           0.0907339685538880
         -0.0010807200556073          -0.0052992849564175          -0.0097329208228072
         -0.0059980941679547           0.0180602279729208           0.0989262240852924
         -0.0027550283381492           0.0147782036158452           0.0697269449287946
          0.0000293297545773           0.0093315665036020           0.0353539928356728
         -0.0002368518241050          -0.0003940474981253          -0.0001723245627373
         -0.0366445015323514           0.0980829428832702           0.5677385025271524
          0.0240018912328486           0.0266225658292340           0.1553068567287387
         -0.0129286900064868           0.0492457389096918           0.2895955769747274
          0.0477177027587130          -0.0222146381443441          -0.1228360688236857
         -0.0340537189420527           0.0888000653303323           0.5118937153159812
         -0.0042640103487309           0.0349988909015972           0.2654833886301649
         -0.0114256534360250           0.0426836286665991           0.2488034289192475
          0.0183640551572966          -0.0111175457621363           0.0023931022334319
         -0.0242695700619185           0.0455049841571415           0.3385118489251467
         -0.0053558644788578           0.0058719837651349           0.1130788352896437
         -0.0262505308171539           0.0487736690776996           0.3238345830962169
         -0.0127038693467391           0.0191825945919561           0.1545668347981139
         -0.0015560204515923          -0.0049193264918379           0.0140487709004329
         -0.0012058951585397           0.0009067064293836           0.0213295110477009
         -0.0178698158030464           0.0390316830811106           0.2360711929963777
         -0.0097492336178847           0.0214969981831073           0.1320206751118595
         -0.0025735895508746           0.0047022548459338           0.0349708489031918
         -0.0014150505084286          -0.0010575423099326           0.0075024769541836
         -0.0067505140967067           0.0148201875076820           0.0914700068843574
         -0.0037768775393077           0.0098752894893267           0.0573787101962175
         -0.0009291498696793           0.0044307640424304           0.0217479928326866
         -0.0002968170393060          -0.0002405490884125           0.0007296291907087
   1
          0.0000000000000000           0.0000000000000000           0.0000000000000000
          0.0000000000000000           0.0000000000000000           0.0000000000000000
          0.0000000000000000           0.0000000000000000           0.0000000000000000
          0.0000000000000000           0.0000000000000000           0.0000000000000000
          0.0000000000000000           0.0000000000000000           0.0000000000000000
          0.0000000000000000           0.0000000000000000           0.0000000000000000
          0.0000000000000000           0.0000000000000000           0.0000000000000000
          0.0000000000000000           0.0000000000000000           0.0000000000000000
          0.0000000000000000           0.0000000000000000           0.0000000000000000
          0.0000000000000000           0.0000000000000000           0.0000000000000000
          0.0000000000000000           0.0000000000000000           0.0000000000000000
          0.0000000000000000           0.0000000000000000           0.0000000000000000
          0.0000000000000000           0.0000000000000000           0.0000000000000000
          0.0000000000000000           0.0000000000000000           0.0000000000000000
          0.0000000000000000           0.0000000000000000           0.0000000000000000
          0.0000000000000000           0.0000000000000000           0.0000000000000000
          0.0000000000000000           0.0000000000000000           0.0000000000000000
          0.0000000000000000           0.0000000000000000           0.0000000000000000
          0.0000000000000000           0.0000000000000000           0.0000000000000000
          0.0000000000000000           0.0000000000000000           0.0000000000000000
          0.0000000000000000           0.0000000000000000           0.0000000000000000
          0.0000000000000000           0.0000000000000000           0.0000000000000000
          0.0000000000000000           0.0000000000000000           0.0000000000000000
          0.0000000000000000           0.0000000000000000           0.0000000000000000
          0.0000000000000000           0.0000000000000000           0.0000000000000000
          0.0000000000000000           0.0000000000000000           0.0000000000000000
          0.0000000000000000           0.0000000000000000           0.0000000000000000
          0.0000000000000000           0.0000000000000000           0.0000000000000000
          0.0000000000000000           0.0000000000000000           0.0000000000000000
          0.0000000000000000           0.0000000000000000           0.0000000000000000
          0.0213259443180562           0.0061747529045757          -0.0611227599953791
          0.0036751058776812           0.0108839640280894           0.0471182222286132
         -0.0073469016793991           0.0200422232200460           0.1246839829299489
         -0.0141868655700754           0.0300515490065242           0.1905212023091952
         -0.0172272806260711           0.0315170115274803           0.2196633719577639
         -0.0161945671705759           0.0196976685992557           0.1706156249068325
         -0.0050633686813480           0.0038789592909682           0.0382712508333602
         -0.0001100270609061           0.0001104695324192           0.0006929870235654
          0.0218133518622852           0.0159734844522784           0.1294260897230109
         -0.0470985724612920           0.2334375329727324           1.3166646287887720
          0.0087749515325955           0.0353555815715408           0.2149280071022468
         -0.0601369727909803           0.2528196300919900           1.4021665461680137
         -0.0008085265091236           0.0171496158198899           0.1932746332831468
         -0.0758269320724455           0.2304482966439698           1.3614795746091435
         -0.0021126617424202           0.0206254313500517           0.1916903252910121
         -0.0771310673057420           0.2339241121741329           1.3598952666170150
         -0.0875683740656383           0.2131533107266167           1.2750792618987097
         -0.0804297943728275           0.1997291524044486           1.1936789946441273
         -0.0740372117495007           0.1733583033600500           1.0248236960391659
         -0.0653737886374518           0.1516500063581818           0.9113069407652399
         -0.0555454175149267           0.1085671064191647           0.7359881593232884
         -0.0176713022860886           0.0154406373002202           0.1970733784936416
         -0.0480513331011045           0.1123946081692063           0.6650644277576508
         -0.0416737747493156           0.0932076940986387           0.5668112717623732
         -0.0337648866572405           0.0621586467692031           0.4226237941026671
         -0.0082519113406458           0.0070778430781976           0.0828135063300284
         -0.0183997677997013           0.0353535461588228           0.2309276564817197
         -0.0155463602329176           0.0279935237059521           0.1882787798715004
         -0.0114473221073147           0.0177179923188170           0.1277578267921176
         -0.0016343578913141           0.0018736571321756           0.0155488675353151
         -0.0366445015323509           0.0980829428832704           0.5677385025271522
          0.0240018912328492           0.0266225658292334           0.1553068567287401
         -0.0129286900064868           0.0492457389096916           0.2895955769747280
          0.0477177027587133          -0.0222146381443461          -0.1228360688236847
         -0.0340537189420531           0.0888000653303321           0.5118937153159779
         -0.0042640103487312           0.0349988909015953           0.2654833886301686
         -0.0114256534360252           0.0426836286665990           0.2488034289192460
          0.0183640551572971          -0.0111175457621351           0.0023931022334302
         -0.0242695700619188           0.0455049841571412           0.3385118489251476
         -0.0053558644788578           0.0058719837651333           0.1130788352896439
         -0.0262505308171540           0.0487736690776990           0.3238345830962173
         -0.0127038693467390           0.0191825945919558           0.1545668347981146
         -0.0015560204515922          -0.0049193264918383           0.0140487709004328
         -0.0012058951585397           0.0009067064293836           0.0213295110477008
         -0.0178698158030464           0.0390316830811103           0.2360711929963779
         -0.0097492336178848           0.0214969981831076           0.1320206751118598
         -0.0025735895508747           0.0047022548459340           0.0349708489031916
         -0.0014150505084286          -0.0010575423099326           0.0075024769541836
         -0.0067505140967068           0.0148201875076821           0.0914700068843574
         -0.0037768775393077           0.0098752894893267           0.0573787101962176
         -0.0009291498696793           0.0044307640424304           0.0217479928326867
         -0.0002968170393060          -0.0002405490884125           0.0007296291907087
   0
          0.0000000000000000           0.0000000000000000           0.0000000000000001
          0.0000000000000001           0.0000000000000000           0.0000000000000001
         -0.0000000000000001           0.0000000000000001          -0.0000000000000000
         -0.0000000000000001          -0.0000000000000000           0.0000000000000000
         -0.0000000000000001           0.0000000000000000           0.0000000000000000
         -0.0000000000000000           0.0000000000000000           0.0000000000000000
         -0.0000000000000000           0.0000000000000000          -0.0000000000000000
          0.0000000000000000          -0.0000000000000000          -0.0000000000000000
          0.0000000000000005          -0.0000000000000002          -0.0000000000000002
         -0.0000000000000003           0.0000000000000008           0.0000000000000001
          0.0000000000000000           0.0000000000000003          -0.0000000000000001
         -0.0000000000000009           0.0000000000000020           0.0000000000000003
          0.0000000000000002           0.0000000000000003          -0.0000000000000001
         -0.0000000000000003          -0.0000000000000019           0.0000000000000002
          0.0000000000000001          -0.0000000000000000          -0.0000000000000000
         -0.0000000000000003           0.0000000000000001          -0.0000000000000002
         -0.0000000000000003          -0.0000000000000007           0.0000000000000001
         -0.0000000000000001           0.0000000000000000           0.0000000000000000
          0.0000000000000004           0.0000000000000002           0.0000000000000000
          0.0000000000000002           0.0000000000000001          -0.0000000000000000
         -0.0000000000000000          -0.0000000000000000          -0.0000000000000000
          0.0000000000000000          -0.0000000000000000           0.0000000000000000
          0.0000000000000000          -0.0000000000000001           0.0000000000000000
         -0.0000000000000000          -0.0000000000000001           0.0000000000000000
          0.0000000000000000           0.0000000000000001          -0.0000000000000000
         -0.0000000000000000          -0.0000000000000000          -0.0000000000000000
         -0.0000000000000000           0.0000000000000000           0.0000000000000000
          0.0000000000000000           0.0000000000000000          -0.0000000000000000
          0.0000000000000000           0.0000000000000000           0.0000000000000000
          0.0000000000000000           0.0000000000000000          -0.0000000000000000
          0.0000000000000000           0.0000000000000000           0.0000000000000000
          0.0000000000000000           0.0000000000000000           0.0000000000000000
          0.0000000000000000           0.0000000000000000           0.0000000000000000
          0.0000000000000000           0.0000000000000000           0.0000000000000000
          0.0000000000000000           0.0000000000000000           0.0000000000000000
          0.0000000000000000           0.0000000000000000           0.0000000000000000
          0.0000000000000000           0.0000000000000000           0.0000000000000000
          0.0000000000000000           0.0000000000000000           0.0000000000000000
          0.0557124866106800          -0.0552462835452013          -0.3666267687891896
         -0.0683550969101821           0.1799517922577098           1.0896721280450805
          0.0311080070672490          -0.0273813728105073          -0.1681179164745027
         -0.0929595764536125           0.2078167029924005           1.2881809803597690
          0.0312451655411130          -0.0440076086027102          -0.2473494112708458
         -0.0695628948318988           0.1678065648346408           1.0247265152169938
          0.0159255654949719          -0.0282367481758171          -0.1194483783528415
         -0.0848824948780404           0.1835774252615327           1.1526275481349977
         -0.0627609286732267           0.1418362060836114           0.8734562966975014
         -0.0701503483777658           0.1434010832939869           0.9259789057662128
         -0.0485836474359398           0.1043437180992903           0.6538606703828420
         -0.0521492366203396           0.0967663529242201           0.6565389133051428
         -0.0539533838999149           0.0792395264088675           0.6172829077462564
         -0.0182057748075043           0.0305526978978691           0.2374329336377775
         -0.0315017656048973           0.0612494514798412           0.4016003373654880
         -0.0333817801599219           0.0519703831781313           0.3833312941520329
         -0.0326797201110029           0.0379132283326752           0.3318898255487789
         -0.0071711912850385           0.0123771280346152           0.0925464271528355
         -0.0124016736317465           0.0172933181859021           0.1320014323964275
         -0.0127913318947684           0.0132153200901070           0.1185518349427060
         -0.0114766518618920           0.0083864258152151           0.0924038339564448
         -0.0013975060672090           0.0022677046303008           0.0157211920980524
          0.0000000000000000           0.0000000000000000           0.0000000000000000
          0.0000000000000000           0.0000000000000000           0.0000000000000000
          0.0000000000000000           0.0000000000000000           0.0000000000000000
          0.0000000000000000           0.0000000000000000           0.0000000000000000
          0.0000000000000000           0.0000000000000000           0.0000000000000000
          0.0000000000000000           0.0000000000000000           0.0000000000000000
          0.0000000000000000           0.0000000000000000           0.0000000000000000
          0.0000000000000000           0.0000000000000000           0.0000000000000000
          0.0000000000000000           0.0000000000000000           0.0000000000000000
          0.0000000000000000           0.0000000000000000           0.0000000000000000
          0.0000000000000000           0.0000000000000000           0.0000000000000000
          0.0000000000000000           0.0000000000000000           0.0000000000000000
          0.0000000000000000           0.0000000000000000           0.0000000000000000
          0.0000000000000000           0.0000000000000000           0.0000000000000000
          0.0000000000000000           0.0000000000000000           0.0000000000000000
          0.0000000000000000           0.0000000000000000           0.0000000000000000
          0.0000000000000000           0.0000000000000000           0.0000000000000000
          0.0000000000000000           0.0000000000000000           0.0000000000000000
          0.0000000000000000           0.0000000000000000           0.0000000000000000
          0.0000000000000000           0.0000000000000000           0.0000000000000000
          0.0000000000000000           0.0000000000000000           0.0000000000000000
          0.0000000000000000           0.0000000000000000           0.0000000000000000
