1  82   2   1   2   -5.992326   0.000000
  0 
./DATA/100/00/GA/G006/M025/
0
          3.9872818943517756
          2.5980953140105356
          1.6875857040241087
          0.9496138532051193
          0.4163736387945127
          0.1333570118814323
          0.0104401048067015
          0.0000818744302575
          1.1084745864755969
          3.0264913491593792
          0.4411432270860838
          2.3591599897698647
          0.7355007319717131
          2.0068441785757489
          0.2937429906341766
          1.5650864372382134
          1.0053284246965652
          0.7843846724569897
          0.3930927300270906
          0.3067109505715632
          0.2068207396094431
          0.0484789512735175
          0.1069868009977776
          0.0834182451736604
          0.0562052010387199
          0.0126691763125490
          0.0085474635215159
          0.0066496250485601
          0.0044605337097885
          0.0009289971728179
          5.1404373396763603
          3.6178760292166303
          2.5395098456451772
          1.5738482165785110
          0.7725064091203433
          0.2744150863509481
          0.0244130739920299
          0.0002360572281050
          4.6644059877291291
         14.5481410168684544
          1.7348483954202956
         11.6185834245596347
          3.3358435599075977
         10.3921363156646951
          1.2260592927829874
          8.2823520485400799
          5.9486016286798451
          4.7214407835056091
          2.8396104233189408
          2.2392599691057908
          1.4896568390556828
          0.3029494630901096
          1.0587680413089646
          0.8270075963241469
          0.5343179830338572
          0.0913247327799338
          0.1761730627466700
          0.1354318714843661
          0.0831101128937849
          0.0095633368110818
          3.0399386052955077
          6.5663348970032906
          1.3647900793213050
          4.8911863710290842
          2.1557731478057272
          4.7082167899804181
          0.9561778836479478
          3.5086215258226368
          2.7150767556852538
          2.0245887907437901
          1.3108090744380108
          0.9780414082905662
          0.5961335067898289
          0.0873902399076251
          0.4965906540027907
          0.3706660465879675
          0.2222568776247244
          0.0273579585072167
          0.0847222389853554
          0.0632342105196435
          0.0368386711799343
          0.0031131730766803
1
          3.9872818943517752
          2.5980953140105356
          1.6875857040241080
          0.9496138532051193
          0.4163736387945126
          0.1333570118814323
          0.0104401048067015
          0.0000818744302575
          1.1084745864755969
          3.0264913491593788
          0.4411432270860840
          2.3591599897698652
          0.7355007319717127
          2.0068441785757489
          0.2937429906341767
          1.5650864372382138
          1.0053284246965652
          0.7843846724569898
          0.3930927300270906
          0.3067109505715631
          0.2068207396094431
          0.0484789512735175
          0.1069868009977776
          0.0834182451736604
          0.0562052010387199
          0.0126691763125490
          0.0085474635215159
          0.0066496250485601
          0.0044605337097885
          0.0009289971728179
          5.1404373396763612
          3.6178760292166294
          2.5395098456451781
          1.5738482165785110
          0.7725064091203432
          0.2744150863509482
          0.0244130739920299
          0.0002360572281050
          4.6644059877291335
         14.5481410168684544
          1.7348483954202962
         11.6185834245596400
          3.3358435599075982
         10.3921363156647040
          1.2260592927829881
          8.2823520485400799
          5.9486016286798433
          4.7214407835056083
          2.8396104233189385
          2.2392599691057908
          1.4896568390556824
          0.3029494630901093
          1.0587680413089648
          0.8270075963241469
          0.5343179830338568
          0.0913247327799337
          0.1761730627466699
          0.1354318714843660
          0.0831101128937849
          0.0095633368110818
          3.0399386052955077
          6.5663348970032871
          1.3647900793213037
          4.8911863710290895
          2.1557731478057289
          4.7082167899804164
          0.9561778836479474
          3.5086215258226345
          2.7150767556852524
          2.0245887907437892
          1.3108090744380119
          0.9780414082905667
          0.5961335067898293
          0.0873902399076251
          0.4965906540027905
          0.3706660465879675
          0.2222568776247243
          0.0273579585072167
          0.0847222389853554
          0.0632342105196435
          0.0368386711799343
          0.0031131730766803
   0    2 -0.353475 -0.459069  0.654244 
          0.0000000000000000           0.0000000000000000           0.0000000000000000
          0.0000000000000000           0.0000000000000001           0.0000000000000000
          0.0000000000000000           0.0000000000000000           0.0000000000000001
          0.0000000000000000           0.0000000000000001           0.0000000000000000
          0.0000000000000000           0.0000000000000000          -0.0000000000000000
         -0.0000000000000000          -0.0000000000000000          -0.0000000000000000
          0.0000000000000000           0.0000000000000000           0.0000000000000000
          0.0000000000000000          -0.0000000000000000           0.0000000000000000
          0.0000000000000001          -0.0000000000000001          -0.0000000000000000
         -0.0000000000000002          -0.0000000000000001          -0.0000000000000000
          0.0000000000000000          -0.0000000000000000          -0.0000000000000000
          0.0000000000000001          -0.0000000000000002          -0.0000000000000001
          0.0000000000000000           0.0000000000000000          -0.0000000000000000
          0.0000000000000001          -0.0000000000000000          -0.0000000000000001
          0.0000000000000000          -0.0000000000000000           0.0000000000000000
         -0.0000000000000000          -0.0000000000000001           0.0000000000000000
         -0.0000000000000001          -0.0000000000000000          -0.0000000000000001
          0.0000000000000000           0.0000000000000001           0.0000000000000000
          0.0000000000000000          -0.0000000000000000           0.0000000000000000
          0.0000000000000000           0.0000000000000001          -0.0000000000000000
         -0.0000000000000000           0.0000000000000000           0.0000000000000000
          0.0000000000000000          -0.0000000000000000           0.0000000000000000
          0.0000000000000000           0.0000000000000000          -0.0000000000000000
          0.0000000000000000           0.0000000000000000          -0.0000000000000000
         -0.0000000000000000          -0.0000000000000000          -0.0000000000000000
         -0.0000000000000000          -0.0000000000000000           0.0000000000000000
          0.0000000000000000           0.0000000000000000          -0.0000000000000000
          0.0000000000000000          -0.0000000000000000           0.0000000000000000
          0.0000000000000000           0.0000000000000000           0.0000000000000000
         -0.0000000000000000           0.0000000000000000          -0.0000000000000000
          0.0879859946494214           0.0001416045789574          -0.0179630288515324
          0.0188032422569584          -0.0056358078292305          -0.0090902524917160
         -0.0190432376737545           0.0039758380786183           0.0093014591565568
         -0.0330886739320286           0.0291698629304251           0.0210843594998500
         -0.0165403899498394           0.0577854826954711           0.0053033704713333
          0.0089508730587360           0.0559472138334974          -0.0229808658311915
          0.0079823321123652           0.0145758157764310          -0.0137692013321261
          0.0002319420780541           0.0003692837736068          -0.0004175829555622
         -0.0131287011057386           0.0819773021078588           0.0004078880080493
          0.0248870565611682          -0.1023176734113411          -0.0251609720519469
          0.0434159159933647           0.0439543784829409          -0.0007132713492948
          0.0814316736602705          -0.1403405970362556          -0.0262821314092925
         -0.0229188353294404           0.0830418884043703           0.0011249134463805
         -0.0467569525394624          -0.0874324160944984           0.0168185945762812
          0.0299809355297903           0.0460782822781057          -0.0045545448729778
          0.0061428183197692          -0.1243960222207630           0.0111391362569232
         -0.0887196850587001          -0.0565751404618174           0.0574218652717568
         -0.0461268958391548          -0.0908085929771955           0.0488740610939888
         -0.0763778388912107          -0.0217947318944784           0.0691508354111516
         -0.0488003445573732          -0.0499943893400860           0.0619824805690478
         -0.0264939480000707          -0.0555224762471999           0.0252363955647682
         -0.0090537098800063           0.0271639361355795          -0.0253056793826675
         -0.0352494224091326           0.0023020762391765           0.0508135127188502
         -0.0230635962912892          -0.0162964432207168           0.0477793274422714
         -0.0153052969632044          -0.0251338936087718           0.0279639737535576
         -0.0069766454947990           0.0074866198786173          -0.0115611817776641
          0.0021160998908572           0.0071959149655152           0.0145212057332710
          0.0026540993262453           0.0010034378204834           0.0152323770954858
          0.0008364121812933          -0.0035924583642829           0.0114376378851640
         -0.0017270841410062           0.0004003809597775          -0.0017344507514707
         -0.1418116221938708           0.0319411286250517           0.0888054558130391
          0.1535699776493003          -0.0522814999285347          -0.1135585398569375
         -0.1061091844363946           0.0842743721220082           0.0502678105219481
          0.1892724154067768           0.0000517435684220          -0.1520961851480283
         -0.1298408193628545           0.0364335201180744           0.0866997043525072
          0.0601650314939514          -0.0408240478082027          -0.0687561963298447
         -0.0902106421832517           0.0714765016175830           0.0438538929409866
          0.0997952086735544          -0.0057810663086939          -0.1116020077413652
         -0.0177655187442343          -0.0180745770889169          -0.0148191006217166
          0.0178370282967362          -0.0038914603418827          -0.0556863863501348
         -0.0422452791613953           0.0051802290203891           0.0187621022196022
         -0.0190016005143240           0.0044817080847923          -0.0114825455218473
         -0.0122384663695377           0.0052409932949275          -0.0287816576358720
          0.0104096133296657           0.0019893611965280           0.0001143130438963
         -0.0273471223782500           0.0171289745707447           0.0238028556433800
         -0.0185531802941037           0.0106807990602505           0.0082605957607495
         -0.0149143833424587           0.0050216271368798          -0.0049537377563012
          0.0021087147658781           0.0010774179631776          -0.0028742595289981
         -0.0003036079226434           0.0111825020693689           0.0075912473401089
         -0.0015407332010800           0.0074188403873050           0.0051480745206815
         -0.0035271748572664           0.0033913757727022           0.0021335322861122
         -0.0003688964273908           0.0001803636848304          -0.0007733529783174
   1
          0.0000000000000000           0.0000000000000000           0.0000000000000000
          0.0000000000000000           0.0000000000000000           0.0000000000000000
          0.0000000000000000           0.0000000000000000           0.0000000000000000
          0.0000000000000000           0.0000000000000000           0.0000000000000000
          0.0000000000000000           0.0000000000000000           0.0000000000000000
          0.0000000000000000           0.0000000000000000           0.0000000000000000
          0.0000000000000000           0.0000000000000000           0.0000000000000000
          0.0000000000000000           0.0000000000000000           0.0000000000000000
          0.0000000000000000           0.0000000000000000           0.0000000000000000
          0.0000000000000000           0.0000000000000000           0.0000000000000000
          0.0000000000000000           0.0000000000000000           0.0000000000000000
          0.0000000000000000           0.0000000000000000           0.0000000000000000
          0.0000000000000000           0.0000000000000000           0.0000000000000000
          0.0000000000000000           0.0000000000000000           0.0000000000000000
          0.0000000000000000           0.0000000000000000           0.0000000000000000
          0.0000000000000000           0.0000000000000000           0.0000000000000000
          0.0000000000000000           0.0000000000000000           0.0000000000000000
          0.0000000000000000           0.0000000000000000           0.0000000000000000
          0.0000000000000000           0.0000000000000000           0.0000000000000000
          0.0000000000000000           0.0000000000000000           0.0000000000000000
          0.0000000000000000           0.0000000000000000           0.0000000000000000
          0.0000000000000000           0.0000000000000000           0.0000000000000000
          0.0000000000000000           0.0000000000000000           0.0000000000000000
          0.0000000000000000           0.0000000000000000           0.0000000000000000
          0.0000000000000000           0.0000000000000000           0.0000000000000000
          0.0000000000000000           0.0000000000000000           0.0000000000000000
          0.0000000000000000           0.0000000000000000           0.0000000000000000
          0.0000000000000000           0.0000000000000000           0.0000000000000000
          0.0000000000000000           0.0000000000000000           0.0000000000000000
          0.0000000000000000           0.0000000000000000           0.0000000000000000
          0.0879859946494214           0.0001416045789575          -0.0179630288515324
          0.0188032422569583          -0.0056358078292305          -0.0090902524917161
         -0.0190432376737544           0.0039758380786182           0.0093014591565568
         -0.0330886739320286           0.0291698629304252           0.0210843594998500
         -0.0165403899498394           0.0577854826954710           0.0053033704713333
          0.0089508730587360           0.0559472138334975          -0.0229808658311915
          0.0079823321123652           0.0145758157764310          -0.0137692013321261
          0.0002319420780541           0.0003692837736068          -0.0004175829555622
          0.1568598532936655           0.0315108853786419          -0.1264963732102286
         -0.1333431423828093          -0.0721916279856040           0.0769902051224312
          0.1092517312191079           0.1068530749702355          -0.0566677780939930
         -0.1809512644573677           0.0031505616059840           0.1468188002386665
          0.0788209911329831           0.0215574502153542          -0.0949578636111135
         -0.2181725668707891          -0.0303385055956132           0.1308448796564385
          0.0707318236065338           0.0822498116508408          -0.0622875593180545
         -0.2262617343972381           0.0303538558398768           0.1635151839494970
         -0.2439873429419842           0.0248847902455209           0.1649863824000416
         -0.2224548633485843           0.0610307428879182           0.1603987287545206
         -0.1834089956582639           0.0621244977140643           0.1459692566212865
         -0.1572924250726603           0.0742343960993868           0.1240486690156678
         -0.1186046509655266           0.1084775080958318           0.0497709095684616
          0.0202079432008250           0.1114156699398951          -0.0641116079932322
         -0.0830761439728244           0.0644429487156259           0.0867181522123572
         -0.0687414989791156           0.0617376403983680           0.0674186714430180
         -0.0521827995574062           0.0636555806657772           0.0241322847956077
          0.0007280562101364           0.0427010671966242          -0.0271409114793551
          0.0012753308971426           0.0292190815320571           0.0169727381461767
          0.0010170330250768           0.0245537522233674           0.0116520398724739
         -0.0013820082423556           0.0189808390439466           0.0024630542428781
         -0.0015291447150307           0.0065802765098072          -0.0045505062471740
         -0.1418116221938717           0.0319411286250529           0.0888054558130391
          0.1535699776492994          -0.0522814999285339          -0.1135585398569370
         -0.1061091844363950           0.0842743721220076           0.0502678105219481
          0.1892724154067774           0.0000517435684215          -0.1520961851480286
         -0.1298408193628545           0.0364335201180747           0.0866997043525077
          0.0601650314939518          -0.0408240478082042          -0.0687561963298442
         -0.0902106421832519           0.0714765016175830           0.0438538929409868
          0.0997952086735542          -0.0057810663086944          -0.1116020077413652
         -0.0177655187442338          -0.0180745770889169          -0.0148191006217163
          0.0178370282967359          -0.0038914603418821          -0.0556863863501347
         -0.0422452791613953           0.0051802290203895           0.0187621022196024
         -0.0190016005143238           0.0044817080847922          -0.0114825455218473
         -0.0122384663695379           0.0052409932949271          -0.0287816576358719
          0.0104096133296657           0.0019893611965280           0.0001143130438963
         -0.0273471223782501           0.0171289745707451           0.0238028556433799
         -0.0185531802941038           0.0106807990602506           0.0082605957607494
         -0.0149143833424586           0.0050216271368799          -0.0049537377563012
          0.0021087147658781           0.0010774179631776          -0.0028742595289981
         -0.0003036079226434           0.0111825020693689           0.0075912473401089
         -0.0015407332010800           0.0074188403873051           0.0051480745206815
         -0.0035271748572664           0.0033913757727022           0.0021335322861122
         -0.0003688964273908           0.0001803636848304          -0.0007733529783174
   0
          0.0000000000000000          -0.0000000000000000          -0.0000000000000000
          0.0000000000000000          -0.0000000000000001           0.0000000000000000
         -0.0000000000000000           0.0000000000000000          -0.0000000000000001
          0.0000000000000000          -0.0000000000000001          -0.0000000000000000
          0.0000000000000000          -0.0000000000000000           0.0000000000000000
          0.0000000000000000           0.0000000000000000           0.0000000000000000
          0.0000000000000000          -0.0000000000000000           0.0000000000000000
         -0.0000000000000000           0.0000000000000000           0.0000000000000000
         -0.0000000000000000           0.0000000000000006           0.0000000000000002
         -0.0000000000000001           0.0000000000000004          -0.0000000000000000
          0.0000000000000000           0.0000000000000000           0.0000000000000000
         -0.0000000000000000          -0.0000000000000009          -0.0000000000000001
         -0.0000000000000000           0.0000000000000003          -0.0000000000000001
          0.0000000000000000          -0.0000000000000015           0.0000000000000000
          0.0000000000000000           0.0000000000000000           0.0000000000000002
          0.0000000000000001           0.0000000000000009          -0.0000000000000000
          0.0000000000000000           0.0000000000000003          -0.0000000000000000
          0.0000000000000000          -0.0000000000000002           0.0000000000000000
          0.0000000000000001          -0.0000000000000001          -0.0000000000000000
          0.0000000000000000           0.0000000000000000          -0.0000000000000000
         -0.0000000000000000          -0.0000000000000001          -0.0000000000000000
          0.0000000000000000           0.0000000000000000          -0.0000000000000000
          0.0000000000000000          -0.0000000000000000          -0.0000000000000000
         -0.0000000000000000           0.0000000000000001          -0.0000000000000000
         -0.0000000000000000          -0.0000000000000000          -0.0000000000000000
          0.0000000000000000           0.0000000000000000          -0.0000000000000000
          0.0000000000000000          -0.0000000000000000           0.0000000000000000
         -0.0000000000000000          -0.0000000000000000           0.0000000000000000
         -0.0000000000000000           0.0000000000000000          -0.0000000000000000
          0.0000000000000000           0.0000000000000000          -0.0000000000000000
          0.0000000000000000           0.0000000000000000           0.0000000000000000
          0.0000000000000000           0.0000000000000000           0.0000000000000000
          0.0000000000000000           0.0000000000000000           0.0000000000000000
          0.0000000000000000           0.0000000000000000           0.0000000000000000
          0.0000000000000000           0.0000000000000000           0.0000000000000000
          0.0000000000000000           0.0000000000000000           0.0000000000000000
          0.0000000000000000           0.0000000000000000           0.0000000000000000
          0.0000000000000000           0.0000000000000000           0.0000000000000000
          0.1699885543994044          -0.0504664167292173          -0.1269042612182781
         -0.1582301989439767           0.0301260454257357           0.1021511771743782
          0.0658358152257433           0.0628986964872939          -0.0559545067446988
         -0.2623829381176384           0.1434911586422477           0.1731009316479576
          0.1017398264624238          -0.0614844381890162          -0.0960827770574939
         -0.1714156143313281           0.0570939104988892           0.1140262850801553
          0.0407508880767436           0.0361715293727351          -0.0577330144450766
         -0.2324045527170072           0.1547498780606396           0.1523760476925730
         -0.1552676578832841           0.0814599307073391           0.1075645171282845
         -0.1763279675094290           0.1518393358651143           0.1115246676605325
         -0.1070311567670530           0.0839192296085417           0.0768184212101358
         -0.1084920805152868           0.1242287854394731           0.0620661884466204
         -0.0921107029654553           0.1639999843430317           0.0245345140036935
          0.0292616530808313           0.0842517338043156          -0.0388059286105646
         -0.0478267215636917           0.0621408724764490           0.0359046394935066
         -0.0456779026878262           0.0780340836190849           0.0196393440007464
         -0.0368775025942020           0.0887894742745492          -0.0038316889579501
          0.0077047017049354           0.0352144473180069          -0.0155797297016911
         -0.0008407689937146           0.0220231665665419           0.0024515324129055
         -0.0016370663011684           0.0235503144028840          -0.0035803372230119
         -0.0022184204236489           0.0225732974082294          -0.0089745836422859
          0.0001979394259755           0.0061798955500297          -0.0028160554957033
          0.0000000000000000           0.0000000000000000           0.0000000000000000
          0.0000000000000000           0.0000000000000000           0.0000000000000000
          0.0000000000000000           0.0000000000000000           0.0000000000000000
          0.0000000000000000           0.0000000000000000           0.0000000000000000
          0.0000000000000000           0.0000000000000000           0.0000000000000000
          0.0000000000000000           0.0000000000000000           0.0000000000000000
          0.0000000000000000           0.0000000000000000           0.0000000000000000
          0.0000000000000000           0.0000000000000000           0.0000000000000000
          0.0000000000000000           0.0000000000000000           0.0000000000000000
          0.0000000000000000           0.0000000000000000           0.0000000000000000
          0.0000000000000000           0.0000000000000000           0.0000000000000000
          0.0000000000000000           0.0000000000000000           0.0000000000000000
          0.0000000000000000           0.0000000000000000           0.0000000000000000
          0.0000000000000000           0.0000000000000000           0.0000000000000000
          0.0000000000000000           0.0000000000000000           0.0000000000000000
          0.0000000000000000           0.0000000000000000           0.0000000000000000
          0.0000000000000000           0.0000000000000000           0.0000000000000000
          0.0000000000000000           0.0000000000000000           0.0000000000000000
          0.0000000000000000           0.0000000000000000           0.0000000000000000
          0.0000000000000000           0.0000000000000000           0.0000000000000000
          0.0000000000000000           0.0000000000000000           0.0000000000000000
          0.0000000000000000           0.0000000000000000           0.0000000000000000
