1  82   2   1   2   -6.235246   0.000000
  0 
./DATA/100/00/GA/G009/M026/
0
          5.0746211049374628
          3.3932623046104471
          2.2714787126289133
          1.3304321427432604
          0.6096426585880081
          0.2008919563097699
          0.0159073289586621
          0.0001303076731781
          2.1235501617425196
          5.8187291514663384
          0.8449409593877909
          4.5401199491116131
          1.4695393025027363
          4.0366706386373776
          0.5794314941573651
          3.1465628302920026
          2.2079927672707096
          1.7176282573523478
          0.9939951410338409
          0.7707993051941769
          0.5047989869398829
          0.0967298435465648
          0.3396016689919411
          0.2621942624802902
          0.1691405027991345
          0.0283403480495400
          0.0450064205741578
          0.0345159528664664
          0.0217486951492710
          0.0029045554770693
          6.2879418497971633
          4.4544710641657996
          3.1524565065375874
          1.9760614118417001
          0.9820287043460701
          0.3509893592206268
          0.0310072532800104
          0.0002888679230029
          7.8478576584663040
         23.8137566225557435
          2.9768292800091753
         18.9427282440985927
          5.7014127711585276
         17.3226114639260587
          2.1266941867098268
         13.7478928794773818
         10.2259180656907791
          8.0815494800544254
          5.0789167778394031
          3.9897063255251077
          2.6278779661744385
          0.4779544222209527
          1.9811074074243997
          1.5437765379525399
          0.9909726483307618
          0.1501854590246125
          0.3439522578953787
          0.2647539090352392
          0.1632632503938304
          0.0175411351703065
          4.8289923202686529
         11.0018148202423536
          2.1135878322808255
          8.2864103322545333
          3.4887172070846475
          8.0232949104576505
          1.5014755195685836
          6.0360532229415789
          4.7586366248002108
          3.5727934076368157
          2.3796806764965410
          1.7820468449647102
          1.0917176640283150
          0.1614013413716530
          0.9369905447224448
          0.6996811599446475
          0.4201013149573556
          0.0517488854012885
          0.1651788031232907
          0.1230033225680464
          0.0717850857215308
          0.0062975137925986
1
          5.0746211049374619
          3.3932623046104475
          2.2714787126289133
          1.3304321427432606
          0.6096426585880081
          0.2008919563097699
          0.0159073289586621
          0.0001303076731781
          2.1235501617425183
          5.8187291514663393
          0.8449409593877909
          4.5401199491116149
          1.4695393025027366
          4.0366706386373767
          0.5794314941573649
          3.1465628302920030
          2.2079927672707083
          1.7176282573523476
          0.9939951410338409
          0.7707993051941769
          0.5047989869398829
          0.0967298435465648
          0.3396016689919408
          0.2621942624802902
          0.1691405027991345
          0.0283403480495400
          0.0450064205741578
          0.0345159528664664
          0.0217486951492710
          0.0029045554770693
          6.2879418497971624
          4.4544710641657987
          3.1524565065375865
          1.9760614118417001
          0.9820287043460698
          0.3509893592206268
          0.0310072532800104
          0.0002888679230029
          7.8478576584662996
         23.8137566225557045
          2.9768292800091753
         18.9427282440985785
          5.7014127711585232
         17.3226114639260835
          2.1266941867098295
         13.7478928794773836
         10.2259180656907844
          8.0815494800544165
          5.0789167778394084
          3.9897063255251095
          2.6278779661744385
          0.4779544222209530
          1.9811074074243993
          1.5437765379525388
          0.9909726483307618
          0.1501854590246126
          0.3439522578953785
          0.2647539090352399
          0.1632632503938305
          0.0175411351703065
          4.8289923202686582
         11.0018148202423678
          2.1135878322808255
          8.2864103322545315
          3.4887172070846484
          8.0232949104576488
          1.5014755195685832
          6.0360532229415753
          4.7586366248002099
          3.5727934076368140
          2.3796806764965428
          1.7820468449647082
          1.0917176640283157
          0.1614013413716529
          0.9369905447224453
          0.6996811599446479
          0.4201013149573556
          0.0517488854012886
          0.1651788031232906
          0.1230033225680464
          0.0717850857215307
          0.0062975137925986
   0    2  0.230305  0.559298  0.224762 
         -0.0000000000000001          -0.0000000000000001           0.0000000000000002
          0.0000000000000000           0.0000000000000000           0.0000000000000000
          0.0000000000000000          -0.0000000000000000          -0.0000000000000001
          0.0000000000000000          -0.0000000000000000           0.0000000000000001
          0.0000000000000000          -0.0000000000000001           0.0000000000000000
          0.0000000000000000          -0.0000000000000000           0.0000000000000000
         -0.0000000000000000           0.0000000000000000          -0.0000000000000000
          0.0000000000000000          -0.0000000000000000           0.0000000000000000
         -0.0000000000000001           0.0000000000000000          -0.0000000000000000
         -0.0000000000000003          -0.0000000000000003          -0.0000000000000008
          0.0000000000000000          -0.0000000000000000           0.0000000000000000
         -0.0000000000000001           0.0000000000000001           0.0000000000000002
          0.0000000000000001          -0.0000000000000001          -0.0000000000000001
          0.0000000000000001          -0.0000000000000002          -0.0000000000000003
          0.0000000000000000           0.0000000000000000          -0.0000000000000000
          0.0000000000000001           0.0000000000000001          -0.0000000000000002
         -0.0000000000000002           0.0000000000000000           0.0000000000000003
          0.0000000000000001           0.0000000000000001           0.0000000000000001
         -0.0000000000000000          -0.0000000000000001          -0.0000000000000000
         -0.0000000000000000           0.0000000000000001           0.0000000000000001
         -0.0000000000000000          -0.0000000000000001           0.0000000000000001
         -0.0000000000000000          -0.0000000000000000          -0.0000000000000000
          0.0000000000000001          -0.0000000000000001          -0.0000000000000001
          0.0000000000000000          -0.0000000000000000          -0.0000000000000000
          0.0000000000000000          -0.0000000000000000           0.0000000000000000
         -0.0000000000000000           0.0000000000000000           0.0000000000000000
         -0.0000000000000000           0.0000000000000000           0.0000000000000000
          0.0000000000000000          -0.0000000000000000          -0.0000000000000000
          0.0000000000000000           0.0000000000000000           0.0000000000000000
          0.0000000000000000           0.0000000000000000           0.0000000000000000
          0.0487943274300286           0.0414380589861679          -0.0009752909267065
          0.0077038109426691           0.0086316960861981          -0.0009863933209074
          0.0032745211311049          -0.0100486758182429           0.0066420104348529
          0.0086087244642595          -0.0279379243613380           0.0205518820661151
          0.0040432307125256          -0.0460602495753496           0.0287849149720868
         -0.0090499300079364          -0.0471725762899048           0.0151062227755916
         -0.0049666754017626          -0.0135807557429307          -0.0026827005072938
         -0.0000775867925619          -0.0003360237793791          -0.0002364400282933
          0.0087524565811230          -0.0742764537674698           0.0397175247555215
          0.0116009639277093           0.0595543843701404          -0.0190864455664229
          0.0346129331364840          -0.0461768192671895           0.0496552327042757
          0.0374614404830697           0.0876540188704189          -0.0091487376176540
         -0.0003457543321168          -0.0671466140864809           0.0304214737912940
          0.0094579308711834           0.0125434190044871           0.0022475063703928
          0.0195057085737522          -0.0357922177603214           0.0319618508836712
          0.0293093937770518           0.0438978153306473           0.0037878834627756
          0.0280257342409396          -0.0252947360610841           0.0312733910080715
          0.0396185730204781           0.0070679944676160           0.0238569959595434
          0.0464865697388990          -0.0390055548652438           0.0523138896468032
          0.0516831352878890          -0.0097463217838218           0.0400030386443715
          0.0235819730366704           0.0114337507847658           0.0011240681909591
         -0.0361615652702542          -0.0135918601914051          -0.0212702352976584
          0.0438247475049757          -0.0345231223346960           0.0540728397240368
          0.0457970235363546          -0.0126361900866398           0.0421714296238156
          0.0281432768963775           0.0037504437091056           0.0146547575906333
         -0.0152572956773464          -0.0085026951614598          -0.0083253998219078
          0.0169653359212194          -0.0160792205754185           0.0282742897284956
          0.0177906475753424          -0.0068904581882222           0.0224232838782966
          0.0130042030897239           0.0005875053468784           0.0114779445770876
         -0.0020543661282480          -0.0016560718544069          -0.0011864652269845
          0.0342561226911444          -0.0852847375078491           0.0687478047529944
         -0.0139027021823109           0.0705626681105197          -0.0481167255638858
          0.0038203928724025          -0.0772670937944789           0.0382516417909567
         -0.0443384320010526           0.0785803118238896          -0.0786128885259242
          0.0378579244200328          -0.0857877161890850           0.0730314712664720
         -0.0287457478809664           0.0311845211070910          -0.0403624911047831
          0.0069838005037936          -0.0707119274995414           0.0391018897420108
         -0.0596198717972055           0.0462603097966337          -0.0742920726292446
         -0.0174544940467995          -0.0040681413891261          -0.0202915084429555
         -0.0464180852031223           0.0168582059864661          -0.0563321148281848
          0.0059069611387446          -0.0230042782298340           0.0049181060583244
         -0.0166221575309693          -0.0009125884812014          -0.0281780575361712
         -0.0312470592464325           0.0060255181578539          -0.0432518395703323
          0.0014607328476605          -0.0081535167069369           0.0205816978096819
          0.0172733056500840          -0.0274178190510217           0.0223289630142222
          0.0043969428281900          -0.0094705923404509          -0.0018196674156530
         -0.0078715580155501           0.0010564734857135          -0.0199070894738632
         -0.0031409642712254          -0.0039624460327098           0.0036127983065565
          0.0087595702731623          -0.0161716377106733           0.0186652549366537
          0.0058393359364180          -0.0083667571800385           0.0093562131505701
          0.0020278556470506          -0.0018096019237975          -0.0001767862142284
         -0.0009657983794944          -0.0005325307032094          -0.0008593940699368
   1
          0.0000000000000000           0.0000000000000000           0.0000000000000000
          0.0000000000000000           0.0000000000000000           0.0000000000000000
          0.0000000000000000           0.0000000000000000           0.0000000000000000
          0.0000000000000000           0.0000000000000000           0.0000000000000000
          0.0000000000000000           0.0000000000000000           0.0000000000000000
          0.0000000000000000           0.0000000000000000           0.0000000000000000
          0.0000000000000000           0.0000000000000000           0.0000000000000000
          0.0000000000000000           0.0000000000000000           0.0000000000000000
          0.0000000000000000           0.0000000000000000           0.0000000000000000
          0.0000000000000000           0.0000000000000000           0.0000000000000000
          0.0000000000000000           0.0000000000000000           0.0000000000000000
          0.0000000000000000           0.0000000000000000           0.0000000000000000
          0.0000000000000000           0.0000000000000000           0.0000000000000000
          0.0000000000000000           0.0000000000000000           0.0000000000000000
          0.0000000000000000           0.0000000000000000           0.0000000000000000
          0.0000000000000000           0.0000000000000000           0.0000000000000000
          0.0000000000000000           0.0000000000000000           0.0000000000000000
          0.0000000000000000           0.0000000000000000           0.0000000000000000
          0.0000000000000000           0.0000000000000000           0.0000000000000000
          0.0000000000000000           0.0000000000000000           0.0000000000000000
          0.0000000000000000           0.0000000000000000           0.0000000000000000
          0.0000000000000000           0.0000000000000000           0.0000000000000000
          0.0000000000000000           0.0000000000000000           0.0000000000000000
          0.0000000000000000           0.0000000000000000           0.0000000000000000
          0.0000000000000000           0.0000000000000000           0.0000000000000000
          0.0000000000000000           0.0000000000000000           0.0000000000000000
          0.0000000000000000           0.0000000000000000           0.0000000000000000
          0.0000000000000000           0.0000000000000000           0.0000000000000000
          0.0000000000000000           0.0000000000000000           0.0000000000000000
          0.0000000000000000           0.0000000000000000           0.0000000000000000
          0.0487943274300286           0.0414380589861679          -0.0009752909267065
          0.0077038109426693           0.0086316960861982          -0.0009863933209074
          0.0032745211311049          -0.0100486758182428           0.0066420104348530
          0.0086087244642595          -0.0279379243613379           0.0205518820661150
          0.0040432307125256          -0.0460602495753495           0.0287849149720868
         -0.0090499300079364          -0.0471725762899048           0.0151062227755915
         -0.0049666754017626          -0.0135807557429307          -0.0026827005072938
         -0.0000775867925619          -0.0003360237793791          -0.0002364400282933
         -0.0253146546228528           0.0210955695536707          -0.0306295410874665
          0.0660214956405145          -0.0505397083483279           0.0718916994656831
          0.0219639507537511          -0.0408483319383827           0.0510006089711124
          0.1133001010171216          -0.1124836098403795           0.1535218495242610
         -0.0462122597499339          -0.0010410422814916          -0.0362074533065088
          0.0644366128280660          -0.1081653478824951           0.1015454136298868
         -0.0164937940793991          -0.0428306628394917           0.0224010796202908
          0.0941550784985982          -0.1499549684404971           0.1601539465566834
          0.0804154926899823          -0.1496465517844551           0.1347529140594826
          0.0848771589169567          -0.1693195659631643           0.1615735528794803
          0.0870757359867570          -0.1524997587345678           0.1467381343354463
          0.0742504054392276          -0.1552065158540835           0.1464450831896913
          0.0156185925023313          -0.1654153700286293           0.0983725607570130
         -0.0527949090761608          -0.0836506733631934          -0.0164788769262546
          0.0654923252182461          -0.1201705363845921           0.1238934236357425
          0.0500696066329741          -0.1131436791038484           0.1094816074476734
          0.0125882444268422          -0.1042558560078574           0.0643547315659269
         -0.0215386026251953          -0.0377697802592874          -0.0121436356932515
          0.0200486068533351          -0.0519467299994339           0.0567415207282813
          0.0141539310345653          -0.0450543580144917           0.0456022763504101
          0.0041237683205799          -0.0349577095240064           0.0247396317107569
         -0.0030110656589060          -0.0076050474457532          -0.0033305297251331
          0.0342561226911438          -0.0852847375078487           0.0687478047529937
         -0.0139027021823096           0.0705626681105188          -0.0481167255638852
          0.0038203928724028          -0.0772670937944785           0.0382516417909564
         -0.0443384320010564           0.0785803118238890          -0.0786128885259238
          0.0378579244200335          -0.0857877161890848           0.0730314712664721
         -0.0287457478809659           0.0311845211070918          -0.0403624911047763
          0.0069838005037949          -0.0707119274995417           0.0391018897420115
         -0.0596198717972070           0.0462603097966338          -0.0742920726292415
         -0.0174544940467979          -0.0040681413891267          -0.0202915084429560
         -0.0464180852031228           0.0168582059864648          -0.0563321148281864
          0.0059069611387456          -0.0230042782298341           0.0049181060583250
         -0.0166221575309694          -0.0009125884812017          -0.0281780575361713
         -0.0312470592464321           0.0060255181578538          -0.0432518395703315
          0.0014607328476605          -0.0081535167069368           0.0205816978096820
          0.0172733056500845          -0.0274178190510214           0.0223289630142216
          0.0043969428281900          -0.0094705923404506          -0.0018196674156525
         -0.0078715580155502           0.0010564734857135          -0.0199070894738632
         -0.0031409642712254          -0.0039624460327098           0.0036127983065565
          0.0087595702731623          -0.0161716377106733           0.0186652549366538
          0.0058393359364180          -0.0083667571800385           0.0093562131505701
          0.0020278556470506          -0.0018096019237975          -0.0001767862142284
         -0.0009657983794944          -0.0005325307032094          -0.0008593940699368
   0
          0.0000000000000001           0.0000000000000001          -0.0000000000000002
         -0.0000000000000000           0.0000000000000000          -0.0000000000000000
          0.0000000000000000           0.0000000000000000           0.0000000000000001
         -0.0000000000000000           0.0000000000000000          -0.0000000000000001
         -0.0000000000000000           0.0000000000000001           0.0000000000000000
          0.0000000000000000           0.0000000000000000           0.0000000000000000
          0.0000000000000000           0.0000000000000000           0.0000000000000000
         -0.0000000000000000           0.0000000000000000          -0.0000000000000000
         -0.0000000000000002           0.0000000000000002           0.0000000000000005
         -0.0000000000000006          -0.0000000000000014           0.0000000000000034
          0.0000000000000003           0.0000000000000007           0.0000000000000002
         -0.0000000000000003           0.0000000000000003          -0.0000000000000022
         -0.0000000000000001          -0.0000000000000006           0.0000000000000002
          0.0000000000000008           0.0000000000000005           0.0000000000000006
         -0.0000000000000000          -0.0000000000000001           0.0000000000000004
         -0.0000000000000008           0.0000000000000008          -0.0000000000000000
         -0.0000000000000003           0.0000000000000001          -0.0000000000000006
          0.0000000000000005          -0.0000000000000003           0.0000000000000007
          0.0000000000000001          -0.0000000000000000           0.0000000000000006
         -0.0000000000000002          -0.0000000000000003           0.0000000000000001
         -0.0000000000000000          -0.0000000000000000           0.0000000000000001
          0.0000000000000000           0.0000000000000000          -0.0000000000000000
          0.0000000000000000           0.0000000000000000          -0.0000000000000001
          0.0000000000000000          -0.0000000000000000           0.0000000000000001
         -0.0000000000000001          -0.0000000000000000          -0.0000000000000000
         -0.0000000000000000          -0.0000000000000000           0.0000000000000000
          0.0000000000000000           0.0000000000000000           0.0000000000000000
          0.0000000000000000           0.0000000000000000           0.0000000000000000
         -0.0000000000000000           0.0000000000000000          -0.0000000000000000
          0.0000000000000000           0.0000000000000000           0.0000000000000000
          0.0000000000000000           0.0000000000000000           0.0000000000000000
          0.0000000000000000           0.0000000000000000           0.0000000000000000
          0.0000000000000000           0.0000000000000000           0.0000000000000000
          0.0000000000000000           0.0000000000000000           0.0000000000000000
          0.0000000000000000           0.0000000000000000           0.0000000000000000
          0.0000000000000000           0.0000000000000000           0.0000000000000000
          0.0000000000000000           0.0000000000000000           0.0000000000000000
          0.0000000000000000           0.0000000000000000           0.0000000000000000
         -0.0340671112039777           0.0953720233211390          -0.0703470658429874
          0.0544205317128087          -0.1100940927184690           0.0909781450320985
         -0.0126489823827336           0.0053284873288076           0.0013453762668372
          0.0758386605340525          -0.2001376287107994           0.1626705871419237
         -0.0458665054178156           0.0661055718049884          -0.0666289270978017
          0.0549786819568802          -0.1207087668869831           0.0992979072594867
         -0.0359995026531515          -0.0070384450791700          -0.0095607712633797
          0.0648456847215458          -0.1938527837711431           0.1563660630939152
          0.0523897584490450          -0.1243518157233719           0.1034795230514076
          0.0452585858964787          -0.1763875604307800           0.1377165569199360
          0.0405891662478578          -0.1134942038693244           0.0944242446886429
          0.0225672701513386          -0.1454601940702618           0.1064420445453198
         -0.0079633805343393          -0.1768491208133948           0.0972484925660537
         -0.0166333438059067          -0.0700588131717882           0.0047913583714036
          0.0216675777132705          -0.0856474140498959           0.0698205839117055
          0.0042725830966192          -0.1005074890172086           0.0673101778238577
         -0.0155550324695355          -0.1080062997169626           0.0496999739752941
         -0.0062813069478488          -0.0292670850978277          -0.0038182358713437
          0.0030832709321157          -0.0358675094240154           0.0284672309997856
         -0.0036367165407770          -0.0381638998262695           0.0231789924721134
         -0.0088804347691439          -0.0355452148708848           0.0132616871336693
         -0.0009566995306579          -0.0059489755913464          -0.0021440644981486
          0.0000000000000000           0.0000000000000000           0.0000000000000000
          0.0000000000000000           0.0000000000000000           0.0000000000000000
          0.0000000000000000           0.0000000000000000           0.0000000000000000
          0.0000000000000000           0.0000000000000000           0.0000000000000000
          0.0000000000000000           0.0000000000000000           0.0000000000000000
          0.0000000000000000           0.0000000000000000           0.0000000000000000
          0.0000000000000000           0.0000000000000000           0.0000000000000000
          0.0000000000000000           0.0000000000000000           0.0000000000000000
          0.0000000000000000           0.0000000000000000           0.0000000000000000
          0.0000000000000000           0.0000000000000000           0.0000000000000000
          0.0000000000000000           0.0000000000000000           0.0000000000000000
          0.0000000000000000           0.0000000000000000           0.0000000000000000
          0.0000000000000000           0.0000000000000000           0.0000000000000000
          0.0000000000000000           0.0000000000000000           0.0000000000000000
          0.0000000000000000           0.0000000000000000           0.0000000000000000
          0.0000000000000000           0.0000000000000000           0.0000000000000000
          0.0000000000000000           0.0000000000000000           0.0000000000000000
          0.0000000000000000           0.0000000000000000           0.0000000000000000
          0.0000000000000000           0.0000000000000000           0.0000000000000000
          0.0000000000000000           0.0000000000000000           0.0000000000000000
          0.0000000000000000           0.0000000000000000           0.0000000000000000
          0.0000000000000000           0.0000000000000000           0.0000000000000000
