1  82   2   1   2   -6.339877   0.000000
  0 
./DATA/100/00/GA/G024/M023/
0
          3.9678355139008543
          2.6242690116102025
          1.7237298073252618
          0.9728577246838402
          0.4147381324896717
          0.1206239820316359
          0.0067358791143788
          0.0000254439774126
          1.1266296897749417
          3.1199914255532093
          0.4229676576613808
          2.4163293934396464
          0.7652164301081641
          2.1205724829721069
          0.2866976322919084
          1.6420536851558514
          1.1087115371252012
          0.8581950505898459
          0.4597947455407725
          0.3556713957725136
          0.2336863998364395
          0.0377463817237233
          0.1356383216302297
          0.1048232558218641
          0.0686555575107813
          0.0105208907279497
          0.0126051164556134
          0.0097262413055142
          0.0063363791366439
          0.0009049229536544
          5.1666912201659576
          3.6386144328791605
          2.5513946771702209
          1.5672287905127489
          0.7433011146194689
          0.2437594375802552
          0.0180793337253685
          0.0001458230242882
          4.7282877013523290
         14.7846757442092791
          1.6790517989301874
         11.7354398417871373
          3.3834063056087551
         10.6048727948559520
          1.1765457673159370
          8.3980122565631365
          6.0931292812698770
          4.8045317195005754
          2.8995150487395014
          2.2724590383270322
          1.4715227206737966
          0.2372319544502246
          1.0568468762117256
          0.8216777943028181
          0.5190571292841319
          0.0702832299431426
          0.1584897429888136
          0.1217549578703627
          0.0741376104157293
          0.0073174967746383
          3.0149505931490945
          6.7415311296317020
          1.2685780611789557
          4.9951585976615647
          2.1497022041018417
          4.8444373461305164
          0.8895424455376247
          3.5842775875662967
          2.7952710600583712
          2.0642503926712510
          1.3400585264378102
          0.9881259570671064
          0.5809491257782651
          0.0680494749012768
          0.4940753049841705
          0.3641399766251362
          0.2104088424790966
          0.0197047017102847
          0.0755823584650259
          0.0557888243082712
          0.0315521780434088
          0.0019915596394562
1
          3.9678355139008543
          2.6242690116102021
          1.7237298073252620
          0.9728577246838405
          0.4147381324896717
          0.1206239820316359
          0.0067358791143788
          0.0000254439774126
          1.1266296897749413
          3.1199914255532089
          0.4229676576613808
          2.4163293934396464
          0.7652164301081643
          2.1205724829721069
          0.2866976322919083
          1.6420536851558514
          1.1087115371252017
          0.8581950505898460
          0.4597947455407727
          0.3556713957725137
          0.2336863998364395
          0.0377463817237233
          0.1356383216302297
          0.1048232558218641
          0.0686555575107813
          0.0105208907279497
          0.0126051164556134
          0.0097262413055142
          0.0063363791366439
          0.0009049229536544
          5.1666912201659594
          3.6386144328791601
          2.5513946771702209
          1.5672287905127489
          0.7433011146194690
          0.2437594375802551
          0.0180793337253684
          0.0001458230242882
          4.7282877013523317
         14.7846757442092773
          1.6790517989301879
         11.7354398417871266
          3.3834063056087542
         10.6048727948559520
          1.1765457673159370
          8.3980122565631419
          6.0931292812698743
          4.8045317195005790
          2.8995150487395009
          2.2724590383270327
          1.4715227206737962
          0.2372319544502244
          1.0568468762117260
          0.8216777943028180
          0.5190571292841321
          0.0702832299431426
          0.1584897429888136
          0.1217549578703625
          0.0741376104157293
          0.0073174967746383
          3.0149505931490950
          6.7415311296317100
          1.2685780611789557
          4.9951585976615673
          2.1497022041018421
          4.8444373461305137
          0.8895424455376245
          3.5842775875662998
          2.7952710600583726
          2.0642503926712505
          1.3400585264378102
          0.9881259570671058
          0.5809491257782647
          0.0680494749012768
          0.4940753049841706
          0.3641399766251363
          0.2104088424790967
          0.0197047017102847
          0.0755823584650259
          0.0557888243082712
          0.0315521780434088
          0.0019915596394562
   0    2  0.716790  0.467635 -0.054672 
         -0.0000000000000001           0.0000000000000000          -0.0000000000000001
          0.0000000000000000           0.0000000000000000           0.0000000000000001
          0.0000000000000000          -0.0000000000000000          -0.0000000000000000
          0.0000000000000000           0.0000000000000000           0.0000000000000000
          0.0000000000000000          -0.0000000000000000           0.0000000000000000
          0.0000000000000000           0.0000000000000000           0.0000000000000000
          0.0000000000000000           0.0000000000000000           0.0000000000000000
          0.0000000000000000           0.0000000000000000          -0.0000000000000000
          0.0000000000000000           0.0000000000000000           0.0000000000000001
          0.0000000000000001          -0.0000000000000000           0.0000000000000001
         -0.0000000000000000           0.0000000000000000          -0.0000000000000000
         -0.0000000000000002           0.0000000000000000          -0.0000000000000000
          0.0000000000000001           0.0000000000000000           0.0000000000000001
         -0.0000000000000003          -0.0000000000000000          -0.0000000000000002
          0.0000000000000000          -0.0000000000000000          -0.0000000000000000
         -0.0000000000000001           0.0000000000000000          -0.0000000000000000
         -0.0000000000000001           0.0000000000000000          -0.0000000000000001
         -0.0000000000000001           0.0000000000000000           0.0000000000000000
          0.0000000000000000          -0.0000000000000000           0.0000000000000000
          0.0000000000000000           0.0000000000000000           0.0000000000000000
         -0.0000000000000000           0.0000000000000000           0.0000000000000000
         -0.0000000000000000           0.0000000000000000          -0.0000000000000000
         -0.0000000000000000           0.0000000000000000          -0.0000000000000000
         -0.0000000000000000          -0.0000000000000000           0.0000000000000000
          0.0000000000000000          -0.0000000000000000          -0.0000000000000000
         -0.0000000000000000           0.0000000000000000           0.0000000000000000
         -0.0000000000000000           0.0000000000000000           0.0000000000000000
         -0.0000000000000000          -0.0000000000000000           0.0000000000000000
         -0.0000000000000000           0.0000000000000000          -0.0000000000000000
         -0.0000000000000000          -0.0000000000000000          -0.0000000000000000
         -0.0372079445028641          -0.0098005657436380           0.0275252132335365
         -0.0109797889030228          -0.0065544227327862           0.0042368436696801
          0.0103713211293702          -0.0099393390425782          -0.0078274903730597
          0.0187548562239601          -0.0318349421272900          -0.0156602711710169
          0.0006491327369539          -0.0663682508378341          -0.0182446772398522
         -0.0250436309793208          -0.0677313753906194          -0.0116771218105139
         -0.0149982501184774          -0.0154241498722125          -0.0001857554681577
         -0.0005509921520830          -0.0001927591966984           0.0000891277787256
         -0.0243251739465497          -0.0907925135519743          -0.0173079405193078
          0.0058970287260958           0.0303218962788688           0.0044133808174417
         -0.0052403058377041          -0.0446491438715623          -0.0050387113321793
          0.0249818968349410           0.0764652659592810           0.0166826100045708
         -0.0278692009582465          -0.0873431476348724          -0.0161851070952010
          0.0566421527017455           0.0398088942897010          -0.0170510320556116
         -0.0183566194103095          -0.0450531585957147          -0.0025319901695891
          0.0661547342496822           0.0820988833288589          -0.0033979151299983
          0.0947232271337796           0.0373324359534533          -0.0299937395927201
          0.0961594260628681           0.0749437999108417          -0.0166226756374275
          0.0946971067714359           0.0197623620984476          -0.0279852293996081
          0.0928107863145968           0.0510260535992320          -0.0170563741765814
          0.0494054316673903           0.0574223124548931          -0.0058808560496244
         -0.0326335819801255          -0.0360419621654817          -0.0035521363709691
          0.0644487807516838          -0.0003572001102376          -0.0174135334366719
          0.0624288342492819           0.0212643859870601          -0.0103644001284708
          0.0393540633232320           0.0316980586709363          -0.0037214658621285
         -0.0106250571069645          -0.0110936572353562          -0.0027614780964741
          0.0196373489068440          -0.0079839956405425          -0.0045835268053205
          0.0188700357150913          -0.0001585963234604          -0.0023189374019124
          0.0131854788848463           0.0059251496833830          -0.0003484302630695
         -0.0009026798796966          -0.0005279504086248          -0.0005384343008772
          0.0956816561903378          -0.0429934904200403          -0.0507377962702832
         -0.1141098014107911          -0.0174771268530651           0.0378432365684176
          0.0256121434287057          -0.0832959966254804          -0.0381504392457981
         -0.1841793141724237          -0.0577796330585052           0.0504305935929031
          0.0920671443929486          -0.0445612449285416          -0.0476539736277228
         -0.0632941926494490          -0.0029730084166299           0.0144178344769103
          0.0254941703096623          -0.0723616603093949          -0.0334973503818948
         -0.1298671667327350          -0.0307734237974831           0.0285744577227385
         -0.0108905036549642           0.0035408145396489          -0.0046810298500006
         -0.0662086522351910          -0.0070673238835572           0.0092724190184589
          0.0181251929931917          -0.0032263300058518          -0.0118995880638021
         -0.0200736074402868          -0.0000244656903860          -0.0006082318260832
         -0.0419750438617207          -0.0034211578613974           0.0032158392514098
          0.0050504309341563          -0.0104024845349918          -0.0026490447792742
          0.0225664218091531          -0.0128604814225652          -0.0104775005088718
          0.0023435243522704          -0.0039571775508607          -0.0034551862255671
         -0.0133239568949479           0.0011005185282681           0.0004852778426031
         -0.0006988186719470          -0.0035869109950488          -0.0010571030926363
          0.0094931360788801          -0.0112756695032853          -0.0039081466852237
          0.0045824297637499          -0.0060217116753056          -0.0018630259378086
         -0.0001870970961778          -0.0011895318685107          -0.0002823818196934
         -0.0005220126767665          -0.0001749520566236          -0.0001072925492884
   1
          0.0000000000000000           0.0000000000000000           0.0000000000000000
          0.0000000000000000           0.0000000000000000           0.0000000000000000
          0.0000000000000000           0.0000000000000000           0.0000000000000000
          0.0000000000000000           0.0000000000000000           0.0000000000000000
          0.0000000000000000           0.0000000000000000           0.0000000000000000
          0.0000000000000000           0.0000000000000000           0.0000000000000000
          0.0000000000000000           0.0000000000000000           0.0000000000000000
          0.0000000000000000           0.0000000000000000           0.0000000000000000
          0.0000000000000000           0.0000000000000000           0.0000000000000000
          0.0000000000000000           0.0000000000000000           0.0000000000000000
          0.0000000000000000           0.0000000000000000           0.0000000000000000
          0.0000000000000000           0.0000000000000000           0.0000000000000000
          0.0000000000000000           0.0000000000000000           0.0000000000000000
          0.0000000000000000           0.0000000000000000           0.0000000000000000
          0.0000000000000000           0.0000000000000000           0.0000000000000000
          0.0000000000000000           0.0000000000000000           0.0000000000000000
          0.0000000000000000           0.0000000000000000           0.0000000000000000
          0.0000000000000000           0.0000000000000000           0.0000000000000000
          0.0000000000000000           0.0000000000000000           0.0000000000000000
          0.0000000000000000           0.0000000000000000           0.0000000000000000
          0.0000000000000000           0.0000000000000000           0.0000000000000000
          0.0000000000000000           0.0000000000000000           0.0000000000000000
          0.0000000000000000           0.0000000000000000           0.0000000000000000
          0.0000000000000000           0.0000000000000000           0.0000000000000000
          0.0000000000000000           0.0000000000000000           0.0000000000000000
          0.0000000000000000           0.0000000000000000           0.0000000000000000
          0.0000000000000000           0.0000000000000000           0.0000000000000000
          0.0000000000000000           0.0000000000000000           0.0000000000000000
          0.0000000000000000           0.0000000000000000           0.0000000000000000
          0.0000000000000000           0.0000000000000000           0.0000000000000000
         -0.0372079445028639          -0.0098005657436379           0.0275252132335367
         -0.0109797889030227          -0.0065544227327862           0.0042368436696799
          0.0103713211293701          -0.0099393390425781          -0.0078274903730597
          0.0187548562239601          -0.0318349421272901          -0.0156602711710169
          0.0006491327369538          -0.0663682508378341          -0.0182446772398523
         -0.0250436309793208          -0.0677313753906194          -0.0116771218105139
         -0.0149982501184774          -0.0154241498722125          -0.0001857554681577
         -0.0005509921520830          -0.0001927591966984           0.0000891277787256
         -0.1521510352831902          -0.0975584409205228           0.0300729582729138
          0.1152947448422832          -0.0233827936256881          -0.0558620776766445
         -0.0959398949801155          -0.1501087524888639           0.0068939188983155
          0.1715058851453590          -0.0759331051940299          -0.0790411170512430
         -0.1092350833596525          -0.0669560030012348           0.0128736470246584
          0.1667809868466507          -0.0281125036891075          -0.0793459253262842
         -0.0886858523687336          -0.1184965390734272           0.0010408249445299
          0.1873302178375695          -0.0796530397613006          -0.0911787474064094
          0.1898036839697395          -0.0474846543009177          -0.0878264140216448
          0.1785939194223577          -0.0863078848861678          -0.0894228744868555
          0.1614382327755254          -0.0686623826439095          -0.0738735980267506
          0.1381613684426989          -0.0868974457816483          -0.0703461189816400
          0.0507315817811677          -0.1320362460790921          -0.0622488217376396
         -0.0924334675771056          -0.1190606893692264          -0.0069216538481143
          0.1004314404451856          -0.0701646456024139          -0.0463844730494452
          0.0813567456512540          -0.0709487457325638          -0.0421099046271346
          0.0322367407229587          -0.0762078556318548          -0.0342084207503132
         -0.0382238090048537          -0.0441886576542901          -0.0032977021755400
          0.0289830959009369          -0.0355087270321590          -0.0135710729768626
          0.0226440897668153          -0.0306767341761585          -0.0117161898681631
          0.0101317346724702          -0.0237624705196779          -0.0085623180184286
         -0.0061303381583901          -0.0061512915995658          -0.0006133558278258
          0.0956816561903377          -0.0429934904200402          -0.0507377962702836
         -0.1141098014107917          -0.0174771268530658           0.0378432365684184
          0.0256121434287061          -0.0832959966254806          -0.0381504392457985
         -0.1841793141724236          -0.0577796330585049           0.0504305935929009
          0.0920671443929481          -0.0445612449285414          -0.0476539736277228
         -0.0632941926494490          -0.0029730084166301           0.0144178344769099
          0.0254941703096624          -0.0723616603093949          -0.0334973503818951
         -0.1298671667327350          -0.0307734237974832           0.0285744577227377
         -0.0108905036549637           0.0035408145396488          -0.0046810298500004
         -0.0662086522351914          -0.0070673238835571           0.0092724190184597
          0.0181251929931915          -0.0032263300058520          -0.0118995880638017
         -0.0200736074402869          -0.0000244656903859          -0.0006082318260832
         -0.0419750438617206          -0.0034211578613974           0.0032158392514103
          0.0050504309341563          -0.0104024845349918          -0.0026490447792742
          0.0225664218091530          -0.0128604814225653          -0.0104775005088717
          0.0023435243522705          -0.0039571775508607          -0.0034551862255669
         -0.0133239568949478           0.0011005185282681           0.0004852778426031
         -0.0006988186719470          -0.0035869109950488          -0.0010571030926364
          0.0094931360788800          -0.0112756695032853          -0.0039081466852237
          0.0045824297637499          -0.0060217116753056          -0.0018630259378086
         -0.0001870970961778          -0.0011895318685107          -0.0002823818196934
         -0.0005220126767665          -0.0001749520566236          -0.0001072925492884
   0
          0.0000000000000001          -0.0000000000000000           0.0000000000000001
          0.0000000000000000          -0.0000000000000000          -0.0000000000000001
          0.0000000000000000           0.0000000000000000           0.0000000000000000
          0.0000000000000000          -0.0000000000000000          -0.0000000000000000
          0.0000000000000000           0.0000000000000000           0.0000000000000000
         -0.0000000000000000          -0.0000000000000000           0.0000000000000000
          0.0000000000000000          -0.0000000000000000           0.0000000000000000
          0.0000000000000000           0.0000000000000000           0.0000000000000000
          0.0000000000000002           0.0000000000000000          -0.0000000000000001
         -0.0000000000000001          -0.0000000000000002          -0.0000000000000002
          0.0000000000000001           0.0000000000000000           0.0000000000000001
          0.0000000000000000          -0.0000000000000001           0.0000000000000001
          0.0000000000000000           0.0000000000000000           0.0000000000000000
          0.0000000000000002           0.0000000000000000          -0.0000000000000000
          0.0000000000000000          -0.0000000000000000          -0.0000000000000000
          0.0000000000000001          -0.0000000000000001           0.0000000000000001
         -0.0000000000000000          -0.0000000000000000           0.0000000000000002
          0.0000000000000000          -0.0000000000000001          -0.0000000000000001
          0.0000000000000000          -0.0000000000000000           0.0000000000000000
          0.0000000000000000           0.0000000000000000          -0.0000000000000000
         -0.0000000000000000          -0.0000000000000000           0.0000000000000000
         -0.0000000000000000           0.0000000000000000           0.0000000000000000
          0.0000000000000000          -0.0000000000000000          -0.0000000000000000
          0.0000000000000000           0.0000000000000000           0.0000000000000000
         -0.0000000000000000          -0.0000000000000000           0.0000000000000000
         -0.0000000000000000           0.0000000000000000           0.0000000000000000
         -0.0000000000000000          -0.0000000000000000           0.0000000000000000
         -0.0000000000000000           0.0000000000000000          -0.0000000000000000
          0.0000000000000000          -0.0000000000000000          -0.0000000000000000
          0.0000000000000000          -0.0000000000000000          -0.0000000000000000
          0.0000000000000000           0.0000000000000000           0.0000000000000000
          0.0000000000000000           0.0000000000000000           0.0000000000000000
          0.0000000000000000           0.0000000000000000           0.0000000000000000
          0.0000000000000000           0.0000000000000000           0.0000000000000000
          0.0000000000000000           0.0000000000000000           0.0000000000000000
          0.0000000000000000           0.0000000000000000           0.0000000000000000
          0.0000000000000000           0.0000000000000000           0.0000000000000000
          0.0000000000000000           0.0000000000000000           0.0000000000000000
         -0.1278258613366413          -0.0067659273685486           0.0473808987922212
          0.1093977161161878          -0.0537046899045572          -0.0602754584940889
         -0.0906995891424113          -0.1054596086173014           0.0119326302304952
          0.1465239883104184          -0.1523983711533105          -0.0957237270558132
         -0.0813658824014068           0.0203871446336378           0.0290587541198591
          0.1101388341449046          -0.0679213979788089          -0.0622948932706690
         -0.0703292329584240          -0.0734433804777126           0.0035728151141187
          0.1211754835878875          -0.1617519230901591          -0.0877808322764101
          0.0950804568359604          -0.0848170902543714          -0.0578326744289220
          0.0824344933594896          -0.1612516847970096          -0.0728001988494284
          0.0667411260040887          -0.0884247447423573          -0.0458883686271426
          0.0453505821281023          -0.1379234993808800          -0.0532897448050580
          0.0013261501137775          -0.1894585585339852          -0.0563679656880152
         -0.0597998855969802          -0.0830187272037445          -0.0033695174771454
          0.0359826596935018          -0.0698074454921763          -0.0289709396127735
          0.0189279114019718          -0.0922131317196238          -0.0317455044986637
         -0.0071173226002734          -0.1079059143027912          -0.0304869548881847
         -0.0275987518978892          -0.0330950004189340          -0.0005362240790660
          0.0093457469940929          -0.0275247313916165          -0.0089875461715421
          0.0037740540517241          -0.0305181378526981          -0.0093972524662507
         -0.0030537442123761          -0.0296876202030609          -0.0082138877553591
         -0.0052276582786935          -0.0056233411909410          -0.0000749215269486
          0.0000000000000000           0.0000000000000000           0.0000000000000000
          0.0000000000000000           0.0000000000000000           0.0000000000000000
          0.0000000000000000           0.0000000000000000           0.0000000000000000
          0.0000000000000000           0.0000000000000000           0.0000000000000000
          0.0000000000000000           0.0000000000000000           0.0000000000000000
          0.0000000000000000           0.0000000000000000           0.0000000000000000
          0.0000000000000000           0.0000000000000000           0.0000000000000000
          0.0000000000000000           0.0000000000000000           0.0000000000000000
          0.0000000000000000           0.0000000000000000           0.0000000000000000
          0.0000000000000000           0.0000000000000000           0.0000000000000000
          0.0000000000000000           0.0000000000000000           0.0000000000000000
          0.0000000000000000           0.0000000000000000           0.0000000000000000
          0.0000000000000000           0.0000000000000000           0.0000000000000000
          0.0000000000000000           0.0000000000000000           0.0000000000000000
          0.0000000000000000           0.0000000000000000           0.0000000000000000
          0.0000000000000000           0.0000000000000000           0.0000000000000000
          0.0000000000000000           0.0000000000000000           0.0000000000000000
          0.0000000000000000           0.0000000000000000           0.0000000000000000
          0.0000000000000000           0.0000000000000000           0.0000000000000000
          0.0000000000000000           0.0000000000000000           0.0000000000000000
          0.0000000000000000           0.0000000000000000           0.0000000000000000
          0.0000000000000000           0.0000000000000000           0.0000000000000000
