1  82   2   1   2   -6.587818   0.000000
  0 
./DATA/100/00/GA/G007/M021/
0
          4.6510031424381406
          3.0029020733906560
          1.9134932930544439
          1.0299830986320220
          0.4080769849649463
          0.1084574249702687
          0.0054997231893520
          0.0000213189135296
          1.5406547879407735
          4.2755992437031685
          0.5718900093878333
          3.3068344651502284
          1.0062658092964387
          2.7915082031066154
          0.3740893139295750
          2.1593317077397511
          1.3555056936439587
          1.0486545841064983
          0.5035647644113510
          0.3895485566529263
          0.2567219986067842
          0.0429360178971517
          0.1260601761258190
          0.0974850037768371
          0.0642184359180924
          0.0105953035633068
          0.0083757981931362
          0.0064711043518936
          0.0042527471666462
          0.0006836935419426
          5.5316141803304211
          4.0020670118275055
          2.9019797467649462
          1.8706767302635621
          0.9458035904110501
          0.3298389084371566
          0.0247201306581251
          0.0001498187387258
          5.3894775501336998
         19.3982053329753228
          1.7984516316649577
         15.8071794145065923
          3.8930957735160812
         14.1547784655181434
          1.2520403807706164
         11.5137230727726845
          8.3730869023063477
          6.7860911445721168
          4.1397156831838071
          3.3363696514985719
          2.2379211552744538
          0.3593955635475042
          1.5820720429558008
          1.2650525248564379
          0.8287325996084788
          0.1095876270785138
          0.2544047540346981
          0.2008078198697682
          0.1269684774954310
          0.0120735276951022
          4.4813811893071236
          7.9124602522473992
          2.0616311714951303
          5.4927102344354060
          3.2654463332048258
          5.7584907863122963
          1.4829050631695839
          3.9759495162770535
          3.4041900932108682
          2.3344264602534102
          1.6914331455342411
          1.1539625940207738
          0.5972248184364339
          0.0656311134248290
          0.6550712225506220
          0.4464098879920315
          0.2253021548277710
          0.0179388340953259
          0.1086340658205253
          0.0746025539016398
          0.0370560535078473
          0.0016675342112300
1
          4.6510031424381406
          3.0029020733906551
          1.9134932930544439
          1.0299830986320215
          0.4080769849649464
          0.1084574249702687
          0.0054997231893520
          0.0000213189135296
          1.5406547879407739
          4.2755992437031685
          0.5718900093878331
          3.3068344651502293
          1.0062658092964385
          2.7915082031066154
          0.3740893139295750
          2.1593317077397516
          1.3555056936439576
          1.0486545841064983
          0.5035647644113510
          0.3895485566529263
          0.2567219986067842
          0.0429360178971517
          0.1260601761258190
          0.0974850037768371
          0.0642184359180924
          0.0105953035633068
          0.0083757981931362
          0.0064711043518936
          0.0042527471666462
          0.0006836935419426
          5.5316141803304202
          4.0020670118275055
          2.9019797467649466
          1.8706767302635625
          0.9458035904110500
          0.3298389084371567
          0.0247201306581252
          0.0001498187387258
          5.3894775501336953
         19.3982053329753015
          1.7984516316649564
         15.8071794145065851
          3.8930957735160856
         14.1547784655181434
          1.2520403807706166
         11.5137230727726791
          8.3730869023063441
          6.7860911445721284
          4.1397156831838053
          3.3363696514985701
          2.2379211552744538
          0.3593955635475046
          1.5820720429557997
          1.2650525248564382
          0.8287325996084789
          0.1095876270785137
          0.2544047540346980
          0.2008078198697684
          0.1269684774954310
          0.0120735276951023
          4.4813811893071271
          7.9124602522473930
          2.0616311714951303
          5.4927102344354060
          3.2654463332048236
          5.7584907863122865
          1.4829050631695846
          3.9759495162770508
          3.4041900932108677
          2.3344264602534097
          1.6914331455342415
          1.1539625940207732
          0.5972248184364343
          0.0656311134248291
          0.6550712225506219
          0.4464098879920316
          0.2253021548277709
          0.0179388340953259
          0.1086340658205252
          0.0746025539016397
          0.0370560535078473
          0.0016675342112300
   0    2  0.111058  0.369984  0.354117 
         -0.0000000000000000           0.0000000000000000           0.0000000000000000
         -0.0000000000000000           0.0000000000000001          -0.0000000000000001
         -0.0000000000000000           0.0000000000000001           0.0000000000000001
         -0.0000000000000000           0.0000000000000000          -0.0000000000000000
          0.0000000000000000           0.0000000000000000           0.0000000000000000
          0.0000000000000000          -0.0000000000000000          -0.0000000000000000
          0.0000000000000000          -0.0000000000000000          -0.0000000000000000
          0.0000000000000000           0.0000000000000000          -0.0000000000000000
          0.0000000000000000           0.0000000000000000          -0.0000000000000001
          0.0000000000000000           0.0000000000000001           0.0000000000000002
         -0.0000000000000000          -0.0000000000000000          -0.0000000000000000
         -0.0000000000000001           0.0000000000000006          -0.0000000000000004
         -0.0000000000000000           0.0000000000000000          -0.0000000000000000
         -0.0000000000000000           0.0000000000000002           0.0000000000000001
          0.0000000000000000           0.0000000000000000           0.0000000000000000
         -0.0000000000000000          -0.0000000000000000          -0.0000000000000001
         -0.0000000000000000           0.0000000000000001           0.0000000000000001
         -0.0000000000000000          -0.0000000000000001           0.0000000000000001
          0.0000000000000000           0.0000000000000000           0.0000000000000000
          0.0000000000000000           0.0000000000000000           0.0000000000000001
          0.0000000000000000          -0.0000000000000000          -0.0000000000000000
         -0.0000000000000000           0.0000000000000000           0.0000000000000000
         -0.0000000000000000          -0.0000000000000000           0.0000000000000000
          0.0000000000000000          -0.0000000000000000          -0.0000000000000000
         -0.0000000000000000           0.0000000000000000           0.0000000000000000
         -0.0000000000000000           0.0000000000000000          -0.0000000000000000
         -0.0000000000000000          -0.0000000000000000          -0.0000000000000000
         -0.0000000000000000          -0.0000000000000000          -0.0000000000000000
         -0.0000000000000000           0.0000000000000000          -0.0000000000000000
          0.0000000000000000          -0.0000000000000000           0.0000000000000000
          0.0062503877494080          -0.0044000575299782          -0.0267832870420599
          0.0018258528737692          -0.0068492912402535          -0.0062858511842486
          0.0002674704540285          -0.0032178089499901          -0.0024499790008438
         -0.0006667990977127          -0.0046181215518847          -0.0131325070692329
         -0.0024376125016622          -0.0177896760759733          -0.0317228268261158
         -0.0044532125786557          -0.0268852814429429          -0.0347310018652037
         -0.0024576075094448          -0.0091399660285374          -0.0097505366163419
         -0.0000891072841778          -0.0001882576306933          -0.0001907005889217
         -0.0013533860758820          -0.0161734858627590          -0.0255981371691595
          0.0088681435716717          -0.0381428065926597          -0.0005808937074633
         -0.0030704714622483           0.0069530022026886          -0.0207449704778156
          0.0071510581853052          -0.0150163185272117           0.0042722729838808
         -0.0017741672406330          -0.0186474575120262          -0.0260705960751358
          0.0047591680078418          -0.0147521290558668           0.0160989205085736
         -0.0028181660596517          -0.0001769208796748          -0.0192840795734024
          0.0037151691888226           0.0037184075764861           0.0228854370103071
          0.0019493489366657           0.0091486787827422           0.0169592788783431
          0.0015262002217008           0.0224761875200317           0.0264289337024924
          0.0008242442517146           0.0185469486225498           0.0023255282484525
          0.0007709319047458           0.0279234419202437           0.0129577944795216
          0.0008461010303896           0.0195734999718549           0.0226796289441363
          0.0019543317725050          -0.0200291582444835          -0.0037781724598494
          0.0001224432932054           0.0137618663849154          -0.0114909997280745
          0.0002484283885613           0.0198722060738250          -0.0025401566277057
          0.0004381416625709           0.0164611058225040           0.0072044374503358
          0.0009507015881092          -0.0071946157962675           0.0002927561625704
         -0.0004513623451691           0.0029883794608420          -0.0107860460993751
         -0.0003003990564935           0.0053091337151200          -0.0068324320908902
         -0.0000962730990153           0.0053597155191030          -0.0019405489643711
          0.0001840579276579          -0.0007636544998221           0.0003410717328967
         -0.0006814102023553          -0.0151136040983258          -0.0318510433102990
          0.0081961676981438          -0.0392026883570910           0.0056720124336775
         -0.0014327783414976          -0.0307004732139338          -0.0473918544584844
          0.0074447995590017          -0.0547895574726993          -0.0098687987145093
         -0.0008570697882365          -0.0111919753607132          -0.0338557089132968
          0.0038420705554458          -0.0222076112071782           0.0238840333467324
         -0.0013319895054803          -0.0268864206587196          -0.0439215347877071
          0.0033671508382023          -0.0379020565051844           0.0138182074723224
          0.0011126299802609          -0.0021640940905139           0.0275625293023799
          0.0008509647378370          -0.0148363601222941           0.0262644497537302
          0.0004991032245679           0.0083416400010725           0.0142957710095755
          0.0004342317996157           0.0012904583334703           0.0203490228501167
         -0.0006729896242292          -0.0128883244912734           0.0144844074326879
         -0.0000915632175418          -0.0024839958992243          -0.0084350033566477
          0.0003805862781321           0.0075761017699751          -0.0017458738462377
          0.0005376146701328           0.0058362057852628           0.0067356051836633
         -0.0000279592206004          -0.0013157927010633           0.0090425715809764
         -0.0002168927494730          -0.0022205153520290          -0.0022748573115535
         -0.0000654773330065           0.0013472485227157          -0.0071112344261466
          0.0001809910689904           0.0020436935816843          -0.0024896576482148
          0.0001736210053655           0.0011052556165495           0.0009715122135198
         -0.0000562839887450          -0.0004371586157717          -0.0000531969960978
   1
          0.0000000000000000           0.0000000000000000           0.0000000000000000
          0.0000000000000000           0.0000000000000000           0.0000000000000000
          0.0000000000000000           0.0000000000000000           0.0000000000000000
          0.0000000000000000           0.0000000000000000           0.0000000000000000
          0.0000000000000000           0.0000000000000000           0.0000000000000000
          0.0000000000000000           0.0000000000000000           0.0000000000000000
          0.0000000000000000           0.0000000000000000           0.0000000000000000
          0.0000000000000000           0.0000000000000000           0.0000000000000000
          0.0000000000000000           0.0000000000000000           0.0000000000000000
          0.0000000000000000           0.0000000000000000           0.0000000000000000
          0.0000000000000000           0.0000000000000000           0.0000000000000000
          0.0000000000000000           0.0000000000000000           0.0000000000000000
          0.0000000000000000           0.0000000000000000           0.0000000000000000
          0.0000000000000000           0.0000000000000000           0.0000000000000000
          0.0000000000000000           0.0000000000000000           0.0000000000000000
          0.0000000000000000           0.0000000000000000           0.0000000000000000
          0.0000000000000000           0.0000000000000000           0.0000000000000000
          0.0000000000000000           0.0000000000000000           0.0000000000000000
          0.0000000000000000           0.0000000000000000           0.0000000000000000
          0.0000000000000000           0.0000000000000000           0.0000000000000000
          0.0000000000000000           0.0000000000000000           0.0000000000000000
          0.0000000000000000           0.0000000000000000           0.0000000000000000
          0.0000000000000000           0.0000000000000000           0.0000000000000000
          0.0000000000000000           0.0000000000000000           0.0000000000000000
          0.0000000000000000           0.0000000000000000           0.0000000000000000
          0.0000000000000000           0.0000000000000000           0.0000000000000000
          0.0000000000000000           0.0000000000000000           0.0000000000000000
          0.0000000000000000           0.0000000000000000           0.0000000000000000
          0.0000000000000000           0.0000000000000000           0.0000000000000000
          0.0000000000000000           0.0000000000000000           0.0000000000000000
          0.0062503877494080          -0.0044000575299784          -0.0267832870420597
          0.0018258528737691          -0.0068492912402536          -0.0062858511842485
          0.0002674704540285          -0.0032178089499899          -0.0024499790008438
         -0.0006667990977127          -0.0046181215518846          -0.0131325070692329
         -0.0024376125016622          -0.0177896760759733          -0.0317228268261158
         -0.0044532125786558          -0.0268852814429428          -0.0347310018652036
         -0.0024576075094448          -0.0091399660285374          -0.0097505366163419
         -0.0000891072841778          -0.0001882576306933          -0.0001907005889217
          0.0037711705812992          -0.0662704700246801          -0.0416155576772220
          0.0112583444102792          -0.0423621148861542          -0.0107425040760213
          0.0008727553257708          -0.0542232873773986          -0.0863469124824553
          0.0083599291547508          -0.0303149322388741          -0.0554738588812558
          0.0004093567280743          -0.0499057725675691          -0.0142326785124740
          0.0055606448063423          -0.0168934005682127          -0.0057106726206509
         -0.0014449866096851          -0.0510219948584499          -0.0569645939831759
          0.0037063014685821          -0.0180096228590935          -0.0484425880913523
          0.0015546084308487           0.0039862374600617          -0.0208088525486066
          0.0003152319866112          -0.0080226698794962          -0.0518929514635569
         -0.0001502762188300           0.0070358918015284          -0.0438619572508116
         -0.0011224256066115          -0.0066083010384636          -0.0582331997520766
         -0.0041335654298769          -0.0470681509752824          -0.0758006074672528
         -0.0078608995860231          -0.0612242318259353          -0.0584588729568420
         -0.0010973558420065          -0.0005750246599678          -0.0517497309767883
         -0.0016967861353342          -0.0089086625776772          -0.0527472221899193
         -0.0031935650945324          -0.0275722597936349          -0.0503889329696983
         -0.0036518340199753          -0.0256638553392653          -0.0224107465702432
         -0.0014115247466411          -0.0048186593445372          -0.0287060189455250
         -0.0014605088174475          -0.0062689798693227          -0.0252175509505280
         -0.0015686552473552          -0.0088103153675291          -0.0189933218214050
         -0.0007849148128395          -0.0045222024814960          -0.0036985517009490
         -0.0006814102023549          -0.0151136040983262          -0.0318510433102977
          0.0081961676981435          -0.0392026883570917           0.0056720124336766
         -0.0014327783414978          -0.0307004732139342          -0.0473918544584844
          0.0074447995590014          -0.0547895574726998          -0.0098687987145106
         -0.0008570697882352          -0.0111919753607135          -0.0338557089132964
          0.0038420705554456          -0.0222076112071786           0.0238840333467337
         -0.0013319895054802          -0.0268864206587195          -0.0439215347877066
          0.0033671508382024          -0.0379020565051833           0.0138182074723232
          0.0011126299802597          -0.0021640940905146           0.0275625293023806
          0.0008509647378367          -0.0148363601222937           0.0262644497537307
          0.0004991032245679           0.0083416400010727           0.0142957710095754
          0.0004342317996161           0.0012904583334702           0.0203490228501165
         -0.0006729896242292          -0.0128883244912735           0.0144844074326879
         -0.0000915632175418          -0.0024839958992243          -0.0084350033566476
          0.0003805862781323           0.0075761017699752          -0.0017458738462377
          0.0005376146701329           0.0058362057852628           0.0067356051836635
         -0.0000279592206004          -0.0013157927010634           0.0090425715809765
         -0.0002168927494730          -0.0022205153520290          -0.0022748573115535
         -0.0000654773330066           0.0013472485227157          -0.0071112344261467
          0.0001809910689905           0.0020436935816843          -0.0024896576482148
          0.0001736210053655           0.0011052556165495           0.0009715122135198
         -0.0000562839887450          -0.0004371586157717          -0.0000531969960978
   0
          0.0000000000000000           0.0000000000000000          -0.0000000000000000
          0.0000000000000000          -0.0000000000000001           0.0000000000000001
          0.0000000000000000          -0.0000000000000001          -0.0000000000000001
          0.0000000000000000           0.0000000000000000           0.0000000000000000
         -0.0000000000000000           0.0000000000000000           0.0000000000000000
         -0.0000000000000000           0.0000000000000000           0.0000000000000000
         -0.0000000000000000           0.0000000000000000           0.0000000000000000
          0.0000000000000000           0.0000000000000000           0.0000000000000000
         -0.0000000000000001          -0.0000000000000003          -0.0000000000000006
          0.0000000000000000          -0.0000000000000001           0.0000000000000002
          0.0000000000000000          -0.0000000000000002          -0.0000000000000001
         -0.0000000000000001          -0.0000000000000001          -0.0000000000000007
          0.0000000000000001           0.0000000000000002          -0.0000000000000004
          0.0000000000000002           0.0000000000000004          -0.0000000000000007
          0.0000000000000000           0.0000000000000000           0.0000000000000000
          0.0000000000000000          -0.0000000000000002          -0.0000000000000003
          0.0000000000000000           0.0000000000000001           0.0000000000000001
         -0.0000000000000000           0.0000000000000001          -0.0000000000000006
         -0.0000000000000000          -0.0000000000000000          -0.0000000000000001
          0.0000000000000000          -0.0000000000000000          -0.0000000000000001
         -0.0000000000000000           0.0000000000000000           0.0000000000000001
          0.0000000000000000           0.0000000000000000           0.0000000000000000
          0.0000000000000000          -0.0000000000000000           0.0000000000000000
          0.0000000000000000          -0.0000000000000000          -0.0000000000000000
         -0.0000000000000000           0.0000000000000000          -0.0000000000000000
          0.0000000000000000          -0.0000000000000000          -0.0000000000000000
          0.0000000000000000          -0.0000000000000000           0.0000000000000000
          0.0000000000000000           0.0000000000000000           0.0000000000000000
         -0.0000000000000000          -0.0000000000000000          -0.0000000000000000
         -0.0000000000000000          -0.0000000000000000          -0.0000000000000000
          0.0000000000000000           0.0000000000000000           0.0000000000000000
          0.0000000000000000           0.0000000000000000           0.0000000000000000
          0.0000000000000000           0.0000000000000000           0.0000000000000000
          0.0000000000000000           0.0000000000000000           0.0000000000000000
          0.0000000000000000           0.0000000000000000           0.0000000000000000
          0.0000000000000000           0.0000000000000000           0.0000000000000000
          0.0000000000000000           0.0000000000000000           0.0000000000000000
          0.0000000000000000           0.0000000000000000           0.0000000000000000
          0.0051245566571818          -0.0500969841619205          -0.0160174205080637
          0.0023902008386086          -0.0042193082934954          -0.0101616103685614
          0.0039432267880193          -0.0611762895800870          -0.0656019420046404
          0.0012088709694464          -0.0152986137116608          -0.0597461318651351
          0.0021835239687083          -0.0312583150555431           0.0118379175626632
          0.0008014767985013          -0.0021412715123491          -0.0218095931292248
          0.0013731794499665          -0.0508450739787751          -0.0376805144097737
         -0.0000088677202405          -0.0217280304355806          -0.0713280251016611
         -0.0003947405058170          -0.0051624413226794          -0.0377681314269486
         -0.0012109682350895          -0.0304988573995286          -0.0783218851660501
         -0.0009745204705451          -0.0115110568210213          -0.0461874854992652
         -0.0018933575113569          -0.0345317429587070          -0.0711909942315978
         -0.0049796664602667          -0.0666416509471380          -0.0984802364113887
         -0.0098152313585281          -0.0411950735814518          -0.0546807004969928
         -0.0012197991352119          -0.0143368910448823          -0.0402587312487137
         -0.0019452145238954          -0.0287808686515025          -0.0502070655622136
         -0.0036317067571032          -0.0440333656161389          -0.0575933704200340
         -0.0046025356080845          -0.0184692395429978          -0.0227035027328136
         -0.0009601624014718          -0.0078070388053791          -0.0179199728461498
         -0.0011601097609540          -0.0115781135844426          -0.0183851188596377
         -0.0014723821483399          -0.0141700308866322          -0.0170527728570338
         -0.0009689727404974          -0.0037585479816739          -0.0040396234338457
          0.0000000000000000           0.0000000000000000           0.0000000000000000
          0.0000000000000000           0.0000000000000000           0.0000000000000000
          0.0000000000000000           0.0000000000000000           0.0000000000000000
          0.0000000000000000           0.0000000000000000           0.0000000000000000
          0.0000000000000000           0.0000000000000000           0.0000000000000000
          0.0000000000000000           0.0000000000000000           0.0000000000000000
          0.0000000000000000           0.0000000000000000           0.0000000000000000
          0.0000000000000000           0.0000000000000000           0.0000000000000000
          0.0000000000000000           0.0000000000000000           0.0000000000000000
          0.0000000000000000           0.0000000000000000           0.0000000000000000
          0.0000000000000000           0.0000000000000000           0.0000000000000000
          0.0000000000000000           0.0000000000000000           0.0000000000000000
          0.0000000000000000           0.0000000000000000           0.0000000000000000
          0.0000000000000000           0.0000000000000000           0.0000000000000000
          0.0000000000000000           0.0000000000000000           0.0000000000000000
          0.0000000000000000           0.0000000000000000           0.0000000000000000
          0.0000000000000000           0.0000000000000000           0.0000000000000000
          0.0000000000000000           0.0000000000000000           0.0000000000000000
          0.0000000000000000           0.0000000000000000           0.0000000000000000
          0.0000000000000000           0.0000000000000000           0.0000000000000000
          0.0000000000000000           0.0000000000000000           0.0000000000000000
          0.0000000000000000           0.0000000000000000           0.0000000000000000
