1  82   2   1   2   -6.427547   0.000000
  0 
./DATA/100/00/GA/G004/M027/
0
          4.0896754881809372
          2.7751879017724468
          1.8782813612790157
          1.1048123078674748
          0.4957740463840298
          0.1511107458462916
          0.0090348440839397
          0.0000386310893520
          1.3238630237830322
          3.6859622724531356
          0.4957980054100197
          2.8578972540801204
          0.9311789417638835
          2.6026448153112929
          0.3429424239279975
          2.0144082974754070
          1.4587905896440176
          1.1257434167381009
          0.6708531186885256
          0.5157481401367041
          0.3261198546261846
          0.0472205721062844
          0.2311559126888060
          0.1769339952614911
          0.1100581226333982
          0.0135484409012531
          0.0297398911188129
          0.0226336049855313
          0.0137686357856633
          0.0013315149291186
          5.4003458177813330
          3.7570381641525041
          2.6015284674822081
          1.5756096430918203
          0.7393564578265323
          0.2424176388476015
          0.0175847135218148
          0.0001121927133130
          5.4723655800629132
         15.7649135512097622
          2.0486575803712466
         12.3412055515180992
          3.9220062221011842
         11.3217348530805637
          1.4436630084457018
          8.8433916394250875
          6.5254875676197317
          5.0777913044823952
          3.1247765316979668
          2.4195144382279716
          1.5486947698620428
          0.2446038801994087
          1.1523685840227702
          0.8870005677671625
          0.5549701852089353
          0.0726395459694739
          0.1777022102342774
          0.1357474610686255
          0.0822329858908569
          0.0076378060338814
          2.9644807059033385
          7.6541588597330037
          1.1814532901040049
          5.8711314439336624
          2.1154152327691591
          5.5064553048217189
          0.8263977328244630
          4.2174378048770267
          3.1819462119366513
          2.4302173396142157
          1.5278904159478177
          1.1621128310624858
          0.7175135293919056
          0.0932294903543692
          0.5647705139022386
          0.4271303297871971
          0.2576627208988680
          0.0277379914388647
          0.0871366932743870
          0.0652928886771213
          0.0379914880956056
          0.0028828245972809
1
          4.0896754881809381
          2.7751879017724468
          1.8782813612790157
          1.1048123078674748
          0.4957740463840297
          0.1511107458462916
          0.0090348440839397
          0.0000386310893520
          1.3238630237830327
          3.6859622724531347
          0.4957980054100197
          2.8578972540801204
          0.9311789417638835
          2.6026448153112938
          0.3429424239279976
          2.0144082974754070
          1.4587905896440179
          1.1257434167381004
          0.6708531186885257
          0.5157481401367041
          0.3261198546261847
          0.0472205721062844
          0.2311559126888060
          0.1769339952614912
          0.1100581226333982
          0.0135484409012531
          0.0297398911188129
          0.0226336049855313
          0.0137686357856633
          0.0013315149291186
          5.4003458177813339
          3.7570381641525032
          2.6015284674822081
          1.5756096430918203
          0.7393564578265323
          0.2424176388476015
          0.0175847135218148
          0.0001121927133130
          5.4723655800629096
         15.7649135512097693
          2.0486575803712466
         12.3412055515181045
          3.9220062221011807
         11.3217348530805584
          1.4436630084457023
          8.8433916394250964
          6.5254875676197415
          5.0777913044823935
          3.1247765316979694
          2.4195144382279725
          1.5486947698620412
          0.2446038801994087
          1.1523685840227695
          0.8870005677671624
          0.5549701852089349
          0.0726395459694740
          0.1777022102342773
          0.1357474610686255
          0.0822329858908570
          0.0076378060338814
          2.9644807059033380
          7.6541588597329993
          1.1814532901040053
          5.8711314439336677
          2.1154152327691591
          5.5064553048217180
          0.8263977328244625
          4.2174378048770205
          3.1819462119366504
          2.4302173396142157
          1.5278904159478175
          1.1621128310624869
          0.7175135293919057
          0.0932294903543691
          0.5647705139022384
          0.4271303297871971
          0.2576627208988680
          0.0277379914388647
          0.0871366932743871
          0.0652928886771213
          0.0379914880956056
          0.0028828245972809
   0    2  0.310986 -0.269559 -0.131970 
          0.0000000000000000           0.0000000000000000           0.0000000000000001
         -0.0000000000000000           0.0000000000000000           0.0000000000000000
          0.0000000000000000          -0.0000000000000000          -0.0000000000000000
         -0.0000000000000000           0.0000000000000000          -0.0000000000000000
          0.0000000000000000          -0.0000000000000000           0.0000000000000000
          0.0000000000000000           0.0000000000000000           0.0000000000000000
          0.0000000000000000           0.0000000000000000           0.0000000000000000
          0.0000000000000000          -0.0000000000000000           0.0000000000000000
         -0.0000000000000001          -0.0000000000000001          -0.0000000000000001
          0.0000000000000002           0.0000000000000002          -0.0000000000000005
          0.0000000000000001          -0.0000000000000000           0.0000000000000000
         -0.0000000000000000           0.0000000000000001           0.0000000000000002
         -0.0000000000000000          -0.0000000000000001           0.0000000000000001
          0.0000000000000000           0.0000000000000002          -0.0000000000000001
         -0.0000000000000000           0.0000000000000000           0.0000000000000000
          0.0000000000000000           0.0000000000000002           0.0000000000000000
          0.0000000000000000          -0.0000000000000000           0.0000000000000001
         -0.0000000000000001           0.0000000000000001          -0.0000000000000001
         -0.0000000000000001           0.0000000000000000          -0.0000000000000002
         -0.0000000000000000          -0.0000000000000001           0.0000000000000000
          0.0000000000000000          -0.0000000000000000          -0.0000000000000000
         -0.0000000000000000          -0.0000000000000000          -0.0000000000000000
         -0.0000000000000000          -0.0000000000000000          -0.0000000000000000
          0.0000000000000000           0.0000000000000000          -0.0000000000000000
         -0.0000000000000000           0.0000000000000000           0.0000000000000000
          0.0000000000000000          -0.0000000000000000          -0.0000000000000000
         -0.0000000000000000           0.0000000000000000          -0.0000000000000000
          0.0000000000000000           0.0000000000000000           0.0000000000000000
         -0.0000000000000000          -0.0000000000000000           0.0000000000000000
         -0.0000000000000000          -0.0000000000000000           0.0000000000000000
          0.0105337636007316          -0.0152791478611559          -0.0023259256093324
         -0.0095109080593816           0.0064096748739270           0.0079563560841285
         -0.0383047217577275           0.0258051213686544           0.0259025739273239
         -0.0687961304091903           0.0474053662332067           0.0474224448918247
         -0.0796210673782028           0.0615116423472999           0.0568517446825763
         -0.0547896369804282           0.0484890156330888           0.0384825571084104
         -0.0105297027484163           0.0095210174148438           0.0057598004221879
         -0.0002265226414587           0.0001357942245341           0.0000644228797780
         -0.0959850015051939           0.0798058605799431           0.0716456954693946
         -0.0544678152895046           0.0319718111696734           0.0351910480431549
         -0.0670557843357283           0.0488749348600459           0.0544520722234356
         -0.0255385981200377           0.0010408854497770           0.0179974247971939
         -0.0855216937618833           0.0733374289984157           0.0637163320262311
         -0.0980894715089761           0.0566682558623968           0.0606810353554872
         -0.0484444222016192           0.0390034619970477           0.0408782010224516
         -0.0610121999487121           0.0223342888610286           0.0378429043517089
         -0.1344623477371545           0.0746879745921154           0.0842395066711149
         -0.0924506857107308           0.0394582729819263           0.0574135172259237
         -0.1347551341914910           0.0736483461995766           0.0874688990745953
         -0.0964152567503838           0.0428498403038471           0.0622773467037345
         -0.0362809667172464           0.0089706554074762           0.0237761181923428
          0.0168250466365707           0.0012516398803850          -0.0104622801107885
         -0.0980585980129503           0.0549749322166479           0.0666065103765406
         -0.0713964615797694           0.0336950687216253           0.0487302984345310
         -0.0333259840913227           0.0106297209982414           0.0231880879042631
          0.0045018443806802           0.0013081756567586          -0.0029297580600514
         -0.0340326179057231           0.0213488630484398           0.0245785151379120
         -0.0249219824024493           0.0138277769232219           0.0184089240746824
         -0.0128600376453240           0.0054947987431133           0.0099096327392948
          0.0001415525630461           0.0002274232536423          -0.0000582301873541
         -0.2057939203229301           0.1299185018385471           0.1395201643306846
          0.0553411035282334          -0.0181408300889298          -0.0326834208181346
         -0.1178973990281272           0.0849678503975419           0.0884573258638576
          0.1432376248230358          -0.0630914815299353          -0.0837462592849635
         -0.1931146715416165           0.1220741780753956           0.1314546749670798
          0.0095035062707570           0.0079315067854169          -0.0070573075853604
         -0.1050248711039351           0.0752950644630086           0.0785683579387049
          0.0975933067084384          -0.0388476068269702          -0.0599436246137358
         -0.0429397004270170           0.0338640134611436           0.0250878431812710
          0.0373786750271443          -0.0110171211813191          -0.0252581846500111
         -0.0714125858026256           0.0460022463631938           0.0451409386583388
         -0.0088214892471284           0.0088921721313550           0.0042270377118589
          0.0306366580862230          -0.0132486585009929          -0.0214282393658520
         -0.0074167046550404           0.0077310409964513           0.0067660209840474
         -0.0655891116377936           0.0411772609099183           0.0438525249834297
         -0.0272028998824774           0.0167188682690834           0.0178043046360861
          0.0036012563478308          -0.0020162373913478          -0.0033130737925158
         -0.0006612798780060           0.0019473573979724           0.0007320928532075
         -0.0272255189519875           0.0185190029251509           0.0192914609527595
         -0.0157427948272358           0.0102772880359000           0.0112272997731799
         -0.0045874827809912           0.0025215518553466           0.0032285801937977
          0.0002825230149329          -0.0000239519707604          -0.0002877623303504
   1
          0.0000000000000000           0.0000000000000000           0.0000000000000000
          0.0000000000000000           0.0000000000000000           0.0000000000000000
          0.0000000000000000           0.0000000000000000           0.0000000000000000
          0.0000000000000000           0.0000000000000000           0.0000000000000000
          0.0000000000000000           0.0000000000000000           0.0000000000000000
          0.0000000000000000           0.0000000000000000           0.0000000000000000
          0.0000000000000000           0.0000000000000000           0.0000000000000000
          0.0000000000000000           0.0000000000000000           0.0000000000000000
          0.0000000000000000           0.0000000000000000           0.0000000000000000
          0.0000000000000000           0.0000000000000000           0.0000000000000000
          0.0000000000000000           0.0000000000000000           0.0000000000000000
          0.0000000000000000           0.0000000000000000           0.0000000000000000
          0.0000000000000000           0.0000000000000000           0.0000000000000000
          0.0000000000000000           0.0000000000000000           0.0000000000000000
          0.0000000000000000           0.0000000000000000           0.0000000000000000
          0.0000000000000000           0.0000000000000000           0.0000000000000000
          0.0000000000000000           0.0000000000000000           0.0000000000000000
          0.0000000000000000           0.0000000000000000           0.0000000000000000
          0.0000000000000000           0.0000000000000000           0.0000000000000000
          0.0000000000000000           0.0000000000000000           0.0000000000000000
          0.0000000000000000           0.0000000000000000           0.0000000000000000
          0.0000000000000000           0.0000000000000000           0.0000000000000000
          0.0000000000000000           0.0000000000000000           0.0000000000000000
          0.0000000000000000           0.0000000000000000           0.0000000000000000
          0.0000000000000000           0.0000000000000000           0.0000000000000000
          0.0000000000000000           0.0000000000000000           0.0000000000000000
          0.0000000000000000           0.0000000000000000           0.0000000000000000
          0.0000000000000000           0.0000000000000000           0.0000000000000000
          0.0000000000000000           0.0000000000000000           0.0000000000000000
          0.0000000000000000           0.0000000000000000           0.0000000000000000
          0.0105337636007316          -0.0152791478611557          -0.0023259256093324
         -0.0095109080593815           0.0064096748739270           0.0079563560841285
         -0.0383047217577275           0.0258051213686545           0.0259025739273240
         -0.0687961304091904           0.0474053662332067           0.0474224448918247
         -0.0796210673782028           0.0615116423472999           0.0568517446825763
         -0.0547896369804282           0.0484890156330887           0.0384825571084104
         -0.0105297027484163           0.0095210174148438           0.0057598004221879
         -0.0002265226414587           0.0001357942245341           0.0000644228797780
          0.0454071040318667           0.0030381698126982          -0.0193973619448561
         -0.3463127376212610           0.2205171736865336           0.2330708489699550
         -0.0391121476584985           0.0561153265641921           0.0434427920033041
         -0.4308319893116275           0.2735943304380290           0.2959110029181161
          0.0223914324181926           0.0133765741516921          -0.0100504094844552
         -0.3896137629599125           0.2466347955699310           0.2588451442478953
         -0.0192835228510775           0.0433833502972698           0.0248431612944625
         -0.4312887182291829           0.2766415717155094           0.2937387150268128
         -0.4019896850471217           0.2523911102152753           0.2676089006625637
         -0.3976861422696296           0.2564022175413331           0.2704789029993467
         -0.3469038946946212           0.2189690105115802           0.2344168199612959
         -0.3166865077017248           0.2060041220780601           0.2170218367718950
         -0.2427465034748675           0.1773260449051792           0.1706159590552596
         -0.0366998237675029           0.0501338671567912           0.0298784057647045
         -0.2317201768462517           0.1506267124410481           0.1599534570495611
         -0.1997154005625657           0.1332675990733924           0.1386967992056839
         -0.1417220353428779           0.1029368372403758           0.0989377065959386
         -0.0164701112291315           0.0198250962269298           0.0119093604274388
         -0.0758358285807743           0.0537604632751941           0.0537948252514310
         -0.0621326364057515           0.0447709186137206           0.0439608443718058
         -0.0411005632990788           0.0308220267031823           0.0286370092497482
         -0.0038087273528321           0.0034031948585078           0.0022678729138066
         -0.2057939203229296           0.1299185018385476           0.1395201643306852
          0.0553411035282320          -0.0181408300889293          -0.0326834208181332
         -0.1178973990281263           0.0849678503975412           0.0884573258638574
          0.1432376248230373          -0.0630914815299349          -0.0837462592849631
         -0.1931146715416164           0.1220741780753961           0.1314546749670794
          0.0095035062707575           0.0079315067854162          -0.0070573075853614
         -0.1050248711039354           0.0752950644630083           0.0785683579387048
          0.0975933067084395          -0.0388476068269700          -0.0599436246137343
         -0.0429397004270167           0.0338640134611428           0.0250878431812730
          0.0373786750271441          -0.0110171211813194          -0.0252581846500106
         -0.0714125858026257           0.0460022463631942           0.0451409386583378
         -0.0088214892471284           0.0088921721313549           0.0042270377118588
          0.0306366580862227          -0.0132486585009927          -0.0214282393658516
         -0.0074167046550405           0.0077310409964513           0.0067660209840474
         -0.0655891116377937           0.0411772609099183           0.0438525249834299
         -0.0272028998824775           0.0167188682690833           0.0178043046360858
          0.0036012563478308          -0.0020162373913479          -0.0033130737925158
         -0.0006612798780060           0.0019473573979724           0.0007320928532075
         -0.0272255189519876           0.0185190029251509           0.0192914609527595
         -0.0157427948272358           0.0102772880359000           0.0112272997731799
         -0.0045874827809912           0.0025215518553466           0.0032285801937977
          0.0002825230149329          -0.0000239519707604          -0.0002877623303504
   0
          0.0000000000000000          -0.0000000000000000          -0.0000000000000001
          0.0000000000000000           0.0000000000000000          -0.0000000000000000
         -0.0000000000000000           0.0000000000000000           0.0000000000000000
          0.0000000000000000          -0.0000000000000000           0.0000000000000000
          0.0000000000000000           0.0000000000000000          -0.0000000000000000
         -0.0000000000000000           0.0000000000000000           0.0000000000000000
          0.0000000000000000           0.0000000000000000           0.0000000000000000
          0.0000000000000000           0.0000000000000000           0.0000000000000000
         -0.0000000000000000          -0.0000000000000000          -0.0000000000000002
         -0.0000000000000001           0.0000000000000003           0.0000000000000002
          0.0000000000000000           0.0000000000000001           0.0000000000000000
         -0.0000000000000000           0.0000000000000002          -0.0000000000000002
         -0.0000000000000000           0.0000000000000000          -0.0000000000000002
         -0.0000000000000001          -0.0000000000000000           0.0000000000000002
         -0.0000000000000000          -0.0000000000000000           0.0000000000000001
         -0.0000000000000002           0.0000000000000000           0.0000000000000003
          0.0000000000000000          -0.0000000000000000          -0.0000000000000001
         -0.0000000000000001          -0.0000000000000001           0.0000000000000000
          0.0000000000000001           0.0000000000000000           0.0000000000000000
         -0.0000000000000000           0.0000000000000001           0.0000000000000001
         -0.0000000000000000           0.0000000000000000           0.0000000000000000
          0.0000000000000000           0.0000000000000000           0.0000000000000000
          0.0000000000000000          -0.0000000000000000           0.0000000000000000
          0.0000000000000000           0.0000000000000000           0.0000000000000000
         -0.0000000000000000           0.0000000000000000           0.0000000000000000
         -0.0000000000000000          -0.0000000000000000          -0.0000000000000000
          0.0000000000000000           0.0000000000000000           0.0000000000000000
          0.0000000000000000           0.0000000000000000          -0.0000000000000000
         -0.0000000000000000          -0.0000000000000000          -0.0000000000000000
         -0.0000000000000000          -0.0000000000000000           0.0000000000000000
          0.0000000000000000           0.0000000000000000           0.0000000000000000
          0.0000000000000000           0.0000000000000000           0.0000000000000000
          0.0000000000000000           0.0000000000000000           0.0000000000000000
          0.0000000000000000           0.0000000000000000           0.0000000000000000
          0.0000000000000000           0.0000000000000000           0.0000000000000000
          0.0000000000000000           0.0000000000000000           0.0000000000000000
          0.0000000000000000           0.0000000000000000           0.0000000000000000
          0.0000000000000000           0.0000000000000000           0.0000000000000000
          0.1413921055370603          -0.0767676907672447          -0.0910430574142531
         -0.2918449223317582           0.1885453625168619           0.1978798009267996
          0.0279436366772293           0.0072403917041464          -0.0110092802201310
         -0.4052933911915897           0.2725534449882524           0.2779135781209218
          0.1079131261800765          -0.0599608548467235          -0.0737667415106870
         -0.2915242914509353           0.1899665397075351           0.1981641088924050
          0.0291608993505419           0.0043798883002220          -0.0160350397279889
         -0.3702765182804703           0.2543072828544811           0.2558958106751034
         -0.2675273373099679           0.1777031356231596           0.1833693939914514
         -0.3052354565588986           0.2169439445594076           0.2130653857734242
         -0.2121487605031298           0.1453206643120030           0.1469479208867002
         -0.2202712509513408           0.1631542817742130           0.1547444900681601
         -0.2064655367576210           0.1683553894977030           0.1468398408629171
         -0.0535248704040736           0.0488822272764064           0.0403406858754929
         -0.1336615788333012           0.0956517802244006           0.0933469466730207
         -0.1283189389827962           0.0995725303517671           0.0899665007711529
         -0.1083960512515552           0.0923071162421342           0.0757496186916755
         -0.0209719556098117           0.0185169205701712           0.0148391184874901
         -0.0418032106750510           0.0324116002267543           0.0292163101135190
         -0.0372106540033022           0.0309431416904987           0.0255519202971234
         -0.0282405256537547           0.0253272279600690           0.0187273765104534
         -0.0039502799158782           0.0031757716048655           0.0023261031011608
          0.0000000000000000           0.0000000000000000           0.0000000000000000
          0.0000000000000000           0.0000000000000000           0.0000000000000000
          0.0000000000000000           0.0000000000000000           0.0000000000000000
          0.0000000000000000           0.0000000000000000           0.0000000000000000
          0.0000000000000000           0.0000000000000000           0.0000000000000000
          0.0000000000000000           0.0000000000000000           0.0000000000000000
          0.0000000000000000           0.0000000000000000           0.0000000000000000
          0.0000000000000000           0.0000000000000000           0.0000000000000000
          0.0000000000000000           0.0000000000000000           0.0000000000000000
          0.0000000000000000           0.0000000000000000           0.0000000000000000
          0.0000000000000000           0.0000000000000000           0.0000000000000000
          0.0000000000000000           0.0000000000000000           0.0000000000000000
          0.0000000000000000           0.0000000000000000           0.0000000000000000
          0.0000000000000000           0.0000000000000000           0.0000000000000000
          0.0000000000000000           0.0000000000000000           0.0000000000000000
          0.0000000000000000           0.0000000000000000           0.0000000000000000
          0.0000000000000000           0.0000000000000000           0.0000000000000000
          0.0000000000000000           0.0000000000000000           0.0000000000000000
          0.0000000000000000           0.0000000000000000           0.0000000000000000
          0.0000000000000000           0.0000000000000000           0.0000000000000000
          0.0000000000000000           0.0000000000000000           0.0000000000000000
          0.0000000000000000           0.0000000000000000           0.0000000000000000
