1  82   2   1   2   -6.502387   0.000000
  0 
./DATA/100/00/GA/G005/M029/
0
          4.3655761828391126
          2.9777723027778222
          2.0361605110141552
          1.2226004781546853
          0.5713961942351007
          0.1869770540760739
          0.0133265987215729
          0.0000762392405169
          1.6157341185135399
          4.4377619539359028
          0.6435133005000470
          3.4655411359224102
          1.1482319936194392
          3.1653521491521506
          0.4503705999488069
          2.4674907554815175
          1.8073927858591483
          1.4046901009630968
          0.8532586077214757
          0.6606460790549921
          0.4302808910643613
          0.0724443772095543
          0.3045247789895955
          0.2347735176732647
          0.1507650939055780
          0.0220555263474296
          0.0416134831660371
          0.0319049949728008
          0.0200970130932435
          0.0024234573737256
          5.7023985036739653
          3.9449160387277846
          2.7198104976903239
          1.6384030023670639
          0.7595195221974963
          0.2413216694719637
          0.0160283028098654
          0.0000948107500534
          6.2901792263208982
         17.5954534639944846
          2.3998621002219607
         13.7051363378955315
          4.5157278944898733
         12.6403165915056590
          1.6908795888864632
          9.8154682859022682
          7.3039137622436492
          5.6418087549877027
          3.5200286400485683
          2.7001093394358957
          1.6927960028157387
          0.2526210557127030
          1.3134689075123167
          0.9990076842833993
          0.6083246208198919
          0.0730653831132434
          0.2070701632261872
          0.1557142052526877
          0.0910732608108329
          0.0073898727374675
          3.2033110616954712
          8.7395052834622131
          1.2578641136421727
          6.7940583354089137
          2.2787054594588874
          6.2993167835388784
          0.8725757505287943
          4.8931870746087887
          3.6590264635197163
          2.8377994363098771
          1.7745885885199464
          1.3732456629671994
          0.8718609759013460
          0.1238152226897365
          0.6669645281294468
          0.5147731242665750
          0.3208563948761265
          0.0374091475134914
          0.1061533821498506
          0.0816950548359952
          0.0497128426912940
          0.0041208349185973
1
          4.3655761828391118
          2.9777723027778222
          2.0361605110141552
          1.2226004781546853
          0.5713961942351007
          0.1869770540760739
          0.0133265987215729
          0.0000762392405169
          1.6157341185135397
          4.4377619539359037
          0.6435133005000465
          3.4655411359224093
          1.1482319936194392
          3.1653521491521519
          0.4503705999488069
          2.4674907554815171
          1.8073927858591485
          1.4046901009630965
          0.8532586077214754
          0.6606460790549921
          0.4302808910643613
          0.0724443772095542
          0.3045247789895953
          0.2347735176732647
          0.1507650939055780
          0.0220555263474296
          0.0416134831660371
          0.0319049949728008
          0.0200970130932435
          0.0024234573737256
          5.7023985036739644
          3.9449160387277842
          2.7198104976903243
          1.6384030023670633
          0.7595195221974964
          0.2413216694719638
          0.0160283028098655
          0.0000948107500534
          6.2901792263209009
         17.5954534639944917
          2.3998621002219598
         13.7051363378955351
          4.5157278944898689
         12.6403165915056572
          1.6908795888864641
          9.8154682859022593
          7.3039137622436465
          5.6418087549876974
          3.5200286400485701
          2.7001093394358961
          1.6927960028157383
          0.2526210557127027
          1.3134689075123172
          0.9990076842834000
          0.6083246208198925
          0.0730653831132433
          0.2070701632261870
          0.1557142052526876
          0.0910732608108329
          0.0073898727374675
          3.2033110616954747
          8.7395052834622167
          1.2578641136421733
          6.7940583354089092
          2.2787054594588878
          6.2993167835388828
          0.8725757505287949
          4.8931870746087842
          3.6590264635197176
          2.8377994363098757
          1.7745885885199451
          1.3732456629672001
          0.8718609759013458
          0.1238152226897364
          0.6669645281294468
          0.5147731242665750
          0.3208563948761265
          0.0374091475134914
          0.1061533821498507
          0.0816950548359951
          0.0497128426912941
          0.0041208349185973
   0    2 -0.072039  0.171814  0.417410 
          0.0000000000000000          -0.0000000000000000          -0.0000000000000001
          0.0000000000000000          -0.0000000000000000           0.0000000000000001
         -0.0000000000000000          -0.0000000000000000          -0.0000000000000000
          0.0000000000000000           0.0000000000000000           0.0000000000000000
          0.0000000000000000           0.0000000000000000           0.0000000000000000
          0.0000000000000000           0.0000000000000000           0.0000000000000000
          0.0000000000000000          -0.0000000000000000           0.0000000000000000
          0.0000000000000000           0.0000000000000000           0.0000000000000000
          0.0000000000000001          -0.0000000000000000          -0.0000000000000000
          0.0000000000000001          -0.0000000000000000           0.0000000000000007
         -0.0000000000000000          -0.0000000000000000          -0.0000000000000000
         -0.0000000000000005           0.0000000000000000           0.0000000000000000
         -0.0000000000000000           0.0000000000000000          -0.0000000000000002
          0.0000000000000001           0.0000000000000000           0.0000000000000000
         -0.0000000000000000           0.0000000000000000          -0.0000000000000000
          0.0000000000000002          -0.0000000000000000           0.0000000000000001
         -0.0000000000000000           0.0000000000000000           0.0000000000000001
          0.0000000000000000          -0.0000000000000000          -0.0000000000000000
          0.0000000000000001           0.0000000000000000          -0.0000000000000000
          0.0000000000000000          -0.0000000000000000          -0.0000000000000000
          0.0000000000000000           0.0000000000000000          -0.0000000000000001
         -0.0000000000000000           0.0000000000000000           0.0000000000000000
         -0.0000000000000000           0.0000000000000000          -0.0000000000000001
         -0.0000000000000000           0.0000000000000000          -0.0000000000000000
         -0.0000000000000000          -0.0000000000000000          -0.0000000000000000
          0.0000000000000000          -0.0000000000000000          -0.0000000000000000
         -0.0000000000000000          -0.0000000000000000          -0.0000000000000000
         -0.0000000000000000           0.0000000000000000          -0.0000000000000000
         -0.0000000000000000          -0.0000000000000000           0.0000000000000000
         -0.0000000000000000          -0.0000000000000000          -0.0000000000000000
         -0.0177919640254137          -0.0270781108362899          -0.0056005799355067
         -0.0005427799548514          -0.0025995116231817          -0.0131282700767488
         -0.0022661002025146           0.0176210810126751          -0.0150378995842894
         -0.0067162249693398           0.0340803357223115          -0.0214102896144645
         -0.0026569638422987           0.0360335444323869          -0.0373642700254293
          0.0048267177894305           0.0179503260589888          -0.0426687646911174
          0.0019027307009467          -0.0013703539563182          -0.0116859105643000
          0.0000250288943406          -0.0001733903458601          -0.0001794609113228
          0.0000917723910855           0.0414113713982481          -0.0782927429886208
          0.0089895722302047           0.0069785382755010          -0.0434904994641286
         -0.0157803394047025           0.0400860024860915          -0.0331859905709934
         -0.0068825395655819           0.0056531693633453           0.0016162529534988
          0.0028792748464567           0.0366835349336335          -0.0734998552213371
         -0.0016529531879017           0.0485535521376243          -0.0301323651910663
         -0.0081293810847936           0.0268791318689804          -0.0348636738662031
         -0.0126616091191546           0.0387491490729714           0.0085038161640676
         -0.0202646294966439           0.0820548484442026          -0.0124533876462256
         -0.0256662844098979           0.0656477561833584           0.0183132428329461
         -0.0310454161355047           0.0868415052054620          -0.0007039395619550
         -0.0328745417924258           0.0696849089226767           0.0224903706080476
         -0.0170496696513470           0.0278558156234706           0.0198152191420006
          0.0161809699085370          -0.0212238543760816          -0.0278877526330407
         -0.0257896181246007           0.0656432576799031           0.0019705381418660
         -0.0263304923784666           0.0527453896460717           0.0172346916869110
         -0.0169662897064564           0.0263230971968664           0.0184209440914216
          0.0060751985647818          -0.0070079537984660          -0.0108907948641454
         -0.0078954613337933           0.0249309043380215          -0.0008030857121738
         -0.0082718007723126           0.0199539486227281           0.0047876808375694
         -0.0061849025026266           0.0111484572091500           0.0069005008214811
          0.0005985819186921          -0.0007359832771577          -0.0011547274166802
         -0.0279703601302107           0.1167495685723990          -0.0417106980998933
          0.0370517047514996          -0.0683596588986499          -0.0800725443528560
         -0.0112731815140170           0.0563273174733838          -0.0470384294764932
          0.0537488833676942          -0.1287819099976648          -0.0854002757294565
         -0.0284988570753592           0.1112500050422114          -0.0355077544461919
          0.0297251787339115          -0.0260129179709530          -0.0681244659662121
         -0.0111213963224906           0.0520109178118806          -0.0388871857905552
          0.0471026394867806          -0.0852520052012828          -0.0715038973105765
          0.0103864138353492           0.0153931415395415          -0.0491786146642827
          0.0264648035325894          -0.0372233091456384          -0.0493529260977333
         -0.0069263865833504           0.0363234760738478          -0.0312472889967283
          0.0049744748066898          -0.0040092716320854          -0.0282715791186513
          0.0140311332058397          -0.0276217602561234          -0.0244902933216214
          0.0037449679392903           0.0102543545557750          -0.0029747453877650
         -0.0115804321977116           0.0360801739309997          -0.0179959025850397
         -0.0053382737412446           0.0112477252221232          -0.0135837790723440
          0.0010617970638066          -0.0080893230919931          -0.0100054531139853
          0.0026430447658496           0.0018451770810322          -0.0031370725915175
         -0.0041691037004459           0.0170577175682446          -0.0071994195275382
         -0.0030678980390491           0.0091867833299784          -0.0045242980752100
         -0.0015999486303210           0.0015116953901121          -0.0020754071275922
          0.0003908031837665          -0.0003289455233804          -0.0006611186920461
   1
          0.0000000000000000           0.0000000000000000           0.0000000000000000
          0.0000000000000000           0.0000000000000000           0.0000000000000000
          0.0000000000000000           0.0000000000000000           0.0000000000000000
          0.0000000000000000           0.0000000000000000           0.0000000000000000
          0.0000000000000000           0.0000000000000000           0.0000000000000000
          0.0000000000000000           0.0000000000000000           0.0000000000000000
          0.0000000000000000           0.0000000000000000           0.0000000000000000
          0.0000000000000000           0.0000000000000000           0.0000000000000000
          0.0000000000000000           0.0000000000000000           0.0000000000000000
          0.0000000000000000           0.0000000000000000           0.0000000000000000
          0.0000000000000000           0.0000000000000000           0.0000000000000000
          0.0000000000000000           0.0000000000000000           0.0000000000000000
          0.0000000000000000           0.0000000000000000           0.0000000000000000
          0.0000000000000000           0.0000000000000000           0.0000000000000000
          0.0000000000000000           0.0000000000000000           0.0000000000000000
          0.0000000000000000           0.0000000000000000           0.0000000000000000
          0.0000000000000000           0.0000000000000000           0.0000000000000000
          0.0000000000000000           0.0000000000000000           0.0000000000000000
          0.0000000000000000           0.0000000000000000           0.0000000000000000
          0.0000000000000000           0.0000000000000000           0.0000000000000000
          0.0000000000000000           0.0000000000000000           0.0000000000000000
          0.0000000000000000           0.0000000000000000           0.0000000000000000
          0.0000000000000000           0.0000000000000000           0.0000000000000000
          0.0000000000000000           0.0000000000000000           0.0000000000000000
          0.0000000000000000           0.0000000000000000           0.0000000000000000
          0.0000000000000000           0.0000000000000000           0.0000000000000000
          0.0000000000000000           0.0000000000000000           0.0000000000000000
          0.0000000000000000           0.0000000000000000           0.0000000000000000
          0.0000000000000000           0.0000000000000000           0.0000000000000000
          0.0000000000000000           0.0000000000000000           0.0000000000000000
         -0.0177919640254136          -0.0270781108362899          -0.0056005799355068
         -0.0005427799548514          -0.0025995116231817          -0.0131282700767490
         -0.0022661002025147           0.0176210810126750          -0.0150378995842891
         -0.0067162249693398           0.0340803357223114          -0.0214102896144645
         -0.0026569638422987           0.0360335444323869          -0.0373642700254293
          0.0048267177894305           0.0179503260589888          -0.0426687646911174
          0.0019027307009467          -0.0013703539563182          -0.0116859105643000
          0.0000250288943406          -0.0001733903458601          -0.0001794609113228
          0.0421860100015205          -0.0718653488660510          -0.1060174403567259
         -0.0240233207589414           0.1686451682135521          -0.1375490445487731
          0.0116974806583422          -0.0082105058884794          -0.0891952552029178
         -0.0545118501021184           0.2323000111911249          -0.1207268593949676
          0.0400005322168355          -0.0431403001007377          -0.0910315909539013
         -0.0375478888997307           0.2136144742432544          -0.1162328498709099
          0.0242146779732207          -0.0114280878879842          -0.0837531033164190
         -0.0533337431433442           0.2453266864560087          -0.1089543622334270
         -0.0545245909544375           0.2337330662112126          -0.0887825951339898
         -0.0534296738521634           0.2332601695297414          -0.0895609424984754
         -0.0561239789558023           0.2057829871031200          -0.0650614282065334
         -0.0461036677546048           0.1878134729131221          -0.0675752022406919
         -0.0131401028196053           0.1272711825695320          -0.1040042438228336
          0.0198638192381004          -0.0151260492898379          -0.0870372227595919
         -0.0378421456667608           0.1406145086666588          -0.0444347575976908
         -0.0285449204311842           0.1205946921807919          -0.0444565596596567
         -0.0092950394269121           0.0761194569449602          -0.0569569150907847
          0.0071241920819198          -0.0081303198751659          -0.0357267339742354
         -0.0089613840042639           0.0499075005720130          -0.0191267859222486
         -0.0062973190785337           0.0404935806969307          -0.0171831581560781
         -0.0021803168814106           0.0241221147229417          -0.0160935099974656
          0.0007463226494338          -0.0016475523004071          -0.0057527984788178
         -0.0279703601302113           0.1167495685723993          -0.0417106980998941
          0.0370517047515016          -0.0683596588986483          -0.0800725443528572
         -0.0112731815140171           0.0563273174733839          -0.0470384294764932
          0.0537488833676951          -0.1287819099976644          -0.0854002757294554
         -0.0284988570753598           0.1112500050422119          -0.0355077544461915
          0.0297251787339117          -0.0260129179709536          -0.0681244659662122
         -0.0111213963224906           0.0520109178118808          -0.0388871857905551
          0.0471026394867801          -0.0852520052012830          -0.0715038973105751
          0.0103864138353494           0.0153931415395427          -0.0491786146642832
          0.0264648035325871          -0.0372233091456384          -0.0493529260977323
         -0.0069263865833506           0.0363234760738473          -0.0312472889967286
          0.0049744748066897          -0.0040092716320853          -0.0282715791186518
          0.0140311332058399          -0.0276217602561233          -0.0244902933216215
          0.0037449679392902           0.0102543545557750          -0.0029747453877651
         -0.0115804321977115           0.0360801739309998          -0.0179959025850396
         -0.0053382737412448           0.0112477252221233          -0.0135837790723440
          0.0010617970638066          -0.0080893230919931          -0.0100054531139852
          0.0026430447658496           0.0018451770810322          -0.0031370725915175
         -0.0041691037004460           0.0170577175682446          -0.0071994195275382
         -0.0030678980390491           0.0091867833299784          -0.0045242980752100
         -0.0015999486303210           0.0015116953901121          -0.0020754071275922
          0.0003908031837665          -0.0003289455233804          -0.0006611186920461
   0
         -0.0000000000000000           0.0000000000000000           0.0000000000000001
          0.0000000000000000           0.0000000000000000          -0.0000000000000001
          0.0000000000000000           0.0000000000000000           0.0000000000000000
         -0.0000000000000000           0.0000000000000000           0.0000000000000000
          0.0000000000000000          -0.0000000000000000           0.0000000000000000
          0.0000000000000000          -0.0000000000000000           0.0000000000000000
          0.0000000000000000           0.0000000000000000           0.0000000000000000
          0.0000000000000000           0.0000000000000000           0.0000000000000000
         -0.0000000000000000           0.0000000000000000          -0.0000000000000002
          0.0000000000000001           0.0000000000000002          -0.0000000000000003
          0.0000000000000002          -0.0000000000000000           0.0000000000000001
         -0.0000000000000005           0.0000000000000001          -0.0000000000000002
          0.0000000000000000          -0.0000000000000001           0.0000000000000002
          0.0000000000000002           0.0000000000000000           0.0000000000000002
          0.0000000000000000           0.0000000000000000          -0.0000000000000000
         -0.0000000000000000           0.0000000000000001           0.0000000000000001
          0.0000000000000002           0.0000000000000000           0.0000000000000002
          0.0000000000000000          -0.0000000000000000          -0.0000000000000001
         -0.0000000000000000          -0.0000000000000001          -0.0000000000000000
         -0.0000000000000000          -0.0000000000000000          -0.0000000000000000
          0.0000000000000000           0.0000000000000000           0.0000000000000000
          0.0000000000000000           0.0000000000000000           0.0000000000000000
          0.0000000000000000          -0.0000000000000000          -0.0000000000000000
          0.0000000000000000          -0.0000000000000000           0.0000000000000000
          0.0000000000000000          -0.0000000000000000          -0.0000000000000000
         -0.0000000000000000          -0.0000000000000000          -0.0000000000000000
          0.0000000000000000           0.0000000000000000          -0.0000000000000000
          0.0000000000000000           0.0000000000000000          -0.0000000000000000
          0.0000000000000000           0.0000000000000000          -0.0000000000000000
         -0.0000000000000000           0.0000000000000000          -0.0000000000000000
          0.0000000000000000           0.0000000000000000           0.0000000000000000
          0.0000000000000000           0.0000000000000000           0.0000000000000000
          0.0000000000000000           0.0000000000000000           0.0000000000000000
          0.0000000000000000           0.0000000000000000           0.0000000000000000
          0.0000000000000000           0.0000000000000000           0.0000000000000000
          0.0000000000000000           0.0000000000000000           0.0000000000000000
          0.0000000000000000           0.0000000000000000           0.0000000000000000
          0.0000000000000000           0.0000000000000000           0.0000000000000000
          0.0420942376104357          -0.1132767202643006          -0.0277246973681042
         -0.0330128929891450           0.1616666299380520          -0.0940585450846471
          0.0274778200630449          -0.0482965083745714          -0.0560092646319244
         -0.0476293105365363           0.2266468418277801          -0.1223431123484674
          0.0371212573703792          -0.0798238350343721          -0.0175317357325625
         -0.0358949357118258           0.1650609221056297          -0.0861004846798423
          0.0323440590580144          -0.0383072197569645          -0.0488894294502161
         -0.0406721340241903           0.2065775373830378          -0.1174581783974961
         -0.0342599614577935           0.1516782177670108          -0.0763292074877664
         -0.0277633894422663           0.1676124133463828          -0.1078741853314222
         -0.0250785628202978           0.1189414818976574          -0.0643574886445789
         -0.0132291259621792           0.1181285639904450          -0.0900655728487389
          0.0039095668317418           0.0994153669460612          -0.1238194629648343
          0.0036828493295634           0.0060978050862438          -0.0591494701265512
         -0.0120525275421600           0.0749712509867557          -0.0464052957395568
         -0.0022144280527177           0.0678493025347201          -0.0616912513465676
          0.0076712502795443           0.0497963597480937          -0.0753778591822063
          0.0010489935171379          -0.0011223660766999          -0.0248359391100899
         -0.0010659226704706           0.0249765962339915          -0.0183237002100748
          0.0019744816937790           0.0205396320742027          -0.0219708389936475
          0.0040045856212160           0.0129736575137917          -0.0229940108189466
          0.0001477407307416          -0.0009115690232494          -0.0045980710621376
          0.0000000000000000           0.0000000000000000           0.0000000000000000
          0.0000000000000000           0.0000000000000000           0.0000000000000000
          0.0000000000000000           0.0000000000000000           0.0000000000000000
          0.0000000000000000           0.0000000000000000           0.0000000000000000
          0.0000000000000000           0.0000000000000000           0.0000000000000000
          0.0000000000000000           0.0000000000000000           0.0000000000000000
          0.0000000000000000           0.0000000000000000           0.0000000000000000
          0.0000000000000000           0.0000000000000000           0.0000000000000000
          0.0000000000000000           0.0000000000000000           0.0000000000000000
          0.0000000000000000           0.0000000000000000           0.0000000000000000
          0.0000000000000000           0.0000000000000000           0.0000000000000000
          0.0000000000000000           0.0000000000000000           0.0000000000000000
          0.0000000000000000           0.0000000000000000           0.0000000000000000
          0.0000000000000000           0.0000000000000000           0.0000000000000000
          0.0000000000000000           0.0000000000000000           0.0000000000000000
          0.0000000000000000           0.0000000000000000           0.0000000000000000
          0.0000000000000000           0.0000000000000000           0.0000000000000000
          0.0000000000000000           0.0000000000000000           0.0000000000000000
          0.0000000000000000           0.0000000000000000           0.0000000000000000
          0.0000000000000000           0.0000000000000000           0.0000000000000000
          0.0000000000000000           0.0000000000000000           0.0000000000000000
          0.0000000000000000           0.0000000000000000           0.0000000000000000
