1  82   2   1   2   -6.584666   0.000000
  0 
./DATA/100/00/GA/G014/M021/
0
          4.2168726086624213
          5.5200483549305570
          2.9496650357770449
          3.7443811318138183
          2.0741978082701613
          2.5196755197431293
          1.2885240561290452
          1.4648503208864363
          0.6190447163020780
          0.6471736457737735
          0.1997787931350066
          0.1955445722726202
          0.0121412302499315
          0.0119554393269527
          0.0000458435140150
          0.0000572042722415
          1.6796796357446040
          6.1268111337617279
          2.4682534826815012
          4.6392016181378208
         15.5542522965831633
          8.3722782324909346
          1.3558895084732134
          4.7963122870062032
          1.6910615869264487
          7.2749334732596438
         23.6511946126490287
         13.4991110865453123
          1.2204643600431435
          4.3752066575413657
          1.7401373966716769
          3.4002618466999914
         11.0998693006245084
          5.9974005824112533
          0.9484136408937354
          3.3795552345263302
          1.1503519444205474
          5.3080086142074370
         16.8288805206925893
          9.6648783158997080
          2.0351991114278296
          6.3389097010359992
          3.4375820145548488
          3.1537390761752340
          9.5688863296454834
          5.5279163552556811
          1.0285922431027108
          3.0021294348045835
          1.6287905640501428
          1.5799135343264512
          4.5107041380441197
          2.6070714608602463
          3.8977636580668493
         11.0000912479558899
          6.9106346856521128
       2301.3040497873903405
       6082.5937750005750786
       4045.8274174712310014
          0.4074315158318526
          1.0899831127908328
          0.5883415548493193
          0.6200799219577203
          1.6307834253435560
          0.9341310209650776
          1.4782620958354964
          3.8899391506676988
          2.4171903660404315
        619.1262236372657526
       1744.1364575426878218
       1189.4121695540140990
          0.0699430772524443
          0.1615956527073268
          0.0857381320006516
          0.1054516966976194
          0.2410685929714214
          0.1340149431104199
          0.2423597177821853
          0.5598039654546882
          0.3329081882030491
         56.8278334512245351
        175.1001392520422826
        119.0034889080807829
1
          5.5200483549305570
          4.2168726086624204
          3.7443811318138183
          2.9496650357770449
          2.5196755197431293
          2.0741978082701618
          1.4648503208864365
          1.2885240561290454
          0.6471736457737737
          0.6190447163020780
          0.1955445722726202
          0.1997787931350066
          0.0119554393269527
          0.0121412302499315
          0.0000572042722415
          0.0000458435140150
          2.4682534826815008
          6.1268111337617270
          1.6796796357446044
          8.3722782324909328
         15.5542522965831544
          4.6392016181378199
          1.6910615869264478
          4.7963122870062049
          1.3558895084732141
         13.4991110865453159
         23.6511946126490429
          7.2749334732596429
          1.7401373966716773
          4.3752066575413657
          1.2204643600431433
          5.9974005824112560
         11.0998693006245066
          3.4002618466999914
          1.1503519444205470
          3.3795552345263302
          0.9484136408937354
          9.6648783158996991
         16.8288805206925858
          5.3080086142074370
          3.4375820145548475
          6.3389097010360018
          2.0351991114278309
          5.5279163552556811
          9.5688863296454905
          3.1537390761752335
          1.6287905640501430
          3.0021294348045879
          1.0285922431027112
          2.6070714608602459
          4.5107041380441180
          1.5799135343264510
          6.9106346856521137
         11.0000912479558970
          3.8977636580668502
       4045.8274174712337299
       6082.5937750005741691
       2301.3040497873907952
          0.5883415548493193
          1.0899831127908324
          0.4074315158318526
          0.9341310209650776
          1.6307834253435547
          0.6200799219577204
          2.4171903660404337
          3.8899391506676975
          1.4782620958354966
       1189.4121695540131896
       1744.1364575426878218
        619.1262236372656389
          0.0857381320006517
          0.1615956527073270
          0.0699430772524443
          0.1340149431104197
          0.2410685929714214
          0.1054516966976194
          0.3329081882030491
          0.5598039654546879
          0.2423597177821852
        119.0034889080807545
        175.1001392520422542
         56.8278334512245422
   0    2 -0.010090  0.216383 -0.276464 
         -0.0000000000000001          -0.0000000000000001           0.0000000000000000
          0.0100307576458668           0.0053807977205727          -0.0111465691438196
          0.0000000000000001           0.0000000000000000           0.0000000000000000
          0.0035048013164901          -0.0145772350361108           0.0101274339016354
          0.0000000000000000           0.0000000000000000           0.0000000000000000
          0.0028321804112122          -0.0311484948739798           0.0231253687405829
          0.0000000000000000          -0.0000000000000000           0.0000000000000000
          0.0037655441801811          -0.0453626481584834           0.0330987887138134
          0.0000000000000000          -0.0000000000000000           0.0000000000000000
          0.0034352112179123          -0.0493448935157373           0.0381680037794085
          0.0000000000000000          -0.0000000000000000          -0.0000000000000000
          0.0015318163636260          -0.0354601380614091           0.0315461896337316
          0.0000000000000000           0.0000000000000000           0.0000000000000000
          0.0003104039479769          -0.0071982029809937           0.0078821861916978
         -0.0000000000000000           0.0000000000000000           0.0000000000000000
          0.0000102129882305          -0.0001151487677979           0.0001441790386800
          0.0000000000000001          -0.0000000000000001          -0.0000000000000001
          0.0068501274600787          -0.1063123890092933           0.0878907352123096
          0.0126294441561465          -0.1272830630717334           0.0843889163978759
         -0.0000000000000008           0.0000000000000002          -0.0000000000000001
          0.0131565408153382          -0.0696306708584807           0.0433501752065867
          0.0073772241192720          -0.0486599967960437           0.0468519940210195
          0.0000000000000001          -0.0000000000000000           0.0000000000000000
          0.0128316108527103          -0.1626621918275447           0.1205620922656552
          0.0082537455852860          -0.1144102369427022           0.0828437446702638
         -0.0000000000000006          -0.0000000000000007           0.0000000000000005
          0.0254444375632290          -0.0892987555259206           0.0314809722542101
         -0.0022506944884643           0.0428358956086790           0.0077698999165528
          0.0000000000000003           0.0000000000000001           0.0000000000000001
          0.0053831406773310          -0.0935557394813290           0.0785986030657771
          0.0113258931048819          -0.1138069932361870           0.0745795686014055
         -0.0000000000000000           0.0000000000000005           0.0000000000000003
          0.0105405430028553          -0.0879414439961350           0.0582762147916391
          0.0045977905753035          -0.0676901902412779           0.0622952492560111
          0.0000000000000000          -0.0000000000000000           0.0000000000000000
          0.0088401298712843          -0.1304925870931093           0.1010715813462481
          0.0074287286182465          -0.0982302357519820           0.0695000129692976
         -0.0000000000000000           0.0000000000000002           0.0000000000000001
          0.0191549345223293          -0.1192639961227238           0.0604268047979717
         -0.0060274764409112          -0.0059966297621579           0.0449313742785091
         -0.0000000000000000           0.0000000000000001          -0.0000000000000000
          0.0099294332308686          -0.0971969324647256           0.0634813134144045
          0.0043932554822817          -0.0793088562501567           0.0678694303722510
         -0.0000000000000000           0.0000000000000001           0.0000000000000000
          0.0168720187294030          -0.1368638370823526           0.0751126363799286
         -0.0036261070944483          -0.0511091568154847           0.0695308696689890
          0.0000000000000000           0.0000000000000000          -0.0000000000000001
          0.0095721616966957          -0.0867774056841190           0.0536992296966463
          0.0052407820950871          -0.0729275789587846           0.0576956349033203
          0.0000000000000001          -0.0000000000000001          -0.0000000000000001
          0.0160403286741356          -0.1251279197486688           0.0661761630424940
          0.0016429014810116          -0.0679207036787980           0.0674381070095752
         -0.0000000000000003          -0.0000000000000004          -0.0000000000000001
          0.0292206609651276          -0.2525275845670721           0.1253776170356181
         -0.0209578785328437          -0.0045835318932249           0.0849322288923953
         -0.0000000000001110          -0.0000000000002434           0.0000000000003197
       -100.1917480524275135         403.6935598282437354          20.7802504153692666
         11.4149341720894775        -131.7493265682900301          21.3470478266939843
          0.0000000000000001           0.0000000000000000           0.0000000000000001
          0.0071637357166347          -0.0596665047605440           0.0346668926850306
          0.0045819212690829          -0.0510178465345254           0.0374151023123330
         -0.0000000000000001          -0.0000000000000000          -0.0000000000000000
          0.0121042051634989          -0.0876439355819172           0.0430981817774061
          0.0041918683331946          -0.0563257479671720           0.0466436554111451
         -0.0000000000000001           0.0000000000000001           0.0000000000000001
          0.0269645563459413          -0.1894123779887202           0.0790570794900117
         -0.0019468447359664          -0.0509183198586296           0.0721384923860873
          0.0000000000000432          -0.0000000000000580          -0.0000000000000383
        -34.8725043222646889         117.4577037833825699          37.6271320092413006
         -5.0383600567559217         -34.2964343392470141          24.9281979430682767
          0.0000000000000000          -0.0000000000000000           0.0000000000000000
          0.0024140369399095          -0.0206840510494708           0.0113281650918573
          0.0017480097878462          -0.0179969262569193           0.0121996781790664
          0.0000000000000000          -0.0000000000000000           0.0000000000000000
          0.0040879936536024          -0.0309840904685077           0.0141450672286056
          0.0021863085526853          -0.0223678740733889           0.0159136558060669
          0.0000000000000000          -0.0000000000000000          -0.0000000000000000
          0.0102182640844585          -0.0702175047486187           0.0239550366000788
          0.0030885426858001          -0.0321228825288195           0.0271962250853631
         -0.0000000000000160          -0.0000000000000008          -0.0000000000000038
         -2.2770803212644393           5.8891450066053110           9.0010708736398009
         -1.5815438828465846          -1.5746912088360980           5.8555881716113900
   1
          0.0100307576458666           0.0053807977205727          -0.0111465691438196
          0.0000000000000000           0.0000000000000000           0.0000000000000000
          0.0035048013164899          -0.0145772350361109           0.0101274339016355
          0.0000000000000000           0.0000000000000000           0.0000000000000000
          0.0028321804112123          -0.0311484948739797           0.0231253687405829
          0.0000000000000000           0.0000000000000000           0.0000000000000000
          0.0037655441801810          -0.0453626481584834           0.0330987887138133
          0.0000000000000000           0.0000000000000000           0.0000000000000000
          0.0034352112179122          -0.0493448935157373           0.0381680037794085
          0.0000000000000000           0.0000000000000000           0.0000000000000000
          0.0015318163636260          -0.0354601380614091           0.0315461896337316
          0.0000000000000000           0.0000000000000000           0.0000000000000000
          0.0003104039479769          -0.0071982029809937           0.0078821861916978
          0.0000000000000000           0.0000000000000000           0.0000000000000000
          0.0000102129882305          -0.0001151487677979           0.0001441790386800
          0.0000000000000000           0.0000000000000000           0.0000000000000000
          0.0126294441561472          -0.1272830630717335           0.0843889163978757
          0.0042397707437129          -0.0334714049455556           0.0402033145523416
          0.0000000000000000           0.0000000000000000           0.0000000000000000
          0.0073772241192705          -0.0486599967960411           0.0468519940210217
          0.0357735658071204          -0.3184147147899939           0.2222785062854510
          0.0000000000000000           0.0000000000000000           0.0000000000000000
          0.0082537455852863          -0.1144102369427021           0.0828437446702636
          0.0123757619729700          -0.0893192338723653           0.0751458841632277
          0.0000000000000000           0.0000000000000000           0.0000000000000000
         -0.0022506944884647           0.0428358956086792           0.0077698999165536
          0.0754433520997898          -0.6592058535612433           0.4392962676294407
          0.0000000000000000           0.0000000000000000           0.0000000000000000
          0.0113258931048817          -0.1138069932361880           0.0745795686014048
          0.0009819706545041          -0.0439537524397775           0.0499315851001120
          0.0000000000000000           0.0000000000000000           0.0000000000000000
          0.0045977905753038          -0.0676901902412763           0.0622952492560096
          0.0308653967058661          -0.3190406145151511           0.2238180506147195
          0.0000000000000000           0.0000000000000000           0.0000000000000000
          0.0074287286182463          -0.0982302357519821           0.0695000129692980
          0.0027814711725607          -0.0737303582062274           0.0748773546458101
          0.0000000000000000           0.0000000000000000           0.0000000000000000
         -0.0060274764409117          -0.0059966297621592           0.0449313742785080
          0.0625483232752842          -0.6239040823569794           0.4226502856750255
          0.0000000000000000           0.0000000000000000           0.0000000000000000
          0.0043932554822811          -0.0793088562501564           0.0678694303722521
          0.0267354494418934          -0.2905384227441734           0.2012548117817300
          0.0000000000000000           0.0000000000000000           0.0000000000000000
         -0.0036261070944498          -0.0511091568154858           0.0695308696689878
          0.0498592079076030          -0.5344358622533605           0.3633798794648451
          0.0000000000000000           0.0000000000000000           0.0000000000000000
          0.0052407820950876          -0.0729275789587848           0.0576956349033203
          0.0217648603524650          -0.2276081951321139           0.1539131913128881
          0.0000000000000000           0.0000000000000000           0.0000000000000000
          0.0016429014810118          -0.0679207036787980           0.0674381070095755
          0.0374573079357601          -0.3985601930185109           0.2682438602585376
          0.0000000000000000           0.0000000000000000           0.0000000000000000
         -0.0209578785328395          -0.0045835318932243           0.0849322288923974
          0.0887620585671668          -1.2256679500287890           0.9093292601875241
          0.0000000000000000           0.0000000000000000           0.0000000000000000
         11.4149341720899073        -131.7493265682904848          21.3470478266941619
        -57.3349244811764933       -1030.7079305832057798        1390.9657353612537918
          0.0000000000000000           0.0000000000000000           0.0000000000000000
          0.0045819212690825          -0.0510178465345254           0.0374151023123326
          0.0141847751597769          -0.1424944861257690           0.0938584209627946
          0.0000000000000000           0.0000000000000000           0.0000000000000000
          0.0041918683331947          -0.0563257479671724           0.0466436554111451
          0.0231015129233332          -0.2399696659749854           0.1587043786551956
          0.0000000000000000           0.0000000000000000           0.0000000000000000
         -0.0019468447359670          -0.0509183198586283           0.0721384923860863
          0.0531910567006407          -0.6885101437805242           0.5006576873871936
          0.0000000000000000           0.0000000000000000           0.0000000000000000
         -5.0383600567564333         -34.2964343392469999          24.9281979430687812
        -18.3782690221959513        -429.8816999189324974         592.7432026363393334
          0.0000000000000000           0.0000000000000000           0.0000000000000000
          0.0017480097878462          -0.0179969262569193           0.0121996781790663
          0.0043670868608502          -0.0454476642025460           0.0291902999577010
          0.0000000000000000           0.0000000000000000           0.0000000000000000
          0.0021863085526853          -0.0223678740733889           0.0159136558060670
          0.0068662437339602          -0.0737361239206801           0.0477050072304868
          0.0000000000000000           0.0000000000000000           0.0000000000000000
          0.0030885426858000          -0.0321228825288194           0.0271962250853630
          0.0162295379560077          -0.1965407575283017           0.1369183897108027
          0.0000000000000000           0.0000000000000000           0.0000000000000000
         -1.5815438828464323          -1.5746912088360716           5.8555881716113589
          1.1144435341727941         -82.5867710910436585         107.1589340645607393
          0.0000000000000000           0.0000000000000000           0.0000000000000000
   0
          0.0000000000000001           0.0000000000000001          -0.0000000000000000
          0.0000000000000000           0.0000000000000000           0.0000000000000000
         -0.0000000000000001          -0.0000000000000000          -0.0000000000000000
          0.0000000000000000           0.0000000000000000           0.0000000000000000
          0.0000000000000000          -0.0000000000000000          -0.0000000000000000
          0.0000000000000000           0.0000000000000000           0.0000000000000000
          0.0000000000000000           0.0000000000000000          -0.0000000000000000
          0.0000000000000000           0.0000000000000000           0.0000000000000000
         -0.0000000000000000           0.0000000000000000          -0.0000000000000000
          0.0000000000000000           0.0000000000000000           0.0000000000000000
         -0.0000000000000000           0.0000000000000000           0.0000000000000000
          0.0000000000000000           0.0000000000000000           0.0000000000000000
         -0.0000000000000000          -0.0000000000000000          -0.0000000000000000
          0.0000000000000000           0.0000000000000000           0.0000000000000000
          0.0000000000000000          -0.0000000000000000          -0.0000000000000000
          0.0000000000000000           0.0000000000000000           0.0000000000000000
          0.0000000000000000           0.0000000000000002           0.0000000000000003
         -0.0026103567163668           0.0728409840637388          -0.0476874206599657
          0.0000000000000000           0.0000000000000000           0.0000000000000000
         -0.0000000000000005           0.0000000000000004          -0.0000000000000008
          0.0226170249917839          -0.2487840439315132           0.1789283310788641
          0.0000000000000000           0.0000000000000000           0.0000000000000000
         -0.0000000000000001          -0.0000000000000001          -0.0000000000000002
         -0.0004558488797405           0.0733429579551808          -0.0454162081024269
          0.0000000000000000           0.0000000000000000           0.0000000000000000
         -0.0000000000000007           0.0000000000000008           0.0000000000000001
          0.0499989145365609          -0.5699070980353256           0.4078152953752333
          0.0000000000000000           0.0000000000000000           0.0000000000000000
         -0.0000000000000002           0.0000000000000000           0.0000000000000000
         -0.0044011700228275           0.0496019870415534          -0.0286670179656659
          0.0000000000000000           0.0000000000000000           0.0000000000000000
          0.0000000000000000          -0.0000000000000001          -0.0000000000000002
          0.0203248537030143          -0.2310991705190169           0.1655418358230808
          0.0000000000000000           0.0000000000000000           0.0000000000000000
          0.0000000000000003           0.0000000000000002          -0.0000000000000003
         -0.0060586586987246           0.0567622288868824          -0.0261942267004375
          0.0000000000000000           0.0000000000000000           0.0000000000000000
          0.0000000000000002           0.0000000000000003           0.0000000000000002
          0.0433933887529554          -0.5046400862342543           0.3622234808770535
          0.0000000000000000           0.0000000000000000           0.0000000000000000
          0.0000000000000001          -0.0000000000000004          -0.0000000000000001
          0.0168060162110244          -0.1933414902794482           0.1377734983673267
          0.0000000000000000           0.0000000000000000           0.0000000000000000
          0.0000000000000001           0.0000000000000004           0.0000000000000003
          0.0329871891782021          -0.3975720251710087           0.2882672430849151
          0.0000000000000000           0.0000000000000000           0.0000000000000000
          0.0000000000000001          -0.0000000000000000           0.0000000000000001
          0.0121926986557701          -0.1408307894479938           0.1002139616162420
          0.0000000000000000           0.0000000000000000           0.0000000000000000
          0.0000000000000002          -0.0000000000000001           0.0000000000000002
          0.0214169792616243          -0.2734322732698414           0.2020676972160426
          0.0000000000000000           0.0000000000000000           0.0000000000000000
          0.0000000000000002           0.0000000000000001           0.0000000000000008
          0.0595413976020394          -0.9731403654617171           0.7839516431519042
          0.0000000000000000           0.0000000000000000           0.0000000000000000
         -0.0000000000005141          -0.0000000000002405           0.0000000000002982
         42.8568235712500609       -1434.4014904114480942        1370.1854849458845820
          0.0000000000000000           0.0000000000000000           0.0000000000000000
          0.0000000000000000           0.0000000000000000          -0.0000000000000000
          0.0070210394431422          -0.0828279813652254           0.0591915282777637
          0.0000000000000000           0.0000000000000000           0.0000000000000000
         -0.0000000000000001          -0.0000000000000000           0.0000000000000001
          0.0109973077598344          -0.1523257303930683           0.1156061968777898
          0.0000000000000000           0.0000000000000000           0.0000000000000000
          0.0000000000000002          -0.0000000000000000          -0.0000000000000005
          0.0262265003546970          -0.4990977657918043           0.4216006078971830
          0.0000000000000000           0.0000000000000000           0.0000000000000000
         -0.0000000000000637          -0.0000000000001526          -0.0000000000000379
         16.4942353000687163        -547.3394037023153942         555.1160706270985656
          0.0000000000000000           0.0000000000000000           0.0000000000000000
         -0.0000000000000000           0.0000000000000000           0.0000000000000000
          0.0019530499209408          -0.0247636131530752           0.0178621348658437
          0.0000000000000000           0.0000000000000000           0.0000000000000000
          0.0000000000000000           0.0000000000000000          -0.0000000000000000
          0.0027782500803578          -0.0427520334521722           0.0335599400018813
          0.0000000000000000           0.0000000000000000           0.0000000000000000
         -0.0000000000000001           0.0000000000000000          -0.0000000000000000
          0.0060112738715488          -0.1263232527796830           0.1129633531107238
          0.0000000000000000           0.0000000000000000           0.0000000000000000
          0.0000000000000040           0.0000000000000082          -0.0000000000000018
          3.3915238554372409         -88.4759160976489909          98.1578631909209776
          0.0000000000000000           0.0000000000000000           0.0000000000000000
