1  82   2   1   2   -5.930425   0.000000
  0 
./DATA/100/00/GA/G024/M020/
0
          4.5900066835768385
          3.1355940850224027
          2.1449834950823337
          1.2925553792783693
          0.6159581013776857
          0.2133018756074742
          0.0182893848673647
          0.0001602498738799
          1.8409802172030529
          5.0221407274211005
          0.7481527986339539
          3.9293133088519991
          1.3113517336104308
          3.5825964508659172
          0.5300462749444912
          2.8012909921999767
          2.0436038086369863
          1.5959526206674568
          0.9615313235796507
          0.7495519388565089
          0.5028578298831774
          0.0995992403320414
          0.3402724387730307
          0.2646534061990254
          0.1766319231021606
          0.0319837585624757
          0.0450907163532617
          0.0349664790663530
          0.0231793078278508
          0.0037439779425306
          5.9209627511478145
          4.1307375120422174
          2.8786439483237092
          1.7772935454425860
          0.8801622188585335
          0.3222815095664487
          0.0307716254106648
          0.0003222672066207
          7.0188593841577465
         19.8295454746493753
          2.7919366118971922
         15.6026227023888548
          5.0725357751136055
         14.3740405578293657
          1.9911811380840176
         11.2926859207997818
          8.4613505084536769
          6.6279750631358487
          4.2202324314365240
          3.2911665457538666
          2.1490410506530813
          0.3960284222634491
          1.6845057971015847
          1.3055143052578022
          0.8295285267498349
          0.1243954497850196
          0.3204131236496449
          0.2459161131418985
          0.1495943722143172
          0.0145843754106698
          3.7512407177748015
          9.6729617116287674
          1.5624627617235713
          7.4841837555775381
          2.7065037095657747
          7.0167844569057092
          1.1096014699374961
          5.4198822172774230
          4.1316760345827674
          3.1792051373949484
          2.0586313601840467
          1.5737542023616968
          0.9955334614502288
          0.1701493094651671
          0.8193951321514532
          0.6202836871315441
          0.3798010201313334
          0.0537355734580176
          0.1550849404358280
          0.1156112937331360
          0.0670246803645732
          0.0061012237237169
1
          4.5900066835768376
          3.1355940850224022
          2.1449834950823337
          1.2925553792783693
          0.6159581013776857
          0.2133018756074742
          0.0182893848673646
          0.0001602498738799
          1.8409802172030536
          5.0221407274210987
          0.7481527986339540
          3.9293133088519983
          1.3113517336104303
          3.5825964508659167
          0.5300462749444911
          2.8012909921999767
          2.0436038086369872
          1.5959526206674568
          0.9615313235796504
          0.7495519388565091
          0.5028578298831775
          0.0995992403320413
          0.3402724387730307
          0.2646534061990253
          0.1766319231021607
          0.0319837585624757
          0.0450907163532617
          0.0349664790663530
          0.0231793078278508
          0.0037439779425306
          5.9209627511478136
          4.1307375120422165
          2.8786439483237087
          1.7772935454425858
          0.8801622188585335
          0.3222815095664487
          0.0307716254106648
          0.0003222672066207
          7.0188593841577438
         19.8295454746494073
          2.7919366118971936
         15.6026227023888477
          5.0725357751136064
         14.3740405578293675
          1.9911811380840168
         11.2926859207997676
          8.4613505084536715
          6.6279750631358523
          4.2202324314365276
          3.2911665457538697
          2.1490410506530799
          0.3960284222634489
          1.6845057971015847
          1.3055143052578020
          0.8295285267498337
          0.1243954497850196
          0.3204131236496445
          0.2459161131418984
          0.1495943722143172
          0.0145843754106698
          3.7512407177747993
          9.6729617116287692
          1.5624627617235711
          7.4841837555775408
          2.7065037095657747
          7.0167844569057021
          1.1096014699374961
          5.4198822172774284
          4.1316760345827639
          3.1792051373949475
          2.0586313601840462
          1.5737542023616955
          0.9955334614502284
          0.1701493094651671
          0.8193951321514529
          0.6202836871315444
          0.3798010201313335
          0.0537355734580176
          0.1550849404358279
          0.1156112937331359
          0.0670246803645732
          0.0061012237237169
   0    2 -1.599392 -0.807855  0.917362 
         -0.0000000000000000          -0.0000000000000001          -0.0000000000000000
          0.0000000000000000           0.0000000000000000           0.0000000000000000
          0.0000000000000000           0.0000000000000001           0.0000000000000001
          0.0000000000000000           0.0000000000000000           0.0000000000000000
          0.0000000000000000           0.0000000000000000          -0.0000000000000000
          0.0000000000000000           0.0000000000000000           0.0000000000000000
          0.0000000000000000           0.0000000000000000           0.0000000000000000
          0.0000000000000000           0.0000000000000000           0.0000000000000000
         -0.0000000000000000          -0.0000000000000000           0.0000000000000000
         -0.0000000000000001          -0.0000000000000001          -0.0000000000000005
         -0.0000000000000000           0.0000000000000001          -0.0000000000000000
          0.0000000000000001          -0.0000000000000001           0.0000000000000001
         -0.0000000000000000           0.0000000000000000           0.0000000000000000
          0.0000000000000002           0.0000000000000001          -0.0000000000000003
          0.0000000000000000           0.0000000000000000           0.0000000000000000
          0.0000000000000001          -0.0000000000000005          -0.0000000000000001
         -0.0000000000000000           0.0000000000000001           0.0000000000000002
          0.0000000000000000           0.0000000000000001           0.0000000000000003
          0.0000000000000000           0.0000000000000001          -0.0000000000000000
          0.0000000000000000           0.0000000000000000          -0.0000000000000000
         -0.0000000000000000           0.0000000000000000          -0.0000000000000000
         -0.0000000000000000          -0.0000000000000000          -0.0000000000000000
         -0.0000000000000000          -0.0000000000000000          -0.0000000000000000
         -0.0000000000000000          -0.0000000000000000          -0.0000000000000000
          0.0000000000000000           0.0000000000000000          -0.0000000000000000
          0.0000000000000000          -0.0000000000000000          -0.0000000000000000
         -0.0000000000000000          -0.0000000000000000           0.0000000000000000
          0.0000000000000000           0.0000000000000000           0.0000000000000000
         -0.0000000000000000          -0.0000000000000000          -0.0000000000000000
         -0.0000000000000000          -0.0000000000000000           0.0000000000000000
         -0.0688489500266097          -0.0967462626998704           0.0512194283075908
          0.0096234630511482          -0.0043159725922440          -0.0080439363398418
          0.0821561135005286           0.0774631033422727          -0.0538004327159490
          0.1554127478149530           0.1521924052178424          -0.0980892719664269
          0.1977040630535146           0.1815023191022110          -0.1241258797669295
          0.1610723281642941           0.1304500458469116          -0.1008946498257604
          0.0413998840050928           0.0257312143919752          -0.0245815051522839
          0.0011693871629252           0.0004735325360484          -0.0006010057556960
          0.3228705821720959           0.2766350484665793          -0.2104213531227625
          0.0240136262675991          -0.0150697671463450          -0.0344457114430573
          0.2441157274741455           0.2387761951492383          -0.1541369777892204
         -0.0547412284303498          -0.0529286204636855           0.0218386638904874
          0.2949964626138873           0.2504898509931188          -0.1917756434059616
          0.1627248157367084           0.1587541189827825          -0.1157798584472404
          0.1956702937032730           0.1832658380616774          -0.1253418172104503
          0.0633986468260952           0.0915301060513424          -0.0493460322517280
          0.2780159952079398           0.3054068994827972          -0.1794376001641986
          0.1659530114089447           0.2162307906800078          -0.1078017259094714
          0.2995457995460232           0.3374287998203552          -0.1865712163626460
          0.1954616527965267           0.2494404514380573          -0.1215275353980580
          0.0573112273062039           0.0987637439961744          -0.0478028858084066
         -0.0265511557426247          -0.0598391142356364           0.0086726649280124
          0.2333344247425189           0.2625867182937540          -0.1420339768062125
          0.1571279409053539           0.1971157102115448          -0.0951200510104601
          0.0620120815754382           0.0966243922110594          -0.0431117712995025
         -0.0045743775664021          -0.0170051405185048          -0.0020835772433757
          0.0970281897060727           0.1055319492092579          -0.0566270136455663
          0.0665068381633939           0.0797245504036068          -0.0383671052995384
          0.0295429304120767           0.0430315670509901          -0.0180028043789503
          0.0001620214825138          -0.0009456257495879          -0.0014127025830232
          0.4857502505634329           0.5020720112578940          -0.3116453155103727
         -0.1388660421237369          -0.2405067299376586           0.0667782509445537
          0.3040386965630373           0.2971443660519621          -0.2083177783744458
         -0.3205775961241333          -0.4454343751435911           0.1701057880804805
          0.4617338551198421           0.4800949880787109          -0.2938543600903108
         -0.0040125767692459          -0.0708510181028088          -0.0137011417628892
          0.2732093942509862           0.2693122879418348          -0.1857387005458251
         -0.1925370376381018          -0.2816337182396850           0.0944145177815959
          0.1283657707378641           0.0976167934224595          -0.0895361739639288
         -0.0508183874575246          -0.0996733178655492           0.0143269433866915
          0.1893589997166687           0.1807944154229336          -0.1219883648533174
          0.0423169439138086           0.0223657116680571          -0.0358594601895627
         -0.0471851765468905          -0.0720451064511489           0.0167392944342504
          0.0347165184723072           0.0352180404806713          -0.0177543263814641
          0.1717720855000571           0.1716182011122995          -0.1073798036658594
          0.0739813859402386           0.0693684461132173          -0.0497677743863175
         -0.0019282298210110          -0.0101162337915098          -0.0051576523966552
          0.0116987086050360           0.0092175880524435          -0.0067024063536007
          0.0813120781231057           0.0806261021399678          -0.0486485617388102
          0.0456728157772939           0.0454094518568934          -0.0279291396946311
          0.0119491662753091           0.0116729094780905          -0.0084641634823364
          0.0009244851853384           0.0000044147247825          -0.0007916533858115
   1
          0.0000000000000000           0.0000000000000000           0.0000000000000000
          0.0000000000000000           0.0000000000000000           0.0000000000000000
          0.0000000000000000           0.0000000000000000           0.0000000000000000
          0.0000000000000000           0.0000000000000000           0.0000000000000000
          0.0000000000000000           0.0000000000000000           0.0000000000000000
          0.0000000000000000           0.0000000000000000           0.0000000000000000
          0.0000000000000000           0.0000000000000000           0.0000000000000000
          0.0000000000000000           0.0000000000000000           0.0000000000000000
          0.0000000000000000           0.0000000000000000           0.0000000000000000
          0.0000000000000000           0.0000000000000000           0.0000000000000000
          0.0000000000000000           0.0000000000000000           0.0000000000000000
          0.0000000000000000           0.0000000000000000           0.0000000000000000
          0.0000000000000000           0.0000000000000000           0.0000000000000000
          0.0000000000000000           0.0000000000000000           0.0000000000000000
          0.0000000000000000           0.0000000000000000           0.0000000000000000
          0.0000000000000000           0.0000000000000000           0.0000000000000000
          0.0000000000000000           0.0000000000000000           0.0000000000000000
          0.0000000000000000           0.0000000000000000           0.0000000000000000
          0.0000000000000000           0.0000000000000000           0.0000000000000000
          0.0000000000000000           0.0000000000000000           0.0000000000000000
          0.0000000000000000           0.0000000000000000           0.0000000000000000
          0.0000000000000000           0.0000000000000000           0.0000000000000000
          0.0000000000000000           0.0000000000000000           0.0000000000000000
          0.0000000000000000           0.0000000000000000           0.0000000000000000
          0.0000000000000000           0.0000000000000000           0.0000000000000000
          0.0000000000000000           0.0000000000000000           0.0000000000000000
          0.0000000000000000           0.0000000000000000           0.0000000000000000
          0.0000000000000000           0.0000000000000000           0.0000000000000000
          0.0000000000000000           0.0000000000000000           0.0000000000000000
          0.0000000000000000           0.0000000000000000           0.0000000000000000
         -0.0688489500266097          -0.0967462626998705           0.0512194283075909
          0.0096234630511483          -0.0043159725922440          -0.0080439363398415
          0.0821561135005286           0.0774631033422727          -0.0538004327159490
          0.1554127478149530           0.1521924052178425          -0.0980892719664269
          0.1977040630535146           0.1815023191022110          -0.1241258797669295
          0.1610723281642941           0.1304500458469116          -0.1008946498257604
          0.0413998840050928           0.0257312143919752          -0.0245815051522838
          0.0011693871629252           0.0004735325360484          -0.0006010057556960
         -0.0667646944554259          -0.1927364072595200           0.0222965833156617
          0.7605331113348170           0.7158669698999894          -0.5120307124473010
          0.1596856970860223           0.0719571961612013          -0.1023346390598437
          0.9869835028762624           0.9805605733207097          -0.6366619348228062
          0.0054441527435134          -0.0888990459633351          -0.0213390074618005
          0.9099984039576801           0.9073869859151373          -0.5937719962445999
          0.1277603689579128           0.0495893843743659          -0.0876052830620844
          1.0323146201720785           1.0458754162528368          -0.6600382718448843
          0.9745718020495487           1.0031548811056470          -0.6194403641531934
          0.9854617759513541           1.0104711930548389          -0.6230617517709648
          0.8646884914645538           0.8965175207870937          -0.5406189144359882
          0.8078762559867568           0.8285945418342161          -0.5057156435910498
          0.6753102766692218           0.6418971387891586          -0.4362597649446713
          0.1938059651585196           0.1061854902319623          -0.1319741556491126
          0.6073380132492754           0.6239502028312010          -0.3741412777905692
          0.5351213252399231           0.5430788054166866          -0.3307961387577982
          0.4076004258906000           0.3877148662869402          -0.2593327206912305
          0.0842226983986363           0.0455778757431503          -0.0580983288877998
          0.2335462868030849           0.2313335283279560          -0.1389870267051039
          0.1944805617344272           0.1906547585206728          -0.1161901893322188
          0.1339465165536520           0.1255186275566273          -0.0818109908098023
          0.0169047400456770           0.0095712967252269          -0.0114862777952364
          0.4857502505634334           0.5020720112578917          -0.3116453155103730
         -0.1388660421237389          -0.2405067299376634           0.0667782509445567
          0.3040386965630371           0.2971443660519625          -0.2083177783744457
         -0.3205775961241334          -0.4454343751435900           0.1701057880804795
          0.4617338551198424           0.4800949880787115          -0.2938543600903105
         -0.0040125767692468          -0.0708510181028067          -0.0137011417628894
          0.2732093942509858           0.2693122879418348          -0.1857387005458251
         -0.1925370376381019          -0.2816337182396833           0.0944145177815957
          0.1283657707378638           0.0976167934224598          -0.0895361739639281
         -0.0508183874575252          -0.0996733178655490           0.0143269433866907
          0.1893589997166689           0.1807944154229345          -0.1219883648533172
          0.0423169439138089           0.0223657116680562          -0.0358594601895628
         -0.0471851765468907          -0.0720451064511492           0.0167392944342506
          0.0347165184723072           0.0352180404806712          -0.0177543263814642
          0.1717720855000570           0.1716182011122991          -0.1073798036658595
          0.0739813859402386           0.0693684461132169          -0.0497677743863176
         -0.0019282298210110          -0.0101162337915097          -0.0051576523966553
          0.0116987086050360           0.0092175880524435          -0.0067024063536007
          0.0813120781231057           0.0806261021399677          -0.0486485617388101
          0.0456728157772939           0.0454094518568933          -0.0279291396946310
          0.0119491662753091           0.0116729094780905          -0.0084641634823364
          0.0009244851853384           0.0000044147247825          -0.0007916533858115
   0
          0.0000000000000000           0.0000000000000001           0.0000000000000000
         -0.0000000000000000          -0.0000000000000000           0.0000000000000000
          0.0000000000000000          -0.0000000000000001          -0.0000000000000001
          0.0000000000000000          -0.0000000000000000           0.0000000000000000
         -0.0000000000000000           0.0000000000000000           0.0000000000000000
         -0.0000000000000000           0.0000000000000000           0.0000000000000000
         -0.0000000000000000           0.0000000000000000          -0.0000000000000000
         -0.0000000000000000           0.0000000000000000           0.0000000000000000
          0.0000000000000000           0.0000000000000003           0.0000000000000003
         -0.0000000000000000          -0.0000000000000002           0.0000000000000003
         -0.0000000000000000           0.0000000000000000          -0.0000000000000001
          0.0000000000000001          -0.0000000000000002          -0.0000000000000001
          0.0000000000000000          -0.0000000000000001          -0.0000000000000000
          0.0000000000000002          -0.0000000000000004          -0.0000000000000003
          0.0000000000000000           0.0000000000000001           0.0000000000000001
         -0.0000000000000000           0.0000000000000003           0.0000000000000000
          0.0000000000000000          -0.0000000000000001           0.0000000000000001
         -0.0000000000000000          -0.0000000000000001          -0.0000000000000001
          0.0000000000000000          -0.0000000000000001          -0.0000000000000002
          0.0000000000000000          -0.0000000000000000           0.0000000000000001
          0.0000000000000000           0.0000000000000001           0.0000000000000000
          0.0000000000000000           0.0000000000000000           0.0000000000000000
          0.0000000000000000           0.0000000000000000           0.0000000000000002
          0.0000000000000000           0.0000000000000001          -0.0000000000000000
         -0.0000000000000000          -0.0000000000000000           0.0000000000000000
         -0.0000000000000000          -0.0000000000000000          -0.0000000000000000
          0.0000000000000000          -0.0000000000000000           0.0000000000000000
         -0.0000000000000000          -0.0000000000000000           0.0000000000000000
          0.0000000000000000          -0.0000000000000000          -0.0000000000000000
         -0.0000000000000000          -0.0000000000000000           0.0000000000000000
          0.0000000000000000           0.0000000000000000           0.0000000000000000
          0.0000000000000000           0.0000000000000000           0.0000000000000000
          0.0000000000000000           0.0000000000000000           0.0000000000000000
          0.0000000000000000           0.0000000000000000           0.0000000000000000
          0.0000000000000000           0.0000000000000000           0.0000000000000000
          0.0000000000000000           0.0000000000000000           0.0000000000000000
          0.0000000000000000           0.0000000000000000           0.0000000000000000
          0.0000000000000000           0.0000000000000000           0.0000000000000000
         -0.3896352766275207          -0.4693714557260997           0.2327179364384249
          0.7365194850672173           0.7309367370463362          -0.4775850010042429
         -0.0844300303881236          -0.1668189989880373           0.0518023387293767
          1.0417247313066127           1.0334891937843984          -0.6585005987132915
         -0.2895523098703740          -0.3393888969564538           0.1704366359441603
          0.7472735882209705           0.7486328669323538          -0.4779921377973617
         -0.0679099247453610          -0.1336764536873115           0.0377365341483659
          0.9689159733459816           0.9543453102014987          -0.6106922395931561
          0.6965558068416092           0.6977479816228472          -0.4400027639889945
          0.8195087645424088           0.7942404023748315          -0.5152600258614933
          0.5651426919185299           0.5590887209667383          -0.3540476980733415
          0.6124146031902298           0.5791540903961587          -0.3841881081929927
          0.6179990493630183           0.5431333947929838          -0.3884568791362648
          0.2203571209011444           0.1660246044675989          -0.1406468205771251
          0.3740035885067565           0.3613634845374479          -0.2321073009843564
          0.3779933843345687           0.3459630952051411          -0.2356760877473380
          0.3455883443151617           0.2910904740758808          -0.2162209493917283
          0.0887970759650385           0.0625830162616552          -0.0560147516444241
          0.1365180970970119           0.1258015791186980          -0.0823600130595374
          0.1279737235710336           0.1109302081170659          -0.0778230840326802
          0.1044035861415753           0.0824870605056372          -0.0638081864308518
          0.0167427185631632           0.0105169224748147          -0.0100735752122132
          0.0000000000000000           0.0000000000000000           0.0000000000000000
          0.0000000000000000           0.0000000000000000           0.0000000000000000
          0.0000000000000000           0.0000000000000000           0.0000000000000000
          0.0000000000000000           0.0000000000000000           0.0000000000000000
          0.0000000000000000           0.0000000000000000           0.0000000000000000
          0.0000000000000000           0.0000000000000000           0.0000000000000000
          0.0000000000000000           0.0000000000000000           0.0000000000000000
          0.0000000000000000           0.0000000000000000           0.0000000000000000
          0.0000000000000000           0.0000000000000000           0.0000000000000000
          0.0000000000000000           0.0000000000000000           0.0000000000000000
          0.0000000000000000           0.0000000000000000           0.0000000000000000
          0.0000000000000000           0.0000000000000000           0.0000000000000000
          0.0000000000000000           0.0000000000000000           0.0000000000000000
          0.0000000000000000           0.0000000000000000           0.0000000000000000
          0.0000000000000000           0.0000000000000000           0.0000000000000000
          0.0000000000000000           0.0000000000000000           0.0000000000000000
          0.0000000000000000           0.0000000000000000           0.0000000000000000
          0.0000000000000000           0.0000000000000000           0.0000000000000000
          0.0000000000000000           0.0000000000000000           0.0000000000000000
          0.0000000000000000           0.0000000000000000           0.0000000000000000
          0.0000000000000000           0.0000000000000000           0.0000000000000000
          0.0000000000000000           0.0000000000000000           0.0000000000000000
