1  82   2   1   2   -5.803004   0.000000
  0 
./DATA/100/00/GA/G000/M028/
0
          3.0812087146499243
          2.0514346774643615
          1.3487881875855159
          0.7520488112691145
          0.3056616648043267
          0.0802292413977448
          0.0036442708419056
          0.0000104403314175
          0.6042288132877511
          1.7179388416833989
          0.2029871235983762
          1.3166971519940243
          0.4111868511899819
          1.1733637001237804
          0.1355657615847279
          0.8977426105185270
          0.6167474392260212
          0.4705864385460453
          0.2564403921580227
          0.1950468306815569
          0.1182699567466056
          0.0134499485959673
          0.0754834334254634
          0.0572222150147475
          0.0342389411394497
          0.0033493080422735
          0.0069153887230830
          0.0052235733237178
          0.0030803242656575
          0.0002487581409678
          4.3235428684380928
          2.9746088471426013
          2.0356614707444405
          1.2166511605688772
          0.5672102567335465
          0.1905433504914901
          0.0160565908431118
          0.0001463673230228
          3.0367674975598224
          8.9266452605903268
          1.1105418469622732
          7.0004196099927700
          2.1259888098970672
          6.2866739501031317
          0.7655994948366447
          4.9262846350427054
          3.5015172368164995
          2.7401201303766025
          1.6009847381593469
          1.2506091534205965
          0.8131270551562869
          0.1417215547859355
          0.5584330658033693
          0.4352778579787285
          0.2782594969493717
          0.0410830905031571
          0.0817355095752817
          0.0635521206830383
          0.0395741575348629
          0.0041026242496479
          1.7057443703902324
          4.2759620086848438
          0.6631865279390954
          3.2334041662337070
          1.2010456315693727
          3.0052857484307247
          0.4610485289626537
          2.2652886458240067
          1.6669732261135941
          1.2489737584492751
          0.7571022781407458
          0.5621361487932958
          0.3303389002012168
          0.0382410964108358
          0.2613687328487154
          0.1915165532393531
          0.1085398366216685
          0.0103274086819383
          0.0375246013507990
          0.0268650368514686
          0.0142601594631722
          0.0008513543237412
1
          3.0812087146499243
          2.0514346774643615
          1.3487881875855159
          0.7520488112691146
          0.3056616648043267
          0.0802292413977448
          0.0036442708419056
          0.0000104403314175
          0.6042288132877514
          1.7179388416833992
          0.2029871235983763
          1.3166971519940240
          0.4111868511899819
          1.1733637001237807
          0.1355657615847279
          0.8977426105185272
          0.6167474392260215
          0.4705864385460452
          0.2564403921580227
          0.1950468306815570
          0.1182699567466056
          0.0134499485959673
          0.0754834334254634
          0.0572222150147475
          0.0342389411394497
          0.0033493080422735
          0.0069153887230830
          0.0052235733237178
          0.0030803242656575
          0.0002487581409678
          4.3235428684380919
          2.9746088471426013
          2.0356614707444400
          1.2166511605688775
          0.5672102567335466
          0.1905433504914901
          0.0160565908431118
          0.0001463673230228
          3.0367674975598256
          8.9266452605903197
          1.1105418469622739
          7.0004196099927771
          2.1259888098970667
          6.2866739501031264
          0.7655994948366440
          4.9262846350427072
          3.5015172368164995
          2.7401201303766021
          1.6009847381593476
          1.2506091534205963
          0.8131270551562871
          0.1417215547859355
          0.5584330658033687
          0.4352778579787285
          0.2782594969493714
          0.0410830905031570
          0.0817355095752818
          0.0635521206830383
          0.0395741575348629
          0.0041026242496479
          1.7057443703902324
          4.2759620086848491
          0.6631865279390952
          3.2334041662337087
          1.2010456315693725
          3.0052857484307278
          0.4610485289626537
          2.2652886458240080
          1.6669732261135939
          1.2489737584492744
          0.7571022781407455
          0.5621361487932959
          0.3303389002012166
          0.0382410964108358
          0.2613687328487156
          0.1915165532393532
          0.1085398366216685
          0.0103274086819383
          0.0375246013507990
          0.0268650368514686
          0.0142601594631722
          0.0008513543237412
   0    2 -0.289425  0.206002  0.926020 
          0.0000000000000000           0.0000000000000001          -0.0000000000000000
          0.0000000000000000           0.0000000000000000          -0.0000000000000000
          0.0000000000000000           0.0000000000000000           0.0000000000000000
         -0.0000000000000000           0.0000000000000000           0.0000000000000000
          0.0000000000000000           0.0000000000000000          -0.0000000000000000
          0.0000000000000000          -0.0000000000000000           0.0000000000000000
          0.0000000000000000           0.0000000000000000           0.0000000000000000
          0.0000000000000000           0.0000000000000000           0.0000000000000000
          0.0000000000000000          -0.0000000000000000           0.0000000000000000
         -0.0000000000000001          -0.0000000000000000          -0.0000000000000000
          0.0000000000000000           0.0000000000000000          -0.0000000000000000
          0.0000000000000000          -0.0000000000000001           0.0000000000000000
          0.0000000000000000          -0.0000000000000000          -0.0000000000000000
         -0.0000000000000000          -0.0000000000000000          -0.0000000000000000
          0.0000000000000000          -0.0000000000000000          -0.0000000000000000
          0.0000000000000000           0.0000000000000001           0.0000000000000000
         -0.0000000000000000           0.0000000000000000           0.0000000000000000
         -0.0000000000000000           0.0000000000000000           0.0000000000000000
         -0.0000000000000000           0.0000000000000000          -0.0000000000000000
          0.0000000000000000           0.0000000000000000          -0.0000000000000000
         -0.0000000000000000          -0.0000000000000000          -0.0000000000000000
          0.0000000000000000           0.0000000000000000          -0.0000000000000000
          0.0000000000000000           0.0000000000000000          -0.0000000000000000
          0.0000000000000000           0.0000000000000000           0.0000000000000000
          0.0000000000000000          -0.0000000000000000           0.0000000000000000
          0.0000000000000000           0.0000000000000000           0.0000000000000000
         -0.0000000000000000          -0.0000000000000000           0.0000000000000000
         -0.0000000000000000          -0.0000000000000000          -0.0000000000000000
         -0.0000000000000000           0.0000000000000000          -0.0000000000000000
         -0.0000000000000000          -0.0000000000000000          -0.0000000000000000
          0.0946927431511899          -0.0129168630862872           0.0116970910384034
          0.0091439695262850          -0.0002808351576479          -0.0311666252084247
         -0.0030756596925511           0.0001373154061529          -0.0689511689243942
          0.0258778621014906          -0.0104997149799648          -0.1121860988268841
          0.0643221627377055          -0.0283564662752306          -0.1430475003499245
          0.0599168907001114          -0.0313776050048248          -0.1195089292327871
          0.0126328567036877          -0.0073678040923490          -0.0297860262794413
          0.0002251810122932          -0.0001079777029957          -0.0007041271382856
          0.1058637200485810          -0.0474439044441661          -0.1646999410275130
         -0.1042229936689337           0.0507072131698569          -0.1095494611133870
          0.0752110800718183          -0.0325694843450136          -0.1340566736298854
         -0.1348756336456957           0.0655816332690092          -0.0789061937157600
          0.0944759885154053          -0.0443458525411268          -0.1336455345439421
         -0.1274248606677525           0.0510201975381432          -0.1347963214256420
          0.0668677283100813          -0.0302431590957024          -0.0982600584816023
         -0.1550331208730773           0.0651228909835676          -0.0994108453633029
         -0.1090196388619378           0.0431983531352484          -0.1452064983051741
         -0.1338806812111561           0.0555617215841332          -0.1083791104855139
         -0.0593717183771705           0.0290452141843095          -0.1284219569258206
         -0.0799150755883997           0.0383604089439578          -0.0962015727174644
         -0.0768629946678605           0.0315222540458176          -0.0494434424888575
          0.0193277695937391          -0.0168927192387481           0.0153337978841115
         -0.0144600428804079           0.0141171007974049          -0.0897791549395184
         -0.0278061167691334           0.0195243880687906          -0.0672989839303043
         -0.0328858232257362           0.0176309108077186          -0.0359423828896583
          0.0022428120967665          -0.0047441990968149           0.0038057102229098
          0.0045484354635127           0.0022763521664456          -0.0336813923065074
          0.0004467212334547           0.0037423506945012          -0.0252801100490232
         -0.0030802486711529           0.0038890573363881          -0.0138547010990127
         -0.0005896891483933          -0.0002183319992665           0.0001200104919366
         -0.0405453607926118           0.0191809459704752          -0.2295619345676127
          0.0421860871722593          -0.0159176372447839          -0.0446874675732870
          0.0302029790047973          -0.0197815772987097          -0.1261180245432848
          0.1129344269696685          -0.0548801605139690           0.0587564424510409
         -0.0263850323852098           0.0143566509398175          -0.2072408379616288
         -0.0065638397671376          -0.0076823059428007          -0.0612010180079557
          0.0251357985932139          -0.0159019179741070          -0.1107847418337570
          0.0449569912112860          -0.0379408748567252           0.0352550781199162
         -0.0249501441386172          -0.0019868061519245          -0.0717346243427844
          0.0015129622723121          -0.0209007738514942           0.0101354786533484
         -0.0115009394639957          -0.0001754338966055          -0.0691124801657768
         -0.0044734344505349          -0.0094206480321056          -0.0077488151571599
          0.0001628174199018          -0.0144733601017922           0.0246884166014334
          0.0038823754862761           0.0000182536529318          -0.0146036757044816
          0.0051109421065846          -0.0001446036380358          -0.0536371528265052
          0.0026711722795430          -0.0030795123813186          -0.0158352716490818
         -0.0001194375250283          -0.0051405731906784           0.0095241190279917
          0.0004459331648039          -0.0006360026192384          -0.0040866884129194
          0.0069648882218747          -0.0005048153697182          -0.0233052061962491
          0.0042831171467063          -0.0005154329290835          -0.0108781244823304
          0.0014657909732745          -0.0005709283628826          -0.0005227574177320
         -0.0000444340131572          -0.0001589955298219          -0.0001718070388437
   1
          0.0000000000000000           0.0000000000000000           0.0000000000000000
          0.0000000000000000           0.0000000000000000           0.0000000000000000
          0.0000000000000000           0.0000000000000000           0.0000000000000000
          0.0000000000000000           0.0000000000000000           0.0000000000000000
          0.0000000000000000           0.0000000000000000           0.0000000000000000
          0.0000000000000000           0.0000000000000000           0.0000000000000000
          0.0000000000000000           0.0000000000000000           0.0000000000000000
          0.0000000000000000           0.0000000000000000           0.0000000000000000
          0.0000000000000000           0.0000000000000000           0.0000000000000000
          0.0000000000000000           0.0000000000000000           0.0000000000000000
          0.0000000000000000           0.0000000000000000           0.0000000000000000
          0.0000000000000000           0.0000000000000000           0.0000000000000000
          0.0000000000000000           0.0000000000000000           0.0000000000000000
          0.0000000000000000           0.0000000000000000           0.0000000000000000
          0.0000000000000000           0.0000000000000000           0.0000000000000000
          0.0000000000000000           0.0000000000000000           0.0000000000000000
          0.0000000000000000           0.0000000000000000           0.0000000000000000
          0.0000000000000000           0.0000000000000000           0.0000000000000000
          0.0000000000000000           0.0000000000000000           0.0000000000000000
          0.0000000000000000           0.0000000000000000           0.0000000000000000
          0.0000000000000000           0.0000000000000000           0.0000000000000000
          0.0000000000000000           0.0000000000000000           0.0000000000000000
          0.0000000000000000           0.0000000000000000           0.0000000000000000
          0.0000000000000000           0.0000000000000000           0.0000000000000000
          0.0000000000000000           0.0000000000000000           0.0000000000000000
          0.0000000000000000           0.0000000000000000           0.0000000000000000
          0.0000000000000000           0.0000000000000000           0.0000000000000000
          0.0000000000000000           0.0000000000000000           0.0000000000000000
          0.0000000000000000           0.0000000000000000           0.0000000000000000
          0.0000000000000000           0.0000000000000000           0.0000000000000000
          0.0946927431511898          -0.0129168630862872           0.0116970910384034
          0.0091439695262849          -0.0002808351576480          -0.0311666252084247
         -0.0030756596925512           0.0001373154061529          -0.0689511689243943
          0.0258778621014906          -0.0104997149799648          -0.1121860988268841
          0.0643221627377055          -0.0283564662752307          -0.1430475003499245
          0.0599168907001114          -0.0313776050048248          -0.1195089292327870
          0.0126328567036877          -0.0073678040923490          -0.0297860262794413
          0.0002251810122932          -0.0001079777029957          -0.0007041271382856
          0.1299615883123127          -0.0557491354491426          -0.0636224844747092
         -0.1266801355530172           0.0622757529005252          -0.4848763198070908
          0.1913375014238281          -0.0716667328555027          -0.1116560548765407
         -0.0653042224415019           0.0463581554941648          -0.5329098902089225
          0.0631804869770883          -0.0400630664009730          -0.0606235578908431
         -0.1290782312817836           0.0534117563950075          -0.4762601540483256
          0.1241266723619291          -0.0562232670155513          -0.0829215256983096
         -0.0681320458969428           0.0372515557804288          -0.4985581218557926
         -0.0824599717224439           0.0356636278381342          -0.4275370337545722
         -0.0389014786224728           0.0225871394667506          -0.4229447489728286
         -0.0174266302476806           0.0170936201411952          -0.3366909456362325
          0.0014060126163446           0.0091708575302328          -0.3163720701669674
          0.0427342448013752          -0.0204656117124606          -0.2727861611285240
          0.0810036642565230          -0.0550149888979999          -0.0818467439433474
          0.0221687122954909           0.0041091751528335          -0.2178031066196918
          0.0234273926567572           0.0009170495703744          -0.1952763280926068
          0.0285081128533299          -0.0100407661358893          -0.1540436752462012
          0.0248404047452699          -0.0192990204478510          -0.0317071997298613
          0.0186172539281337          -0.0014899384896961          -0.0764893241833533
          0.0154704996257821          -0.0016911958992204          -0.0651434124658863
          0.0111708894302600          -0.0026541772281639          -0.0465550599857449
          0.0027148807442688          -0.0023058325641055          -0.0056385798587673
         -0.0405453607926118           0.0191809459704753          -0.2295619345676125
          0.0421860871722597          -0.0159176372447845          -0.0446874675732876
          0.0302029790047973          -0.0197815772987096          -0.1261180245432846
          0.1129344269696687          -0.0548801605139673           0.0587564424510410
         -0.0263850323852098           0.0143566509398179          -0.2072408379616291
         -0.0065638397671378          -0.0076823059428006          -0.0612010180079553
          0.0251357985932138          -0.0159019179741069          -0.1107847418337567
          0.0449569912112859          -0.0379408748567260           0.0352550781199163
         -0.0249501441386173          -0.0019868061519235          -0.0717346243427841
          0.0015129622723119          -0.0209007738514951           0.0101354786533484
         -0.0115009394639957          -0.0001754338966053          -0.0691124801657770
         -0.0044734344505350          -0.0094206480321055          -0.0077488151571599
          0.0001628174199017          -0.0144733601017922           0.0246884166014334
          0.0038823754862761           0.0000182536529317          -0.0146036757044816
          0.0051109421065846          -0.0001446036380355          -0.0536371528265052
          0.0026711722795430          -0.0030795123813187          -0.0158352716490819
         -0.0001194375250283          -0.0051405731906785           0.0095241190279917
          0.0004459331648039          -0.0006360026192384          -0.0040866884129194
          0.0069648882218747          -0.0005048153697182          -0.0233052061962491
          0.0042831171467063          -0.0005154329290836          -0.0108781244823304
          0.0014657909732745          -0.0005709283628826          -0.0005227574177320
         -0.0000444340131572          -0.0001589955298219          -0.0001718070388437
   0
          0.0000000000000000          -0.0000000000000001           0.0000000000000000
          0.0000000000000000           0.0000000000000000           0.0000000000000000
          0.0000000000000000           0.0000000000000000          -0.0000000000000000
          0.0000000000000000           0.0000000000000000          -0.0000000000000000
          0.0000000000000000           0.0000000000000000           0.0000000000000000
         -0.0000000000000000           0.0000000000000000           0.0000000000000000
          0.0000000000000000          -0.0000000000000000           0.0000000000000000
          0.0000000000000000           0.0000000000000000           0.0000000000000000
         -0.0000000000000001          -0.0000000000000002           0.0000000000000000
          0.0000000000000001          -0.0000000000000000          -0.0000000000000000
          0.0000000000000000           0.0000000000000000           0.0000000000000000
          0.0000000000000000          -0.0000000000000001          -0.0000000000000000
         -0.0000000000000002          -0.0000000000000000          -0.0000000000000000
          0.0000000000000003           0.0000000000000000           0.0000000000000000
          0.0000000000000000          -0.0000000000000000          -0.0000000000000000
         -0.0000000000000003          -0.0000000000000001          -0.0000000000000000
          0.0000000000000001          -0.0000000000000000           0.0000000000000000
          0.0000000000000000           0.0000000000000001          -0.0000000000000000
          0.0000000000000001           0.0000000000000000          -0.0000000000000000
          0.0000000000000000          -0.0000000000000000           0.0000000000000000
         -0.0000000000000000          -0.0000000000000000          -0.0000000000000000
          0.0000000000000000          -0.0000000000000000           0.0000000000000000
         -0.0000000000000000          -0.0000000000000000          -0.0000000000000000
          0.0000000000000000           0.0000000000000000          -0.0000000000000000
          0.0000000000000000          -0.0000000000000000          -0.0000000000000000
          0.0000000000000000           0.0000000000000000           0.0000000000000000
         -0.0000000000000000           0.0000000000000000           0.0000000000000000
         -0.0000000000000000           0.0000000000000000           0.0000000000000000
         -0.0000000000000000          -0.0000000000000000           0.0000000000000000
          0.0000000000000000          -0.0000000000000000           0.0000000000000000
          0.0000000000000000           0.0000000000000000           0.0000000000000000
          0.0000000000000000           0.0000000000000000           0.0000000000000000
          0.0000000000000000           0.0000000000000000           0.0000000000000000
          0.0000000000000000           0.0000000000000000           0.0000000000000000
          0.0000000000000000           0.0000000000000000           0.0000000000000000
          0.0000000000000000           0.0000000000000000           0.0000000000000000
          0.0000000000000000           0.0000000000000000           0.0000000000000000
          0.0000000000000000           0.0000000000000000           0.0000000000000000
          0.0240978682637315          -0.0083052310049769           0.1010774565528036
         -0.0224571418840848           0.0115685397306668          -0.3753268586937037
          0.1161264213520097          -0.0390972485104895           0.0224006187533445
          0.0695714112041941          -0.0192234777748445          -0.4540036964931627
         -0.0312955015383174           0.0042827861401535           0.0730219766530990
         -0.0016533706140301           0.0023915588568635          -0.3414638326226833
          0.0572589440518478          -0.0259801079198489           0.0153385327832927
          0.0869010749761352          -0.0278713352031391          -0.3991472764924899
          0.0265596671394933          -0.0075347252971141          -0.2823305354493987
          0.0949792025886837          -0.0329745821173819          -0.3145656384873149
          0.0419450881294900          -0.0119515940431143          -0.2082689887104125
          0.0813210882047443          -0.0291895514137250          -0.2201704974495033
          0.1195972394692360          -0.0519878657582783          -0.2233427186396665
          0.0616758946627840          -0.0381222696592518          -0.0971805418274589
          0.0366287551758986          -0.0100079256445715          -0.1280239516801735
          0.0512335094258906          -0.0186073384984162          -0.1279773441623028
          0.0613939360790661          -0.0276716769436079          -0.1181012923565429
          0.0225975926485035          -0.0145548213510361          -0.0355129099527711
          0.0140688184646210          -0.0037662906561418          -0.0428079318768459
          0.0150237783923273          -0.0054335465937215          -0.0398633024168632
          0.0142511381014130          -0.0065432345645520          -0.0327003588867323
          0.0033045698926621          -0.0020875005648390          -0.0057585903507039
          0.0000000000000000           0.0000000000000000           0.0000000000000000
          0.0000000000000000           0.0000000000000000           0.0000000000000000
          0.0000000000000000           0.0000000000000000           0.0000000000000000
          0.0000000000000000           0.0000000000000000           0.0000000000000000
          0.0000000000000000           0.0000000000000000           0.0000000000000000
          0.0000000000000000           0.0000000000000000           0.0000000000000000
          0.0000000000000000           0.0000000000000000           0.0000000000000000
          0.0000000000000000           0.0000000000000000           0.0000000000000000
          0.0000000000000000           0.0000000000000000           0.0000000000000000
          0.0000000000000000           0.0000000000000000           0.0000000000000000
          0.0000000000000000           0.0000000000000000           0.0000000000000000
          0.0000000000000000           0.0000000000000000           0.0000000000000000
          0.0000000000000000           0.0000000000000000           0.0000000000000000
          0.0000000000000000           0.0000000000000000           0.0000000000000000
          0.0000000000000000           0.0000000000000000           0.0000000000000000
          0.0000000000000000           0.0000000000000000           0.0000000000000000
          0.0000000000000000           0.0000000000000000           0.0000000000000000
          0.0000000000000000           0.0000000000000000           0.0000000000000000
          0.0000000000000000           0.0000000000000000           0.0000000000000000
          0.0000000000000000           0.0000000000000000           0.0000000000000000
          0.0000000000000000           0.0000000000000000           0.0000000000000000
          0.0000000000000000           0.0000000000000000           0.0000000000000000
