1  82   2   1   2   -6.465914   0.000000
  0 
./DATA/100/00/GA/G009/M029/
0
          5.3440637765349353
          3.5522606192519679
          2.3548564786079029
          1.3556780506772137
          0.6040429668156901
          0.1915969982839536
          0.0136502888879166
          0.0000796242897259
          2.3469028842063322
          6.4634550552662242
          0.9061197665588462
          5.0226719376187354
          1.6072597836273004
          4.4320082350865491
          0.6178481397272304
          3.4425965911864780
          2.3710742785528081
          1.8400280878940443
          1.0322404686344742
          0.7998246394422375
          0.5266654432166831
          0.0921208856223537
          0.3358274453809216
          0.2596411323609938
          0.1696851718225517
          0.0269720572746485
          0.0405334670194157
          0.0312283916912387
          0.0201548889082774
          0.0027745713613827
          6.4677756377590239
          4.6069271071544495
          3.2915432283948531
          2.0984041541271754
          1.0679013710561638
          0.3869593581489140
          0.0325481900541281
          0.0002484468700992
          8.2430520657156023
         26.1228280426785773
          3.1130260562028096
         20.9928020331657663
          5.9834930441849563
         19.0978601188085086
          2.2053357474688284
         15.3197028220923812
         11.3781019442721334
          9.0925568755408896
          5.7275966601955179
          4.5490551436138125
          3.0214957791248414
          0.5436663106129668
          2.2769076777107116
          1.7920934318793622
          1.1552628353158336
          0.1680170486504499
          0.4085959639862912
          0.3167309361353931
          0.1947984767443450
          0.0188288808596837
          5.5358582995486341
         11.6470817546484486
          2.4948350110023712
          8.6060584661021924
          4.0356105944674754
          8.5050659870292584
          1.7924262579604484
          6.2618816505222359
          5.0662921590299037
          3.7095446962868892
          2.5581235602154031
          1.8620810578331966
          1.0898949058994065
          0.1594339473322363
          1.0259874930227424
          0.7434489035792752
          0.4227953778035371
          0.0475716389743150
          0.1884142167051557
          0.1365936683862752
          0.0753072444832706
          0.0049826740507802
1
          5.3440637765349344
          3.5522606192519675
          2.3548564786079038
          1.3556780506772135
          0.6040429668156904
          0.1915969982839536
          0.0136502888879166
          0.0000796242897259
          2.3469028842063335
          6.4634550552662242
          0.9061197665588460
          5.0226719376187328
          1.6072597836273008
          4.4320082350865482
          0.6178481397272304
          3.4425965911864775
          2.3710742785528072
          1.8400280878940440
          1.0322404686344746
          0.7998246394422376
          0.5266654432166828
          0.0921208856223537
          0.3358274453809217
          0.2596411323609938
          0.1696851718225517
          0.0269720572746485
          0.0405334670194157
          0.0312283916912387
          0.0201548889082774
          0.0027745713613827
          6.4677756377590230
          4.6069271071544504
          3.2915432283948527
          2.0984041541271745
          1.0679013710561640
          0.3869593581489140
          0.0325481900541280
          0.0002484468700992
          8.2430520657156165
         26.1228280426785702
          3.1130260562028087
         20.9928020331657805
          5.9834930441849590
         19.0978601188084838
          2.2053357474688289
         15.3197028220923706
         11.3781019442721245
          9.0925568755408843
          5.7275966601955117
          4.5490551436138169
          3.0214957791248418
          0.5436663106129666
          2.2769076777107089
          1.7920934318793640
          1.1552628353158350
          0.1680170486504499
          0.4085959639862905
          0.3167309361353924
          0.1947984767443449
          0.0188288808596837
          5.5358582995486314
         11.6470817546484522
          2.4948350110023720
          8.6060584661022048
          4.0356105944674754
          8.5050659870292638
          1.7924262579604502
          6.2618816505222332
          5.0662921590299081
          3.7095446962868888
          2.5581235602154031
          1.8620810578331957
          1.0898949058994063
          0.1594339473322363
          1.0259874930227433
          0.7434489035792747
          0.4227953778035371
          0.0475716389743151
          0.1884142167051558
          0.1365936683862752
          0.0753072444832706
          0.0049826740507802
   0    2 -0.029136 -0.012131  0.060032 
          0.0000000000000000           0.0000000000000000          -0.0000000000000001
          0.0000000000000001          -0.0000000000000002           0.0000000000000001
         -0.0000000000000001           0.0000000000000001          -0.0000000000000001
          0.0000000000000001          -0.0000000000000000           0.0000000000000000
         -0.0000000000000001          -0.0000000000000000          -0.0000000000000000
          0.0000000000000000          -0.0000000000000000           0.0000000000000000
         -0.0000000000000000          -0.0000000000000000          -0.0000000000000000
          0.0000000000000000          -0.0000000000000000          -0.0000000000000000
         -0.0000000000000000           0.0000000000000002           0.0000000000000002
          0.0000000000000001          -0.0000000000000002          -0.0000000000000009
         -0.0000000000000000           0.0000000000000000          -0.0000000000000001
         -0.0000000000000000          -0.0000000000000009          -0.0000000000000001
          0.0000000000000000          -0.0000000000000001           0.0000000000000000
          0.0000000000000001          -0.0000000000000003          -0.0000000000000004
         -0.0000000000000000           0.0000000000000000           0.0000000000000001
         -0.0000000000000001          -0.0000000000000005          -0.0000000000000002
          0.0000000000000000          -0.0000000000000002          -0.0000000000000002
          0.0000000000000000           0.0000000000000003          -0.0000000000000002
         -0.0000000000000000           0.0000000000000001           0.0000000000000000
          0.0000000000000000          -0.0000000000000000          -0.0000000000000001
         -0.0000000000000000           0.0000000000000000           0.0000000000000000
          0.0000000000000000          -0.0000000000000000           0.0000000000000000
         -0.0000000000000000          -0.0000000000000000           0.0000000000000000
          0.0000000000000000          -0.0000000000000000          -0.0000000000000000
          0.0000000000000000           0.0000000000000000          -0.0000000000000000
          0.0000000000000000           0.0000000000000000           0.0000000000000000
         -0.0000000000000000           0.0000000000000000          -0.0000000000000000
          0.0000000000000000           0.0000000000000000          -0.0000000000000000
          0.0000000000000000           0.0000000000000000          -0.0000000000000000
         -0.0000000000000000           0.0000000000000000          -0.0000000000000000
          0.0006575178667334           0.0005796325638623          -0.0003278779656176
          0.0003959595241927           0.0004097140489008           0.0001469669876634
          0.0001284788525651          -0.0000004249289362          -0.0005462621264594
          0.0000079731868624          -0.0003648326212923          -0.0020100061343585
          0.0003957314340474          -0.0002624597861796          -0.0037211977442897
          0.0010369450618331           0.0002416415646723          -0.0040632986922147
          0.0006060614108983           0.0002709148532283          -0.0013986967174550
          0.0000235879078118           0.0000127863096350          -0.0000409627683086
          0.0008456260443332          -0.0000354781288333          -0.0052222839165335
          0.0019595710420862           0.0026215221761828           0.0045069793183104
         -0.0004692351002990          -0.0012368002201958          -0.0051588236607061
          0.0006447098974562           0.0014202000848231           0.0045704395741328
          0.0009087289877451           0.0000754773156012          -0.0048782357789407
          0.0007016386073906           0.0008984743177454           0.0024251162427218
         -0.0001096185351282          -0.0007077464817691          -0.0042535415977349
         -0.0003167089154836           0.0001152505203711           0.0030498104239279
         -0.0006090021993204          -0.0009463934475110          -0.0005482926213145
         -0.0013113377973642          -0.0013187902097534           0.0006427971973580
         -0.0012895444642454          -0.0019008860343253          -0.0028195962797896
         -0.0017634790110406          -0.0020355654933762          -0.0013892960419158
         -0.0011048626922533          -0.0010338813420521           0.0004133432814797
          0.0015198854872282           0.0016954939162533           0.0011636351216321
         -0.0012187475322668          -0.0017873005573435          -0.0034588338757742
         -0.0015263793616903          -0.0018233223043355          -0.0022029617720117
         -0.0011525355192707          -0.0011982716367646          -0.0006657289293689
          0.0006407770785484           0.0006594442928544           0.0003972285759708
         -0.0004947202671684          -0.0007736972798248          -0.0020166656871456
         -0.0006263725164094          -0.0007760670915166          -0.0014035599206915
         -0.0005471645253385          -0.0005793309491185          -0.0006496403144252
          0.0000890843203833           0.0000798094614809           0.0000395797088468
         -0.0000843248931812          -0.0013168997411713          -0.0061834591573273
          0.0028895219796011           0.0039029437885227           0.0054681545590975
          0.0009446372927324           0.0001032522582954          -0.0053640592965576
          0.0039184841655147           0.0053230957879887           0.0062875544198669
         -0.0003404794314680          -0.0015788392011066          -0.0065295046961386
          0.0019508470265991           0.0025527908344523           0.0040763851599166
          0.0007149925475384          -0.0000951543934861          -0.0051852937210263
          0.0030063190056058           0.0040364756420722           0.0054205961350283
          0.0008537320781270           0.0009417299791831           0.0016861511975926
          0.0018039852256155           0.0023347159461226           0.0035745724640687
          0.0000737222589860          -0.0001719749163288          -0.0005721818839506
          0.0007637121796657           0.0009195503489866           0.0014928117536691
          0.0012386629010228           0.0014319806175061           0.0018037924886510
         -0.0002319004599780          -0.0003165223769487          -0.0008868787057668
         -0.0002529557511099          -0.0005844141940251          -0.0017998206754521
          0.0001079597699731           0.0000806845392803          -0.0000684159222750
          0.0004736645656053           0.0005526421793577           0.0007959787004320
          0.0000366697623243          -0.0000297424778260          -0.0003409791025474
         -0.0001496829174785          -0.0003566107015823          -0.0014187023651516
         -0.0000850067891221          -0.0001517468516086          -0.0006160064117215
          0.0000191195437355           0.0000385272963309           0.0000144197004786
          0.0000342481072749           0.0000167082641547          -0.0000377415349724
   1
          0.0000000000000000           0.0000000000000000           0.0000000000000000
          0.0000000000000000           0.0000000000000000           0.0000000000000000
          0.0000000000000000           0.0000000000000000           0.0000000000000000
          0.0000000000000000           0.0000000000000000           0.0000000000000000
          0.0000000000000000           0.0000000000000000           0.0000000000000000
          0.0000000000000000           0.0000000000000000           0.0000000000000000
          0.0000000000000000           0.0000000000000000           0.0000000000000000
          0.0000000000000000           0.0000000000000000           0.0000000000000000
          0.0000000000000000           0.0000000000000000           0.0000000000000000
          0.0000000000000000           0.0000000000000000           0.0000000000000000
          0.0000000000000000           0.0000000000000000           0.0000000000000000
          0.0000000000000000           0.0000000000000000           0.0000000000000000
          0.0000000000000000           0.0000000000000000           0.0000000000000000
          0.0000000000000000           0.0000000000000000           0.0000000000000000
          0.0000000000000000           0.0000000000000000           0.0000000000000000
          0.0000000000000000           0.0000000000000000           0.0000000000000000
          0.0000000000000000           0.0000000000000000           0.0000000000000000
          0.0000000000000000           0.0000000000000000           0.0000000000000000
          0.0000000000000000           0.0000000000000000           0.0000000000000000
          0.0000000000000000           0.0000000000000000           0.0000000000000000
          0.0000000000000000           0.0000000000000000           0.0000000000000000
          0.0000000000000000           0.0000000000000000           0.0000000000000000
          0.0000000000000000           0.0000000000000000           0.0000000000000000
          0.0000000000000000           0.0000000000000000           0.0000000000000000
          0.0000000000000000           0.0000000000000000           0.0000000000000000
          0.0000000000000000           0.0000000000000000           0.0000000000000000
          0.0000000000000000           0.0000000000000000           0.0000000000000000
          0.0000000000000000           0.0000000000000000           0.0000000000000000
          0.0000000000000000           0.0000000000000000           0.0000000000000000
          0.0000000000000000           0.0000000000000000           0.0000000000000000
          0.0006575178667333           0.0005796325638624          -0.0003278779656170
          0.0003959595241925           0.0004097140489009           0.0001469669876631
          0.0001284788525653          -0.0000004249289362          -0.0005462621264592
          0.0000079731868624          -0.0003648326212924          -0.0020100061343583
          0.0003957314340474          -0.0002624597861795          -0.0037211977442898
          0.0010369450618331           0.0002416415646724          -0.0040632986922147
          0.0006060614108983           0.0002709148532283          -0.0013986967174550
          0.0000235879078118           0.0000127863096350          -0.0000409627683086
          0.0038349666888883           0.0040654047221288           0.0005567193133835
          0.0017754274839517           0.0011066833725783          -0.0019873285098413
          0.0021514744525794           0.0013571211130887          -0.0062057014253775
          0.0000919352476433          -0.0016016002364618          -0.0087497492486072
          0.0030606739103358           0.0031331423892125           0.0006723138658648
          0.0001600612799260          -0.0011852391225240          -0.0055785529383015
          0.0022018274899048           0.0015774332330418          -0.0044048193526319
         -0.0006987851405057          -0.0027409482786980          -0.0106556861568081
         -0.0012243316822189          -0.0032224702317247          -0.0097213029650787
         -0.0012414894114775          -0.0035667621861362          -0.0124853368243169
         -0.0016083421900062          -0.0037636138169614          -0.0116873241786894
         -0.0011866462922134          -0.0034126808454931          -0.0124357393715202
          0.0011578679034636          -0.0012552365719036          -0.0130515336398475
          0.0039914337280758           0.0027589081526055          -0.0067081075316493
         -0.0011537166808645          -0.0029151370469823          -0.0103275982965196
         -0.0007192953037195          -0.0024221733049662          -0.0098531811571389
          0.0006689903970878          -0.0009750712615838          -0.0088049019686414
          0.0018803596695436           0.0012813751494597          -0.0030460838125232
         -0.0002843192067143          -0.0011237216205254          -0.0050304494843238
         -0.0001302940497744          -0.0008911955492229          -0.0043878012036354
          0.0002201454857500          -0.0004171177276935          -0.0033395039372193
          0.0003858113306265           0.0002462646233522          -0.0006468429841660
         -0.0000843248931806          -0.0013168997411692          -0.0061834591573254
          0.0028895219796023           0.0039029437885202           0.0054681545591038
          0.0009446372927321           0.0001032522582961          -0.0053640592965579
          0.0039184841655141           0.0053230957879915           0.0062875544198670
         -0.0003404794314681          -0.0015788392011058          -0.0065295046961366
          0.0019508470265997           0.0025527908344493           0.0040763851599215
          0.0007149925475381          -0.0000951543934851          -0.0051852937210267
          0.0030063190056063           0.0040364756420732           0.0054205961350307
          0.0008537320781271           0.0009417299791838           0.0016861511975924
          0.0018039852256153           0.0023347159461223           0.0035745724640701
          0.0000737222589864          -0.0001719749163304          -0.0005721818839513
          0.0007637121796661           0.0009195503489869           0.0014928117536693
          0.0012386629010227           0.0014319806175059           0.0018037924886509
         -0.0002319004599779          -0.0003165223769488          -0.0008868787057668
         -0.0002529557511098          -0.0005844141940254          -0.0017998206754521
          0.0001079597699734           0.0000806845392803          -0.0000684159222751
          0.0004736645656053           0.0005526421793575           0.0007959787004319
          0.0000366697623243          -0.0000297424778260          -0.0003409791025474
         -0.0001496829174785          -0.0003566107015824          -0.0014187023651515
         -0.0000850067891221          -0.0001517468516086          -0.0006160064117215
          0.0000191195437355           0.0000385272963309           0.0000144197004785
          0.0000342481072749           0.0000167082641547          -0.0000377415349724
   0
          0.0000000000000000          -0.0000000000000000           0.0000000000000001
         -0.0000000000000001           0.0000000000000002          -0.0000000000000001
          0.0000000000000001          -0.0000000000000001           0.0000000000000001
         -0.0000000000000001           0.0000000000000000          -0.0000000000000000
          0.0000000000000001           0.0000000000000000           0.0000000000000000
          0.0000000000000000           0.0000000000000000          -0.0000000000000000
          0.0000000000000000           0.0000000000000000           0.0000000000000000
          0.0000000000000000           0.0000000000000000           0.0000000000000000
         -0.0000000000000003           0.0000000000000006          -0.0000000000000002
         -0.0000000000000010           0.0000000000000004          -0.0000000000000026
         -0.0000000000000000          -0.0000000000000003          -0.0000000000000002
          0.0000000000000003          -0.0000000000000007           0.0000000000000008
         -0.0000000000000001          -0.0000000000000005          -0.0000000000000001
         -0.0000000000000003           0.0000000000000017           0.0000000000000002
          0.0000000000000002          -0.0000000000000003          -0.0000000000000001
          0.0000000000000002          -0.0000000000000001           0.0000000000000002
         -0.0000000000000006           0.0000000000000002          -0.0000000000000002
         -0.0000000000000002           0.0000000000000002          -0.0000000000000004
          0.0000000000000004          -0.0000000000000002          -0.0000000000000004
          0.0000000000000000          -0.0000000000000002           0.0000000000000001
         -0.0000000000000000          -0.0000000000000003          -0.0000000000000001
          0.0000000000000000          -0.0000000000000001           0.0000000000000000
         -0.0000000000000001           0.0000000000000002          -0.0000000000000001
          0.0000000000000000          -0.0000000000000000           0.0000000000000000
         -0.0000000000000000          -0.0000000000000000           0.0000000000000000
         -0.0000000000000000           0.0000000000000000           0.0000000000000000
         -0.0000000000000000          -0.0000000000000000          -0.0000000000000000
          0.0000000000000000          -0.0000000000000000           0.0000000000000000
          0.0000000000000000           0.0000000000000000          -0.0000000000000000
         -0.0000000000000000          -0.0000000000000000           0.0000000000000000
          0.0000000000000000           0.0000000000000000           0.0000000000000000
          0.0000000000000000           0.0000000000000000           0.0000000000000000
          0.0000000000000000           0.0000000000000000           0.0000000000000000
          0.0000000000000000           0.0000000000000000           0.0000000000000000
          0.0000000000000000           0.0000000000000000           0.0000000000000000
          0.0000000000000000           0.0000000000000000           0.0000000000000000
          0.0000000000000000           0.0000000000000000           0.0000000000000000
          0.0000000000000000           0.0000000000000000           0.0000000000000000
          0.0029893406445538           0.0041008828509609           0.0057790032299173
         -0.0001841435581361          -0.0015148388036178          -0.0064943078281552
          0.0026207095528781           0.0025939213332856          -0.0010468777646698
         -0.0005527746498117          -0.0030218003212888          -0.0133201888227338
          0.0021519449225931           0.0030576650736134           0.0055505496448069
         -0.0005415773274618          -0.0020837134402681          -0.0080036691810267
          0.0023114460250326           0.0022851797148115          -0.0001512777548972
         -0.0003820762250223          -0.0028561987990693          -0.0137054965807307
         -0.0006153294828995          -0.0022760767842194          -0.0091730103437607
          0.0000698483858865          -0.0022479719763835          -0.0131281340216764
         -0.0003187977257610          -0.0018627277826372          -0.0088677278988972
          0.0005768327188264          -0.0013771153521184          -0.0110464433296055
          0.0022627305957168          -0.0002213552298515          -0.0134648769213264
          0.0024715482408476           0.0010634142363522          -0.0078717426532816
          0.0000650308514024          -0.0011278364896389          -0.0068687644207451
          0.0008070840579707          -0.0005988510006309          -0.0076502193851285
          0.0018215259163585           0.0002232003751808          -0.0081391730392726
          0.0012395825909952           0.0006219308566053          -0.0034433123884939
          0.0002104010604539          -0.0003500243407006          -0.0030137837971778
          0.0004960784666348          -0.0001151284577064          -0.0029842412829436
          0.0007673100110884           0.0001622132214251          -0.0026898636227942
          0.0002967270102431           0.0001664551618713          -0.0006864226930129
          0.0000000000000000           0.0000000000000000           0.0000000000000000
          0.0000000000000000           0.0000000000000000           0.0000000000000000
          0.0000000000000000           0.0000000000000000           0.0000000000000000
          0.0000000000000000           0.0000000000000000           0.0000000000000000
          0.0000000000000000           0.0000000000000000           0.0000000000000000
          0.0000000000000000           0.0000000000000000           0.0000000000000000
          0.0000000000000000           0.0000000000000000           0.0000000000000000
          0.0000000000000000           0.0000000000000000           0.0000000000000000
          0.0000000000000000           0.0000000000000000           0.0000000000000000
          0.0000000000000000           0.0000000000000000           0.0000000000000000
          0.0000000000000000           0.0000000000000000           0.0000000000000000
          0.0000000000000000           0.0000000000000000           0.0000000000000000
          0.0000000000000000           0.0000000000000000           0.0000000000000000
          0.0000000000000000           0.0000000000000000           0.0000000000000000
          0.0000000000000000           0.0000000000000000           0.0000000000000000
          0.0000000000000000           0.0000000000000000           0.0000000000000000
          0.0000000000000000           0.0000000000000000           0.0000000000000000
          0.0000000000000000           0.0000000000000000           0.0000000000000000
          0.0000000000000000           0.0000000000000000           0.0000000000000000
          0.0000000000000000           0.0000000000000000           0.0000000000000000
          0.0000000000000000           0.0000000000000000           0.0000000000000000
          0.0000000000000000           0.0000000000000000           0.0000000000000000
