1  82   2   1   2   -6.488500   0.000000
  0 
./DATA/100/00/GA/G021/M025/
0
          4.1412815547237205
          5.4776677902387876
          2.8187039747111160
          3.8048537560614939
          1.9162668740803128
          2.6285320777215602
          1.1337274118053284
          1.5854859955457119
          0.5097492320022609
          0.7387114026897144
          0.1530855494175939
          0.2398826340141586
          0.0086672602484976
          0.0172230403848026
          0.0000371927216612
          0.0001120243753218
          1.3720540758100934
          5.6863887531638531
          2.9860230854265426
          3.8334971535532327
         16.1582057324059072
          7.9362741573583406
          1.0273964295736666
          4.2699154773513213
          2.3431070819244209
          5.9502825850599415
         25.2135494358354464
         12.2436092257880169
          0.9676221038339656
          4.0771709090412527
          2.1290276725741082
          2.7206880731917433
         11.6022582348718970
          5.7106868993824680
          0.7041842816286380
          3.0131595117707493
          1.6349806502258708
          4.2103162203441951
         18.0633341634320530
          8.7982991038425844
          1.5434273576255366
          6.6815501602877587
          3.2979804089507754
          2.3764595815794101
         10.3635047811348535
          5.0671404539734217
          0.7266973142818743
          3.1902197067374618
          1.5784739267242973
          1.1119269427183385
          4.9252527114614635
          2.4147629366323593
          2.7255578034192056
         12.5790957560537144
          5.9988416323367266
       1509.5282495681337878
       8045.7582898531391038
       3080.2977036476895591
          0.2617559661589547
          1.1665661639718024
          0.5777959775012237
          0.3978033194368473
          1.7916803781771258
          0.8783944105454583
          0.9497441896417088
          4.4821681985975914
          2.1323397580516503
        397.0985592967269895
       2402.4356167762989571
        917.6960079800895755
          0.0374680044603061
          0.1742527544137545
          0.0860345970588703
          0.0565298930935732
          0.2660742208545324
          0.1293669914146580
          0.1311333491593520
          0.6473680216448292
          0.3029185450498550
         35.4184865547655718
        254.5993324708309729
         96.6330783601079162
1
          5.4776677902387876
          4.1412815547237205
          3.8048537560614921
          2.8187039747111164
          2.6285320777215602
          1.9162668740803126
          1.5854859955457117
          1.1337274118053287
          0.7387114026897139
          0.5097492320022609
          0.2398826340141586
          0.1530855494175939
          0.0172230403848026
          0.0086672602484976
          0.0001120243753218
          0.0000371927216612
          2.9860230854265435
          5.6863887531638575
          1.3720540758100928
          7.9362741573583335
         16.1582057324059036
          3.8334971535532327
          2.3431070819244200
          4.2699154773513257
          1.0273964295736668
         12.2436092257880045
         25.2135494358354357
          5.9502825850599432
          2.1290276725741104
          4.0771709090412545
          0.9676221038339655
          5.7106868993824662
         11.6022582348718881
          2.7206880731917429
          1.6349806502258697
          3.0131595117707501
          0.7041842816286380
          8.7982991038425897
         18.0633341634320352
          4.2103162203441915
          3.2979804089507736
          6.6815501602877578
          1.5434273576255366
          5.0671404539734271
         10.3635047811348535
          2.3764595815794092
          1.5784739267242969
          3.1902197067374596
          0.7266973142818745
          2.4147629366323593
          4.9252527114614759
          1.1119269427183385
          5.9988416323367195
         12.5790957560537162
          2.7255578034192043
       3080.2977036476891044
       8045.7582898531463798
       1509.5282495681337878
          0.5777959775012234
          1.1665661639718017
          0.2617559661589548
          0.8783944105454585
          1.7916803781771262
          0.3978033194368472
          2.1323397580516508
          4.4821681985975923
          0.9497441896417089
        917.6960079800896892
       2402.4356167763003214
        397.0985592967268758
          0.0860345970588703
          0.1742527544137542
          0.0374680044603061
          0.1293669914146580
          0.2660742208545326
          0.0565298930935732
          0.3029185450498550
          0.6473680216448299
          0.1311333491593521
         96.6330783601079730
        254.5993324708309444
         35.4184865547655860
   0    2 -0.035366  0.026532 -0.030104 
         -0.0000000000000000          -0.0000000000000000          -0.0000000000000000
          0.0066927080615812           0.0077924486278052           0.0102971766109700
          0.0000000000000000           0.0000000000000000           0.0000000000000000
          0.0070180843075680           0.0024502062138047           0.0023149668996895
         -0.0000000000000001          -0.0000000000000001           0.0000000000000000
          0.0092679411528225          -0.0024952459030026          -0.0046088643823709
          0.0000000000000001           0.0000000000000000          -0.0000000000000000
          0.0145186835602705          -0.0069403746878259          -0.0093071919888308
         -0.0000000000000001           0.0000000000000000           0.0000000000000000
          0.0192388698410586          -0.0091966573907263          -0.0085510046566432
          0.0000000000000000          -0.0000000000000000          -0.0000000000000000
          0.0148214646470265          -0.0069211480567751          -0.0035904880935946
          0.0000000000000000           0.0000000000000000           0.0000000000000000
          0.0020843729262265          -0.0009680853582178           0.0001410570611164
          0.0000000000000000           0.0000000000000000           0.0000000000000000
          0.0000034004074154           0.0000155369577848           0.0000225769661454
          0.0000000000000001          -0.0000000000000000           0.0000000000000003
          0.0292019242339856          -0.0110086596286650          -0.0071550116869891
          0.0411706650773582          -0.0185816513684398          -0.0325864399221632
         -0.0000000000000002          -0.0000000000000000          -0.0000000000000008
          0.0327438499464791           0.0144765412995185           0.0044554403373954
          0.0207751091031074           0.0220495330392947           0.0298868685725689
         -0.0000000000000001           0.0000000000000000          -0.0000000000000001
          0.0361832658101513          -0.0186489853869194          -0.0165094676461988
          0.0516041895320740          -0.0273166243785479          -0.0278744356101551
          0.0000000000000004          -0.0000000000000003          -0.0000000000000003
          0.0432671172351350           0.0323214164694464           0.0067114364025678
          0.0108130775835731           0.0539457444369220           0.0970721813793080
          0.0000000000000000           0.0000000000000000          -0.0000000000000000
          0.0251653855725347          -0.0101432583639025          -0.0058676093421608
          0.0379818920134669          -0.0183316250041451          -0.0310813716777701
          0.0000000000000001           0.0000000000000001          -0.0000000000000001
          0.0292410293050275           0.0027996300625270          -0.0115717052196196
          0.0164245228640937           0.0109879967027695           0.0136420571159879
          0.0000000000000001           0.0000000000000000          -0.0000000000000001
          0.0280992647446549          -0.0138420169867817          -0.0086845680272139
          0.0459062965644840          -0.0243612385126378          -0.0258590939092116
          0.0000000000000001          -0.0000000000000000           0.0000000000000001
          0.0362505522096395           0.0120437598660725          -0.0200927597821372
          0.0027915582657378           0.0342780049011897           0.0635877636783058
         -0.0000000000000002           0.0000000000000001           0.0000000000000000
          0.0259744144464028          -0.0075735568213632          -0.0244468784679716
          0.0138573593947649          -0.0000461570831952          -0.0023753759636223
         -0.0000000000000002           0.0000000000000000           0.0000000000000003
          0.0304689420715693          -0.0064241573377563          -0.0419307327143782
         -0.0003410272354024           0.0132197310484737           0.0265276867194871
          0.0000000000000000           0.0000000000000001          -0.0000000000000003
          0.0228007373368983          -0.0113077662747182          -0.0261369162804287
          0.0134517255481831          -0.0057973150948734          -0.0101171772769935
         -0.0000000000000002          -0.0000000000000002          -0.0000000000000000
          0.0269072878990025          -0.0140297056130854          -0.0448815543563111
          0.0033556836821627          -0.0000044235075936           0.0024244232557587
          0.0000000000000001           0.0000000000000001           0.0000000000000001
          0.0195741797131017          -0.0079200705632260          -0.0924894230459377
         -0.0383964386130091           0.0290339453979975           0.0589882000042463
          0.0000000000000640           0.0000000000000765           0.0000000000002683
         14.7653103841706219          11.2860708000139347         252.5247108158295362
        128.2886081914489012         -30.8468192505084993         -19.8233726066197633
         -0.0000000000000001           0.0000000000000000          -0.0000000000000001
          0.0174772117066395          -0.0093164339066527          -0.0184263659052037
          0.0120327531512304          -0.0063246126235863          -0.0095947054236155
          0.0000000000000000           0.0000000000000001          -0.0000000000000001
          0.0217045770552638          -0.0123646162794848          -0.0316092054996472
          0.0079352271202994          -0.0048960417630880          -0.0064065858569739
          0.0000000000000001          -0.0000000000000000          -0.0000000000000004
          0.0247190040501102          -0.0165220386464812          -0.0758093970999394
         -0.0154675679042314           0.0050154866548368           0.0108606262828889
          0.0000000000000105          -0.0000000000000623          -0.0000000000000238
          2.8480007045622724          -3.8877087289409435          73.9323822684303309
         26.5139121328739620         -10.9254416067345961           0.1564735530635479
         -0.0000000000000000          -0.0000000000000000          -0.0000000000000000
          0.0075146238396845          -0.0035911823892095          -0.0056836826924605
          0.0060833013712887          -0.0029075689073405          -0.0035438245820386
         -0.0000000000000000           0.0000000000000000          -0.0000000000000000
          0.0100830771821303          -0.0048801575989828          -0.0096328121549617
          0.0063792793525002          -0.0032330979871127          -0.0036844428173769
          0.0000000000000000           0.0000000000000000          -0.0000000000000000
          0.0162484928218679          -0.0080437451245480          -0.0246733661001027
          0.0040055887434792          -0.0031282529452564          -0.0030050945023143
          0.0000000000000037          -0.0000000000000025          -0.0000000000000043
         -2.0116591118320262          -1.7756758240211923           3.8673307673615889
         -1.5227613731894674           0.6564458441223431           0.5848624753955057
   1
          0.0066927080615811           0.0077924486278052           0.0102971766109703
          0.0000000000000000           0.0000000000000000           0.0000000000000000
          0.0070180843075680           0.0024502062138046           0.0023149668996895
          0.0000000000000000           0.0000000000000000           0.0000000000000000
          0.0092679411528224          -0.0024952459030027          -0.0046088643823709
          0.0000000000000000           0.0000000000000000           0.0000000000000000
          0.0145186835602705          -0.0069403746878259          -0.0093071919888308
          0.0000000000000000           0.0000000000000000           0.0000000000000000
          0.0192388698410586          -0.0091966573907263          -0.0085510046566433
          0.0000000000000000           0.0000000000000000           0.0000000000000000
          0.0148214646470265          -0.0069211480567751          -0.0035904880935947
          0.0000000000000000           0.0000000000000000           0.0000000000000000
          0.0020843729262265          -0.0009680853582178           0.0001410570611164
          0.0000000000000000           0.0000000000000000           0.0000000000000000
          0.0000034004074154           0.0000155369577848           0.0000225769661454
          0.0000000000000000           0.0000000000000000           0.0000000000000000
          0.0411706650773573          -0.0185816513684399          -0.0325864399221608
          0.0248872163812993           0.0160562662867426           0.0322483344568562
          0.0000000000000000           0.0000000000000000           0.0000000000000000
          0.0207751091031071           0.0220495330392953           0.0298868685725701
          0.0990043319796323          -0.0091205029450314          -0.0376474771560403
          0.0000000000000000           0.0000000000000000           0.0000000000000000
          0.0516041895320740          -0.0273166243785482          -0.0278744356101548
          0.0706456668716812           0.0013599629333044           0.0287336020698211
          0.0000000000000000           0.0000000000000000           0.0000000000000000
          0.0108130775835732           0.0539457444369208           0.0970721813793029
          0.2188798980683474          -0.0489935755302447          -0.1110580211559781
          0.0000000000000000           0.0000000000000000           0.0000000000000000
          0.0379818920134663          -0.0183316250041451          -0.0310813716777694
          0.0173386231761482           0.0088092641840632           0.0199331470810862
          0.0000000000000000           0.0000000000000000           0.0000000000000000
          0.0164245228640939           0.0109879967027696           0.0136420571159884
          0.0914742065789728          -0.0234965207868150          -0.0548117762046529
          0.0000000000000000           0.0000000000000000           0.0000000000000000
          0.0459062965644842          -0.0243612385126380          -0.0258590939092104
          0.0493831524508139           0.0000241967147309           0.0247839204559231
          0.0000000000000000           0.0000000000000000           0.0000000000000000
          0.0027915582657373           0.0342780049011899           0.0635877636783078
          0.1976543192564647          -0.0645873732270251          -0.1247059261155550
          0.0000000000000000           0.0000000000000000           0.0000000000000000
          0.0138573593947649          -0.0000461570831953          -0.0023753759636206
          0.0815592794584321          -0.0339873475931277          -0.0637970528533260
          0.0000000000000000           0.0000000000000000           0.0000000000000000
         -0.0003410272354019           0.0132197310484738           0.0265276867194840
          0.1672827602231463          -0.0720798225081185          -0.1235681355011757
          0.0000000000000000           0.0000000000000000           0.0000000000000000
          0.0134517255481827          -0.0057973150948734          -0.0101171772769934
          0.0680605970783250          -0.0335154042379535          -0.0560654761780766
          0.0000000000000000           0.0000000000000000           0.0000000000000000
          0.0033556836821625          -0.0000044235075936           0.0024244232557593
          0.1304793395049162          -0.0632438878993873          -0.0999197048686594
          0.0000000000000000           0.0000000000000000           0.0000000000000000
         -0.0383964386130066           0.0290339453979968           0.0589882000042537
          0.4557130691576682          -0.2103702722710772          -0.2635851990642028
          0.0000000000000000           0.0000000000000000           0.0000000000000000
        128.2886081914487306         -30.8468192505087870         -19.8233726066188183
        452.2440768275387200        -226.6020247003035593         275.9448462420002670
          0.0000000000000000           0.0000000000000000           0.0000000000000000
          0.0120327531512303          -0.0063246126235863          -0.0095947054236152
          0.0479690015244831          -0.0239866935281006          -0.0361974947122777
          0.0000000000000000           0.0000000000000000           0.0000000000000000
          0.0079352271202996          -0.0048960417630880          -0.0064065858569734
          0.0859717149765871          -0.0421923477715234          -0.0616109372724245
          0.0000000000000000           0.0000000000000000           0.0000000000000000
         -0.0154675679042308           0.0050154866548371           0.0108606262828890
          0.2644468883595363          -0.1263295159634427          -0.1596467566163946
          0.0000000000000000           0.0000000000000000           0.0000000000000000
         26.5139121328739513         -10.9254416067346014           0.1564735530642145
        153.0590277168715261         -87.4273375918831022          88.2937855224530921
          0.0000000000000000           0.0000000000000000           0.0000000000000000
          0.0060833013712887          -0.0029075689073405          -0.0035438245820387
          0.0184010142646669          -0.0085230874088029          -0.0107867389514434
          0.0000000000000000           0.0000000000000000           0.0000000000000000
          0.0063792793525002          -0.0032330979871127          -0.0036844428173769
          0.0307345234443027          -0.0141121241354993          -0.0178143181190760
          0.0000000000000000           0.0000000000000000           0.0000000000000000
          0.0040055887434794          -0.0031282529452564          -0.0030050945023143
          0.0825308303887895          -0.0382818914023983          -0.0460529471682615
          0.0000000000000000           0.0000000000000000           0.0000000000000000
         -1.5227613731894498           0.6564458441223110           0.5848624753955304
         20.5258141021727738         -13.6399941331387922           4.0542326557127319
          0.0000000000000000           0.0000000000000000           0.0000000000000000
   0
          0.0000000000000000           0.0000000000000000           0.0000000000000000
          0.0000000000000000           0.0000000000000000           0.0000000000000000
         -0.0000000000000000           0.0000000000000000          -0.0000000000000000
          0.0000000000000000           0.0000000000000000           0.0000000000000000
          0.0000000000000001           0.0000000000000001          -0.0000000000000000
          0.0000000000000000           0.0000000000000000           0.0000000000000000
         -0.0000000000000001           0.0000000000000000           0.0000000000000000
          0.0000000000000000           0.0000000000000000           0.0000000000000000
          0.0000000000000001           0.0000000000000000          -0.0000000000000000
          0.0000000000000000           0.0000000000000000           0.0000000000000000
          0.0000000000000000           0.0000000000000000           0.0000000000000000
          0.0000000000000000           0.0000000000000000           0.0000000000000000
         -0.0000000000000000           0.0000000000000000          -0.0000000000000000
          0.0000000000000000           0.0000000000000000           0.0000000000000000
         -0.0000000000000000          -0.0000000000000000           0.0000000000000000
          0.0000000000000000           0.0000000000000000           0.0000000000000000
          0.0000000000000006           0.0000000000000003          -0.0000000000000004
         -0.0043147078526874           0.0270649259154065           0.0394033461438452
          0.0000000000000000           0.0000000000000000           0.0000000000000000
          0.0000000000000000           0.0000000000000002          -0.0000000000000009
          0.0662604820331534          -0.0235970442445507          -0.0421029174934367
          0.0000000000000000           0.0000000000000000           0.0000000000000000
          0.0000000000000009           0.0000000000000004           0.0000000000000000
          0.0344624010615303           0.0200089483202235           0.0452430697160165
          0.0000000000000000           0.0000000000000000           0.0000000000000000
          0.0000000000000007           0.0000000000000003           0.0000000000000005
          0.1756127808332121          -0.0813149919996895          -0.1177694575585481
          0.0000000000000000           0.0000000000000000           0.0000000000000000
          0.0000000000000003           0.0000000000000005           0.0000000000000000
         -0.0078267623963862           0.0189525225479648           0.0258007564232482
          0.0000000000000000           0.0000000000000000           0.0000000000000000
          0.0000000000000011           0.0000000000000002           0.0000000000000001
          0.0622331772739470          -0.0262961508493419          -0.0432400709850297
          0.0000000000000000           0.0000000000000000           0.0000000000000000
          0.0000000000000003          -0.0000000000000003          -0.0000000000000001
          0.0212838877061595           0.0138662137015125           0.0334684884831367
          0.0000000000000000           0.0000000000000000           0.0000000000000000
         -0.0000000000000026           0.0000000000000006          -0.0000000000000020
          0.1614037670468270          -0.0766311330930999          -0.1046131663334181
          0.0000000000000000           0.0000000000000000           0.0000000000000000
          0.0000000000000000           0.0000000000000002          -0.0000000000000000
          0.0555848650120301          -0.0264137907717645          -0.0393501743853550
          0.0000000000000000           0.0000000000000000           0.0000000000000000
         -0.0000000000000003           0.0000000000000001           0.0000000000000008
          0.1368138181515775          -0.0656556651703621          -0.0816374027867981
          0.0000000000000000           0.0000000000000000           0.0000000000000000
          0.0000000000000001           0.0000000000000000          -0.0000000000000002
          0.0452598597414270          -0.0222076379632356          -0.0299285598976468
          0.0000000000000000           0.0000000000000000           0.0000000000000000
          0.0000000000000003          -0.0000000000000001          -0.0000000000000007
          0.1035720516059134          -0.0492141822863020          -0.0550381505123492
          0.0000000000000000           0.0000000000000000           0.0000000000000000
          0.0000000000000011          -0.0000000000000008           0.0000000000000006
          0.4361388894445692          -0.2024502017078533          -0.1710957760182651
          0.0000000000000000           0.0000000000000000           0.0000000000000000
         -0.0000000000008221           0.0000000000001150          -0.0000000000000542
        437.4787664433679311        -237.8880955003176325          23.4201354261713206
          0.0000000000000000           0.0000000000000000           0.0000000000000000
          0.0000000000000002           0.0000000000000000          -0.0000000000000000
          0.0304917898178435          -0.0146702596214475          -0.0177711288070736
          0.0000000000000000           0.0000000000000000           0.0000000000000000
         -0.0000000000000002          -0.0000000000000001          -0.0000000000000002
          0.0642671379213229          -0.0298277314920387          -0.0300017317727777
          0.0000000000000000           0.0000000000000000           0.0000000000000000
         -0.0000000000000004          -0.0000000000000002           0.0000000000000004
          0.2397278843094247          -0.1098074773169606          -0.0838373595164545
          0.0000000000000000           0.0000000000000000           0.0000000000000000
         -0.0000000000000063           0.0000000000000431          -0.0000000000001698
        150.2110270123095290         -83.5396288629418677          14.3614032540228358
          0.0000000000000000           0.0000000000000000           0.0000000000000000
         -0.0000000000000000           0.0000000000000000           0.0000000000000000
          0.0108863904249824          -0.0049319050195935          -0.0051030562589830
          0.0000000000000000           0.0000000000000000           0.0000000000000000
         -0.0000000000000000           0.0000000000000000           0.0000000000000000
          0.0206514462621724          -0.0092319665365165          -0.0081815059641143
          0.0000000000000000           0.0000000000000000           0.0000000000000000
          0.0000000000000001           0.0000000000000001           0.0000000000000001
          0.0662823375669220          -0.0302381462778504          -0.0213795810681587
          0.0000000000000000           0.0000000000000000           0.0000000000000000
         -0.0000000000000081           0.0000000000000195           0.0000000000000039
         22.5374732140047058         -11.8643183091174382           0.1869018883510645
          0.0000000000000000           0.0000000000000000           0.0000000000000000
