1  82   2   1   2   -6.355527   0.000000
  0 
./DATA/100/00/GA/G000/M023/
0
          4.1855194475582671
          2.7746544205785755
          1.8214158088448600
          1.0217570621133907
          0.4274093976158289
          0.1195883789339894
          0.0061030380519822
          0.0000197394836659
          1.2562610827583052
          3.5337019333325546
          0.4412962974856703
          2.7187371480599198
          0.8538706960490173
          2.4068490214764102
          0.2973525625576162
          1.8503308879850096
          1.2674904113661440
          0.9730512830048760
          0.5356109720902892
          0.4103732371527929
          0.2575830900210035
          0.0345075906311490
          0.1651105602236686
          0.1261715411038886
          0.0783212335616592
          0.0093256425028815
          0.0175231417858901
          0.0133363626926414
          0.0081376969676389
          0.0008014653034161
          5.3946637933868864
          3.8235148587183030
          2.7001175124666146
          1.6805450472972052
          0.8214314886862888
          0.2856828110314812
          0.0237661334219490
          0.0001939152919568
          5.2648964349617717
         16.7043922703424990
          1.8920827980838344
         13.3315786334645701
          3.7787780439891971
         12.0465329117444657
          1.3333394373440930
          9.6010943050993749
          6.9770793672828813
          5.5462598817591138
          3.3507138197406818
          2.6532973229718433
          1.7647708093275531
          0.3156147773404602
          1.2346842675743563
          0.9725348002751127
          0.6343713770994331
          0.0971091290917863
          0.1893605569891212
          0.1479453315533397
          0.0935627683956528
          0.0106379839103713
          3.4878430385029655
          7.4968013141491729
          1.5070106799123821
          5.5159689555585851
          2.5095335502340479
          5.4031219276327880
          1.0711950028468025
          3.9647833802455423
          3.1289331197281056
          2.2861765593224757
          1.5044785790590387
          1.0935780167672813
          0.6325703290648974
          0.0733366187023821
          0.5561670768006499
          0.4018934132401545
          0.2266566655432158
          0.0214596598579525
          0.0858671768750434
          0.0615444933313410
          0.0333668191441317
          0.0021429692548666
1
          4.1855194475582671
          2.7746544205785755
          1.8214158088448598
          1.0217570621133907
          0.4274093976158288
          0.1195883789339894
          0.0061030380519822
          0.0000197394836659
          1.2562610827583054
          3.5337019333325541
          0.4412962974856703
          2.7187371480599203
          0.8538706960490172
          2.4068490214764111
          0.2973525625576159
          1.8503308879850098
          1.2674904113661445
          0.9730512830048762
          0.5356109720902891
          0.4103732371527929
          0.2575830900210035
          0.0345075906311490
          0.1651105602236685
          0.1261715411038886
          0.0783212335616592
          0.0093256425028815
          0.0175231417858901
          0.0133363626926414
          0.0081376969676389
          0.0008014653034161
          5.3946637933868855
          3.8235148587183034
          2.7001175124666141
          1.6805450472972052
          0.8214314886862892
          0.2856828110314813
          0.0237661334219490
          0.0001939152919568
          5.2648964349617744
         16.7043922703424990
          1.8920827980838324
         13.3315786334645683
          3.7787780439891985
         12.0465329117444746
          1.3333394373440941
          9.6010943050993660
          6.9770793672828892
          5.5462598817591138
          3.3507138197406818
          2.6532973229718406
          1.7647708093275518
          0.3156147773404602
          1.2346842675743546
          0.9725348002751124
          0.6343713770994325
          0.0971091290917863
          0.1893605569891212
          0.1479453315533397
          0.0935627683956527
          0.0106379839103713
          3.4878430385029673
          7.4968013141491676
          1.5070106799123832
          5.5159689555585922
          2.5095335502340470
          5.4031219276327871
          1.0711950028468025
          3.9647833802455406
          3.1289331197281056
          2.2861765593224770
          1.5044785790590376
          1.0935780167672813
          0.6325703290648979
          0.0733366187023821
          0.5561670768006497
          0.4018934132401545
          0.2266566655432158
          0.0214596598579525
          0.0858671768750434
          0.0615444933313410
          0.0333668191441317
          0.0021429692548666
   0    2 -0.019100  0.265583  0.509100 
          0.0000000000000001           0.0000000000000000          -0.0000000000000001
         -0.0000000000000000           0.0000000000000000          -0.0000000000000001
          0.0000000000000000           0.0000000000000000          -0.0000000000000000
          0.0000000000000000           0.0000000000000000          -0.0000000000000000
         -0.0000000000000000           0.0000000000000000           0.0000000000000000
          0.0000000000000000           0.0000000000000000           0.0000000000000000
          0.0000000000000000          -0.0000000000000000          -0.0000000000000000
         -0.0000000000000000          -0.0000000000000000          -0.0000000000000000
         -0.0000000000000001          -0.0000000000000000          -0.0000000000000000
         -0.0000000000000000          -0.0000000000000006          -0.0000000000000002
          0.0000000000000000          -0.0000000000000000          -0.0000000000000001
          0.0000000000000001           0.0000000000000005          -0.0000000000000001
          0.0000000000000000          -0.0000000000000001           0.0000000000000001
          0.0000000000000001          -0.0000000000000003           0.0000000000000001
         -0.0000000000000000          -0.0000000000000000           0.0000000000000000
          0.0000000000000001          -0.0000000000000003           0.0000000000000001
          0.0000000000000000           0.0000000000000002           0.0000000000000000
          0.0000000000000000           0.0000000000000001          -0.0000000000000000
         -0.0000000000000000           0.0000000000000000           0.0000000000000000
          0.0000000000000000          -0.0000000000000000          -0.0000000000000000
          0.0000000000000000          -0.0000000000000000          -0.0000000000000000
         -0.0000000000000000          -0.0000000000000000          -0.0000000000000000
         -0.0000000000000000           0.0000000000000000          -0.0000000000000000
         -0.0000000000000000           0.0000000000000000          -0.0000000000000000
         -0.0000000000000000          -0.0000000000000000          -0.0000000000000000
          0.0000000000000000          -0.0000000000000000           0.0000000000000000
         -0.0000000000000000          -0.0000000000000000          -0.0000000000000000
         -0.0000000000000000          -0.0000000000000000           0.0000000000000000
         -0.0000000000000000          -0.0000000000000000          -0.0000000000000000
          0.0000000000000000          -0.0000000000000000           0.0000000000000000
         -0.0257543428772410          -0.0125040402186417          -0.0111406700819351
         -0.0074058932746425          -0.0044494272478327          -0.0061983255782314
         -0.0048222289122965          -0.0006458369563437           0.0010950728327529
         -0.0121502116757158           0.0008483191838306           0.0030421002211746
         -0.0219779717694412          -0.0026149746785365          -0.0085135216222728
         -0.0180201225573452          -0.0088764847163659          -0.0226683635143164
         -0.0013708686652007          -0.0050379021697723          -0.0111417960756254
          0.0001066360408120          -0.0001632166516800          -0.0003497420329815
         -0.0165961327808410          -0.0097131352364796          -0.0276601250508330
         -0.0198498568263977          -0.0077077660693587          -0.0033516047280192
          0.0009661019876647          -0.0033035443725988          -0.0168562379781776
         -0.0022876220578928          -0.0012981752054791           0.0074522823446354
         -0.0162358597662524          -0.0097514717560551          -0.0267956496001788
         -0.0068132094967017           0.0015403116322511           0.0179896492982936
          0.0003754116667128          -0.0050601217071960          -0.0203226279862909
          0.0097980619362624           0.0062316616811114           0.0244626709121802
         -0.0023016845875783           0.0095267130121917           0.0360572255998183
          0.0134993597606461           0.0124837805979102           0.0387310632040041
         -0.0060260494880503           0.0129171199161913           0.0382809624157736
          0.0080451796023486           0.0145827925719413           0.0390995834374514
          0.0209921267137408           0.0069690282290860           0.0211753391458897
         -0.0159857417290265          -0.0125223225878687          -0.0152721817506715
         -0.0093414850680116           0.0116788967945296           0.0262735815671060
          0.0009334462636788           0.0123794713651600           0.0265080867229711
          0.0107497596773210           0.0077996048939785           0.0173164569205957
         -0.0054676249992763          -0.0047633102787064          -0.0046614872898299
         -0.0060650912788526           0.0052957740646544           0.0070545887872549
         -0.0021543824781748           0.0053392630329612           0.0071937635609586
          0.0018548485228754           0.0038582692451768           0.0053326299505258
         -0.0003350868427102          -0.0005169261304963          -0.0002546058356182
         -0.0295528862821071           0.0067022533681196           0.0268451632675873
         -0.0068931033251313          -0.0241231546739582          -0.0578568930464412
         -0.0372284678548673          -0.0088042101455066          -0.0030107461169543
         -0.0145686848978921          -0.0396296181875831          -0.0877128024309830
         -0.0302211935532403           0.0083257223516231           0.0272298032770424
          0.0071721242902847          -0.0165368824754275          -0.0360358035789277
         -0.0339884761736356          -0.0059278175652802          -0.0015700499380085
          0.0034048416698900          -0.0307904223923305          -0.0648356567939793
          0.0103787340685109          -0.0086265853238120          -0.0110605526347539
          0.0122989050655319          -0.0203091276321596          -0.0353048595596025
          0.0025665370367989          -0.0023088259719129           0.0047182140093252
          0.0085967322088598          -0.0106200881700378          -0.0119547611761406
          0.0096384636253981          -0.0137179001508528          -0.0230550068968229
         -0.0069344931876130           0.0031179401289357           0.0021506853928964
         -0.0057102175485399           0.0018625994914619           0.0087474772351018
          0.0008220613751145          -0.0029394555690801           0.0003262737267226
          0.0052981493476880          -0.0061787375044494          -0.0073706209266560
         -0.0016841244661855           0.0002829314195245          -0.0004262626716338
         -0.0059691856331122           0.0023241823752501           0.0035830871181740
         -0.0029368606399546           0.0009014659218806           0.0020213892965174
          0.0000731099623218          -0.0005605985442903          -0.0000284693994549
          0.0000647060888856          -0.0001737894148212          -0.0003075406449401
   1
          0.0000000000000000           0.0000000000000000           0.0000000000000000
          0.0000000000000000           0.0000000000000000           0.0000000000000000
          0.0000000000000000           0.0000000000000000           0.0000000000000000
          0.0000000000000000           0.0000000000000000           0.0000000000000000
          0.0000000000000000           0.0000000000000000           0.0000000000000000
          0.0000000000000000           0.0000000000000000           0.0000000000000000
          0.0000000000000000           0.0000000000000000           0.0000000000000000
          0.0000000000000000           0.0000000000000000           0.0000000000000000
          0.0000000000000000           0.0000000000000000           0.0000000000000000
          0.0000000000000000           0.0000000000000000           0.0000000000000000
          0.0000000000000000           0.0000000000000000           0.0000000000000000
          0.0000000000000000           0.0000000000000000           0.0000000000000000
          0.0000000000000000           0.0000000000000000           0.0000000000000000
          0.0000000000000000           0.0000000000000000           0.0000000000000000
          0.0000000000000000           0.0000000000000000           0.0000000000000000
          0.0000000000000000           0.0000000000000000           0.0000000000000000
          0.0000000000000000           0.0000000000000000           0.0000000000000000
          0.0000000000000000           0.0000000000000000           0.0000000000000000
          0.0000000000000000           0.0000000000000000           0.0000000000000000
          0.0000000000000000           0.0000000000000000           0.0000000000000000
          0.0000000000000000           0.0000000000000000           0.0000000000000000
          0.0000000000000000           0.0000000000000000           0.0000000000000000
          0.0000000000000000           0.0000000000000000           0.0000000000000000
          0.0000000000000000           0.0000000000000000           0.0000000000000000
          0.0000000000000000           0.0000000000000000           0.0000000000000000
          0.0000000000000000           0.0000000000000000           0.0000000000000000
          0.0000000000000000           0.0000000000000000           0.0000000000000000
          0.0000000000000000           0.0000000000000000           0.0000000000000000
          0.0000000000000000           0.0000000000000000           0.0000000000000000
          0.0000000000000000           0.0000000000000000           0.0000000000000000
         -0.0257543428772410          -0.0125040402186417          -0.0111406700819351
         -0.0074058932746424          -0.0044494272478327          -0.0061983255782315
         -0.0048222289122965          -0.0006458369563437           0.0010950728327528
         -0.0121502116757158           0.0008483191838306           0.0030421002211745
         -0.0219779717694412          -0.0026149746785365          -0.0085135216222728
         -0.0180201225573452          -0.0088764847163659          -0.0226683635143164
         -0.0013708686652007          -0.0050379021697723          -0.0111417960756254
          0.0001066360408120          -0.0001632166516800          -0.0003497420329815
         -0.0303707931502912          -0.0327623402539785          -0.0822182572068590
         -0.0425211860641845          -0.0020794623577005           0.0201947976491566
         -0.0582858988929169          -0.0188737129002699          -0.0566285619868564
         -0.0704362918068096           0.0118091649960122           0.0457844928691573
         -0.0107208030962268          -0.0260127564767190          -0.0625607248601975
         -0.0353773354296817           0.0095904362291133           0.0449487242564255
         -0.0366063066994912          -0.0179707972939470          -0.0529452395501937
         -0.0612628390329469           0.0176323954118861           0.0545642095664303
         -0.0398653734724011           0.0183528663838329           0.0611041249409211
         -0.0570872760489368           0.0203280526260323           0.0560014336846958
         -0.0471156008453883           0.0204478028650230           0.0557823561809677
         -0.0530396058720696           0.0186027529422379           0.0447889560214742
         -0.0561377642915270           0.0000072543217432          -0.0005879336346433
         -0.0294027283193359          -0.0370251762225593          -0.0686932271068126
         -0.0428624483186850           0.0168610088070216           0.0346979936088500
         -0.0408288661074730           0.0137985378041146           0.0256369443548781
         -0.0337681260335002           0.0020720339268225           0.0007162084606512
         -0.0101206449842068          -0.0158436848800669          -0.0290758534573675
         -0.0196566016710451           0.0073053091023896           0.0081159734741409
         -0.0164943314484182           0.0055992814969910           0.0053560719203110
         -0.0109081272841459           0.0018776751969726          -0.0002399986392203
         -0.0010757626031038          -0.0025971647838504          -0.0048867537721138
         -0.0295528862821074           0.0067022533681190           0.0268451632675871
         -0.0068931033251321          -0.0241231546739583          -0.0578568930464408
         -0.0372284678548674          -0.0088042101455061          -0.0030107461169538
         -0.0145686848978917          -0.0396296181875855          -0.0877128024309833
         -0.0302211935532406           0.0083257223516230           0.0272298032770420
          0.0071721242902842          -0.0165368824754300          -0.0360358035789274
         -0.0339884761736354          -0.0059278175652801          -0.0015700499380088
          0.0034048416698899          -0.0307904223923291          -0.0648356567939795
          0.0103787340685115          -0.0086265853238109          -0.0110605526347545
          0.0122989050655322          -0.0203091276321591          -0.0353048595596028
          0.0025665370367988          -0.0023088259719140           0.0047182140093250
          0.0085967322088600          -0.0106200881700377          -0.0119547611761409
          0.0096384636253981          -0.0137179001508529          -0.0230550068968229
         -0.0069344931876129           0.0031179401289358           0.0021506853928964
         -0.0057102175485399           0.0018625994914618           0.0087474772351018
          0.0008220613751146          -0.0029394555690802           0.0003262737267226
          0.0052981493476879          -0.0061787375044493          -0.0073706209266559
         -0.0016841244661855           0.0002829314195245          -0.0004262626716338
         -0.0059691856331122           0.0023241823752501           0.0035830871181740
         -0.0029368606399546           0.0009014659218806           0.0020213892965174
          0.0000731099623218          -0.0005605985442903          -0.0000284693994549
          0.0000647060888856          -0.0001737894148212          -0.0003075406449401
   0
         -0.0000000000000001           0.0000000000000000           0.0000000000000001
          0.0000000000000000           0.0000000000000000           0.0000000000000001
         -0.0000000000000000           0.0000000000000000           0.0000000000000000
         -0.0000000000000000          -0.0000000000000000           0.0000000000000000
          0.0000000000000000           0.0000000000000000          -0.0000000000000000
         -0.0000000000000000          -0.0000000000000000          -0.0000000000000000
          0.0000000000000000           0.0000000000000000           0.0000000000000000
          0.0000000000000000           0.0000000000000000           0.0000000000000000
         -0.0000000000000001           0.0000000000000004          -0.0000000000000002
          0.0000000000000001          -0.0000000000000001           0.0000000000000003
         -0.0000000000000000          -0.0000000000000001           0.0000000000000001
          0.0000000000000002           0.0000000000000004          -0.0000000000000005
          0.0000000000000000           0.0000000000000000           0.0000000000000000
          0.0000000000000001           0.0000000000000003          -0.0000000000000004
          0.0000000000000000           0.0000000000000001           0.0000000000000000
         -0.0000000000000002           0.0000000000000003          -0.0000000000000001
         -0.0000000000000001           0.0000000000000001          -0.0000000000000001
         -0.0000000000000001          -0.0000000000000001           0.0000000000000001
          0.0000000000000000          -0.0000000000000000           0.0000000000000001
         -0.0000000000000000          -0.0000000000000000           0.0000000000000000
         -0.0000000000000000          -0.0000000000000000          -0.0000000000000000
         -0.0000000000000000           0.0000000000000000          -0.0000000000000000
          0.0000000000000000           0.0000000000000000           0.0000000000000000
          0.0000000000000000          -0.0000000000000000          -0.0000000000000000
          0.0000000000000000          -0.0000000000000000          -0.0000000000000000
         -0.0000000000000000          -0.0000000000000000           0.0000000000000000
          0.0000000000000000           0.0000000000000000          -0.0000000000000000
          0.0000000000000000          -0.0000000000000000           0.0000000000000000
          0.0000000000000000          -0.0000000000000000          -0.0000000000000000
          0.0000000000000000           0.0000000000000000           0.0000000000000000
          0.0000000000000000           0.0000000000000000           0.0000000000000000
          0.0000000000000000           0.0000000000000000           0.0000000000000000
          0.0000000000000000           0.0000000000000000           0.0000000000000000
          0.0000000000000000           0.0000000000000000           0.0000000000000000
          0.0000000000000000           0.0000000000000000           0.0000000000000000
          0.0000000000000000           0.0000000000000000           0.0000000000000000
          0.0000000000000000           0.0000000000000000           0.0000000000000000
          0.0000000000000000           0.0000000000000000           0.0000000000000000
         -0.0137746603694508          -0.0230492050174986          -0.0545581321560254
         -0.0226713292377863           0.0056283037116602           0.0235464023771764
         -0.0592520008805814          -0.0155701685276713          -0.0397723240086777
         -0.0681486697489175           0.0131073402014893           0.0383322105245226
          0.0055150566700255          -0.0162612847206639          -0.0357650752600183
         -0.0285641259329807           0.0080501245968614           0.0269590749581318
         -0.0369817183662041          -0.0129106755867515          -0.0326226115639028
         -0.0710609009692101           0.0114007337307732           0.0301015386542472
         -0.0375636888848226           0.0088261533716410           0.0250468993411033
         -0.0705866358095826           0.0078442720281209           0.0172703704806931
         -0.0410895513573379           0.0075306829488323           0.0175013937651942
         -0.0610847854744180           0.0040199603702962           0.0056893725840225
         -0.0771298910052679          -0.0069617739073431          -0.0217632727805332
         -0.0134169865903094          -0.0245028536346906          -0.0534210453561411
         -0.0335209632506733           0.0051821120124921           0.0084244120417441
         -0.0417623123711518           0.0014190664389544          -0.0008711423680930
         -0.0445178857108212          -0.0057275709671557          -0.0166002484599446
         -0.0046530199849304          -0.0110803746013605          -0.0244143661675375
         -0.0135915103921924           0.0020095350377352           0.0010613846868861
         -0.0143399489702435           0.0002600184640298          -0.0018376916406475
         -0.0127629758070213          -0.0019805940482042          -0.0055726285897461
         -0.0007406757603936          -0.0020802386533540          -0.0046321479364956
          0.0000000000000000           0.0000000000000000           0.0000000000000000
          0.0000000000000000           0.0000000000000000           0.0000000000000000
          0.0000000000000000           0.0000000000000000           0.0000000000000000
          0.0000000000000000           0.0000000000000000           0.0000000000000000
          0.0000000000000000           0.0000000000000000           0.0000000000000000
          0.0000000000000000           0.0000000000000000           0.0000000000000000
          0.0000000000000000           0.0000000000000000           0.0000000000000000
          0.0000000000000000           0.0000000000000000           0.0000000000000000
          0.0000000000000000           0.0000000000000000           0.0000000000000000
          0.0000000000000000           0.0000000000000000           0.0000000000000000
          0.0000000000000000           0.0000000000000000           0.0000000000000000
          0.0000000000000000           0.0000000000000000           0.0000000000000000
          0.0000000000000000           0.0000000000000000           0.0000000000000000
          0.0000000000000000           0.0000000000000000           0.0000000000000000
          0.0000000000000000           0.0000000000000000           0.0000000000000000
          0.0000000000000000           0.0000000000000000           0.0000000000000000
          0.0000000000000000           0.0000000000000000           0.0000000000000000
          0.0000000000000000           0.0000000000000000           0.0000000000000000
          0.0000000000000000           0.0000000000000000           0.0000000000000000
          0.0000000000000000           0.0000000000000000           0.0000000000000000
          0.0000000000000000           0.0000000000000000           0.0000000000000000
          0.0000000000000000           0.0000000000000000           0.0000000000000000
