1  82   2   1   2   -5.990706   0.000000
  0 
./DATA/100/00/GA/G007/M028/
0
          5.1069730982676296
          3.5181384348280571
          2.4511036546851530
          1.5282432666005226
          0.7670002753103653
          0.2807733407875602
          0.0265622351423958
          0.0002998570679313
          2.5215895732759463
          6.7852811121623740
          1.1118269986745382
          5.3755185375609678
          1.8217466665236473
          4.9300497150711626
          0.7867686140377724
          3.8950716625852864
          2.9230832887129092
          2.2975651899088252
          1.4707842895407799
          1.1477283766759361
          0.7565826875270432
          0.1651841237178914
          0.5850449098395996
          0.4524825275280068
          0.2898123629368973
          0.0513203566094244
          0.1031146517332288
          0.0788177637858638
          0.0485099335266883
          0.0059464816130298
          6.4736968976680505
          4.4732604852378897
          3.0704270783503462
          1.8411556457375675
          0.8633613833607001
          0.2926294636880837
          0.0248872764393067
          0.0002382430919046
          8.8941238541001635
         23.3751040355901836
          3.5515576789683041
         18.0325378604583193
          6.4464613393379429
         16.8321830926565887
          2.5552557552197008
         12.9409775085383121
          9.7847706160788608
          7.4812693193338191
          4.7774360137279235
          3.6278590574259124
          2.2871779568285291
          0.4050222326562228
          1.8336158758209906
          1.3816086349044714
          0.8474423833926031
          0.1252263145977930
          0.3158135358327813
          0.2356608384602193
          0.1385412964329868
          0.0141231021331486
          4.0162599011124627
         12.1183540437327135
          1.5752323496211540
          9.6773264922414057
          2.8429785845197770
          8.7963436314774821
          1.0830921926046959
          7.0364572395623997
          5.1702427850019257
          4.1419132591188266
          2.5506022533599864
          2.0427260237182345
          1.3742332623531661
          0.2343316866726820
          0.9857586394514342
          0.7869513396341792
          0.5204694315942728
          0.0772346568530533
          0.1696732484889930
          0.1341961119423015
          0.0858890133930219
          0.0096170780048641
1
          5.1069730982676296
          3.5181384348280571
          2.4511036546851530
          1.5282432666005226
          0.7670002753103653
          0.2807733407875602
          0.0265622351423958
          0.0002998570679313
          2.5215895732759463
          6.7852811121623740
          1.1118269986745382
          5.3755185375609678
          1.8217466665236473
          4.9300497150711626
          0.7867686140377724
          3.8950716625852864
          2.9230832887129092
          2.2975651899088252
          1.4707842895407799
          1.1477283766759361
          0.7565826875270432
          0.1651841237178914
          0.5850449098395996
          0.4524825275280068
          0.2898123629368973
          0.0513203566094244
          0.1031146517332288
          0.0788177637858638
          0.0485099335266883
          0.0059464816130298
          6.4736968976680513
          4.4732604852378879
          3.0704270783503462
          1.8411556457375675
          0.8633613833607001
          0.2926294636880836
          0.0248872764393067
          0.0002382430919046
          8.8941238541001546
         23.3751040355901871
          3.5515576789683059
         18.0325378604583477
          6.4464613393379429
         16.8321830926565781
          2.5552557552197013
         12.9409775085383334
          9.7847706160788768
          7.4812693193338262
          4.7774360137279190
          3.6278590574259115
          2.2871779568285238
          0.4050222326562224
          1.8336158758209913
          1.3816086349044725
          0.8474423833926027
          0.1252263145977930
          0.3158135358327805
          0.2356608384602193
          0.1385412964329868
          0.0141231021331486
          4.0162599011124600
         12.1183540437327171
          1.5752323496211540
          9.6773264922414146
          2.8429785845197766
          8.7963436314774714
          1.0830921926046957
          7.0364572395623961
          5.1702427850019292
          4.1419132591188266
          2.5506022533599904
          2.0427260237182363
          1.3742332623531655
          0.2343316866726820
          0.9857586394514339
          0.7869513396341801
          0.5204694315942729
          0.0772346568530533
          0.1696732484889930
          0.1341961119423015
          0.0858890133930220
          0.0096170780048641
   0    2  0.501805  0.472853  0.058191 
          0.0000000000000001          -0.0000000000000001          -0.0000000000000001
         -0.0000000000000001          -0.0000000000000000          -0.0000000000000000
         -0.0000000000000001           0.0000000000000000          -0.0000000000000000
         -0.0000000000000001          -0.0000000000000000           0.0000000000000001
         -0.0000000000000000           0.0000000000000000           0.0000000000000000
          0.0000000000000000          -0.0000000000000000           0.0000000000000000
         -0.0000000000000000          -0.0000000000000000          -0.0000000000000000
         -0.0000000000000000          -0.0000000000000000          -0.0000000000000000
          0.0000000000000002           0.0000000000000000           0.0000000000000001
          0.0000000000000006           0.0000000000000001          -0.0000000000000005
          0.0000000000000003          -0.0000000000000001           0.0000000000000001
         -0.0000000000000001           0.0000000000000000           0.0000000000000000
         -0.0000000000000005           0.0000000000000000          -0.0000000000000004
         -0.0000000000000007           0.0000000000000001          -0.0000000000000003
         -0.0000000000000000           0.0000000000000000           0.0000000000000000
         -0.0000000000000002          -0.0000000000000000           0.0000000000000001
         -0.0000000000000003          -0.0000000000000000          -0.0000000000000002
          0.0000000000000001          -0.0000000000000001           0.0000000000000001
         -0.0000000000000000           0.0000000000000000           0.0000000000000001
         -0.0000000000000001           0.0000000000000000           0.0000000000000001
          0.0000000000000000           0.0000000000000000          -0.0000000000000000
          0.0000000000000000           0.0000000000000000           0.0000000000000000
          0.0000000000000002          -0.0000000000000000           0.0000000000000001
          0.0000000000000000          -0.0000000000000000          -0.0000000000000001
          0.0000000000000000          -0.0000000000000000          -0.0000000000000000
          0.0000000000000000          -0.0000000000000000           0.0000000000000000
          0.0000000000000000          -0.0000000000000000           0.0000000000000000
         -0.0000000000000000          -0.0000000000000000          -0.0000000000000000
         -0.0000000000000000          -0.0000000000000000          -0.0000000000000000
         -0.0000000000000000          -0.0000000000000000           0.0000000000000000
          0.0132290698661037           0.0443606593769121           0.0302513189245348
         -0.0071859430729634           0.0107227170228573           0.0010651650672205
         -0.0062265156596732           0.0047998205174414          -0.0041850500530573
         -0.0047490546259465           0.0064591845837257          -0.0049680286863466
         -0.0158086440704297          -0.0023755616574594          -0.0107133876380432
         -0.0275089602752636          -0.0197925485754706          -0.0129712127318743
         -0.0111875346425763          -0.0109763377397678          -0.0021690290053772
         -0.0003127339989766          -0.0003041668887279          -0.0000098460241466
         -0.0584824339199893          -0.0158924413075235          -0.0257911162453753
         -0.0338985307788878           0.0686161485950050          -0.0105232101664365
         -0.0078813188584183          -0.0030145568606493           0.0028662060157642
          0.0167025842826872           0.0814940330418799           0.0181341120947023
         -0.0547297763802594          -0.0242656784744604          -0.0249943118306568
         -0.0130943273845684           0.0538450718051446          -0.0146154631082734
         -0.0146198514503665          -0.0165940703298282           0.0000324024546599
          0.0270155975453241           0.0615166799497772           0.0104112511770452
          0.0177262640854556           0.0521925829948416          -0.0039124105984880
          0.0460982451228717           0.0537165328109897           0.0157377890142426
          0.0356376404322349           0.0531493520712998           0.0088308350839945
          0.0553341883531302           0.0513688168574144           0.0232843641653490
          0.0393716201336486           0.0201293979060037           0.0204133618379647
         -0.0507457549982797          -0.0217814921218447          -0.0256717629359976
          0.0314246034576259           0.0403404205135666           0.0104591556923888
          0.0444985131253034           0.0389907877733116           0.0200860195524547
          0.0368275773182156           0.0220129952404004           0.0194153677804121
         -0.0194949964397596          -0.0090673265599241          -0.0097113639637185
          0.0103930057135543           0.0106782417767258           0.0018955357102453
          0.0157496140064245           0.0117310934337246           0.0057001791606727
          0.0151179386973716           0.0090711211473616           0.0068801749157789
         -0.0021622215293114          -0.0010194369193401          -0.0007774350506685
          0.0095909350700012           0.0533201957185017          -0.0099611849580006
         -0.1019718997688736          -0.0005964884310191          -0.0263531414538082
         -0.0221222595114545           0.0187689227073184          -0.0194227107126836
         -0.1336850943503282          -0.0351477614422023          -0.0358146672084908
          0.0141221414836502           0.0513890197480869          -0.0069775170024050
         -0.0819462452484751          -0.0218096264174013          -0.0326322579365246
         -0.0151680440876095           0.0195027054144900          -0.0150927288747227
         -0.1112364308197336          -0.0536959407509983          -0.0407474698088415
         -0.0478354766463760          -0.0194600913208598          -0.0238460322736347
         -0.0713210510202849          -0.0467688997975191          -0.0295960263135057
         -0.0197821422965527          -0.0009157799146187          -0.0102462569217018
         -0.0348441938855644          -0.0208531608630252          -0.0127453647652335
         -0.0361691694316924          -0.0277985927014964          -0.0129457801249801
          0.0059859969492891           0.0005060175727617          -0.0057653622888757
         -0.0066960665657334           0.0102703765026519          -0.0038533786307798
         -0.0133351665118591          -0.0001386731097739          -0.0034461941525859
         -0.0153170420248708          -0.0070492475096361          -0.0027481678259716
          0.0007333881803770          -0.0035132380290729          -0.0024568111892180
         -0.0031888307479063           0.0033939163688874          -0.0034423578704106
         -0.0038574057427516           0.0023034701256846          -0.0022015522940622
         -0.0037519020151748           0.0013574216536822          -0.0007431465288417
         -0.0002397746309452          -0.0007014484712003          -0.0000251854323935
   0
         -0.0000000000000001           0.0000000000000001           0.0000000000000001
          0.0000000000000001           0.0000000000000000           0.0000000000000000
          0.0000000000000001          -0.0000000000000000           0.0000000000000000
          0.0000000000000001           0.0000000000000000          -0.0000000000000001
          0.0000000000000000          -0.0000000000000000          -0.0000000000000000
         -0.0000000000000000           0.0000000000000000          -0.0000000000000000
          0.0000000000000000           0.0000000000000000           0.0000000000000000
          0.0000000000000000           0.0000000000000000           0.0000000000000000
          0.0000000000000007           0.0000000000000002           0.0000000000000000
          0.0000000000000005          -0.0000000000000002           0.0000000000000010
         -0.0000000000000001          -0.0000000000000000          -0.0000000000000007
          0.0000000000000006          -0.0000000000000001          -0.0000000000000003
         -0.0000000000000002           0.0000000000000001           0.0000000000000003
          0.0000000000000010           0.0000000000000001          -0.0000000000000000
          0.0000000000000000           0.0000000000000000           0.0000000000000002
          0.0000000000000002          -0.0000000000000001          -0.0000000000000000
         -0.0000000000000002          -0.0000000000000002           0.0000000000000003
         -0.0000000000000007           0.0000000000000001           0.0000000000000000
          0.0000000000000003          -0.0000000000000000           0.0000000000000003
         -0.0000000000000001          -0.0000000000000001          -0.0000000000000000
         -0.0000000000000000           0.0000000000000000          -0.0000000000000000
         -0.0000000000000000           0.0000000000000000          -0.0000000000000000
         -0.0000000000000001           0.0000000000000000           0.0000000000000002
          0.0000000000000001          -0.0000000000000000           0.0000000000000000
         -0.0000000000000000          -0.0000000000000000          -0.0000000000000001
         -0.0000000000000000          -0.0000000000000000           0.0000000000000000
          0.0000000000000000          -0.0000000000000000           0.0000000000000000
         -0.0000000000000000          -0.0000000000000000          -0.0000000000000000
         -0.0000000000000000          -0.0000000000000000           0.0000000000000000
         -0.0000000000000000           0.0000000000000000           0.0000000000000000
          0.0000000000000000           0.0000000000000000           0.0000000000000000
          0.0000000000000000           0.0000000000000000           0.0000000000000000
          0.0000000000000000           0.0000000000000000           0.0000000000000000
          0.0000000000000000           0.0000000000000000           0.0000000000000000
          0.0000000000000000           0.0000000000000000           0.0000000000000000
          0.0000000000000000           0.0000000000000000           0.0000000000000000
          0.0000000000000000           0.0000000000000000           0.0000000000000000
          0.0000000000000000           0.0000000000000000           0.0000000000000000
         -0.0641065524949177          -0.0088304018447557          -0.0101242191376532
         -0.0282744122039565           0.0615541091322384          -0.0261901072741538
         -0.0637628321791873           0.0141809856955054          -0.0255571528456243
         -0.0279306918882252           0.0845654966724981          -0.0416230409821250
         -0.0515885957179542          -0.0237325663435462          -0.0173999952582225
         -0.0162355080468686           0.0533119596742299          -0.0222097796807101
         -0.0640096713192792          -0.0097766708258120          -0.0355189807609034
         -0.0286565836481995           0.0672678551919656          -0.0403287651833905
         -0.0099677957020575           0.0454534305509630          -0.0195940409209698
         -0.0346999361734493           0.0445010141384765          -0.0407343250771156
         -0.0132450841435393           0.0343946686712640          -0.0202712613589526
         -0.0404586266433545           0.0223772546136716          -0.0397236848190048
         -0.0824517484841788          -0.0099190890543702          -0.0583682482178626
         -0.0543729066519570          -0.0563951002761688          -0.0133700959326059
         -0.0172676489774696           0.0174362190634877          -0.0197092105522889
         -0.0368267233843339           0.0042104640846529          -0.0319019487923817
         -0.0585373441207829          -0.0165812817713474          -0.0386288074945497
         -0.0254616883540457          -0.0246136658891991          -0.0040304103259401
         -0.0111869650663255          -0.0012403323853055          -0.0106058975209570
         -0.0171998178304936          -0.0060119092801863          -0.0132075978275229
         -0.0213735468373138          -0.0104213341528851          -0.0127729800087173
         -0.0056474395406942          -0.0042710273405965          -0.0006457509680288
          0.0000000000000000           0.0000000000000000           0.0000000000000000
          0.0000000000000000           0.0000000000000000           0.0000000000000000
          0.0000000000000000           0.0000000000000000           0.0000000000000000
          0.0000000000000000           0.0000000000000000           0.0000000000000000
          0.0000000000000000           0.0000000000000000           0.0000000000000000
          0.0000000000000000           0.0000000000000000           0.0000000000000000
          0.0000000000000000           0.0000000000000000           0.0000000000000000
          0.0000000000000000           0.0000000000000000           0.0000000000000000
          0.0000000000000000           0.0000000000000000           0.0000000000000000
          0.0000000000000000           0.0000000000000000           0.0000000000000000
          0.0000000000000000           0.0000000000000000           0.0000000000000000
          0.0000000000000000           0.0000000000000000           0.0000000000000000
          0.0000000000000000           0.0000000000000000           0.0000000000000000
          0.0000000000000000           0.0000000000000000           0.0000000000000000
          0.0000000000000000           0.0000000000000000           0.0000000000000000
          0.0000000000000000           0.0000000000000000           0.0000000000000000
          0.0000000000000000           0.0000000000000000           0.0000000000000000
          0.0000000000000000           0.0000000000000000           0.0000000000000000
          0.0000000000000000           0.0000000000000000           0.0000000000000000
          0.0000000000000000           0.0000000000000000           0.0000000000000000
          0.0000000000000000           0.0000000000000000           0.0000000000000000
          0.0000000000000000           0.0000000000000000           0.0000000000000000
   1
          0.0000000000000000           0.0000000000000000           0.0000000000000000
          0.0000000000000000           0.0000000000000000           0.0000000000000000
          0.0000000000000000           0.0000000000000000           0.0000000000000000
          0.0000000000000000           0.0000000000000000           0.0000000000000000
          0.0000000000000000           0.0000000000000000           0.0000000000000000
          0.0000000000000000           0.0000000000000000           0.0000000000000000
          0.0000000000000000           0.0000000000000000           0.0000000000000000
          0.0000000000000000           0.0000000000000000           0.0000000000000000
          0.0000000000000000           0.0000000000000000           0.0000000000000000
          0.0000000000000000           0.0000000000000000           0.0000000000000000
          0.0000000000000000           0.0000000000000000           0.0000000000000000
          0.0000000000000000           0.0000000000000000           0.0000000000000000
          0.0000000000000000           0.0000000000000000           0.0000000000000000
          0.0000000000000000           0.0000000000000000           0.0000000000000000
          0.0000000000000000           0.0000000000000000           0.0000000000000000
          0.0000000000000000           0.0000000000000000           0.0000000000000000
          0.0000000000000000           0.0000000000000000           0.0000000000000000
          0.0000000000000000           0.0000000000000000           0.0000000000000000
          0.0000000000000000           0.0000000000000000           0.0000000000000000
          0.0000000000000000           0.0000000000000000           0.0000000000000000
          0.0000000000000000           0.0000000000000000           0.0000000000000000
          0.0000000000000000           0.0000000000000000           0.0000000000000000
          0.0000000000000000           0.0000000000000000           0.0000000000000000
          0.0000000000000000           0.0000000000000000           0.0000000000000000
          0.0000000000000000           0.0000000000000000           0.0000000000000000
          0.0000000000000000           0.0000000000000000           0.0000000000000000
          0.0000000000000000           0.0000000000000000           0.0000000000000000
          0.0000000000000000           0.0000000000000000           0.0000000000000000
          0.0000000000000000           0.0000000000000000           0.0000000000000000
          0.0000000000000000           0.0000000000000000           0.0000000000000000
          0.0132290698661035           0.0443606593769121           0.0302513189245347
         -0.0071859430729629           0.0107227170228573           0.0010651650672205
         -0.0062265156596732           0.0047998205174413          -0.0041850500530575
         -0.0047490546259465           0.0064591845837257          -0.0049680286863466
         -0.0158086440704298          -0.0023755616574594          -0.0107133876380432
         -0.0275089602752636          -0.0197925485754706          -0.0129712127318743
         -0.0111875346425763          -0.0109763377397678          -0.0021690290053772
         -0.0003127339989766          -0.0003041668887279          -0.0000098460241466
         -0.1225889864149067          -0.0247228431522793          -0.0359153353830282
         -0.0621729429828401           0.1301702577272424          -0.0367133174405875
         -0.0716441510376067           0.0111664288348565          -0.0226909468298610
         -0.0112281076055379           0.1660595297143775          -0.0234889288874222
         -0.1063183720982081          -0.0479982448180067          -0.0423943070888769
         -0.0293298354314394           0.1071570314793756          -0.0368252427889791
         -0.0786295227696457          -0.0263707411556396          -0.0354865783062433
         -0.0016409861028749           0.1287845351417421          -0.0299175140063457
          0.0077584683833936           0.0976460135458048          -0.0235064515194573
          0.0113983089494235           0.0982175469494659          -0.0249965360628773
          0.0223925562886971           0.0875440207425638          -0.0114404262749571
          0.0148755617097769           0.0737460714710857          -0.0164393206536570
         -0.0430801283505304           0.0102103088516328          -0.0379548863798976
         -0.1051186616502367          -0.0781765923980135          -0.0390418588686035
          0.0141569544801555           0.0577766395770541          -0.0092500548598992
          0.0076717897409696           0.0432012518579647          -0.0118159292399267
         -0.0217097668025672           0.0054317134690530          -0.0192134397141374
         -0.0449566847938053          -0.0336809924491232          -0.0137417742896585
         -0.0007939593527711           0.0094379093914202          -0.0087103618107119
         -0.0014502038240692           0.0057191841535382          -0.0075074186668502
         -0.0062556081399422          -0.0013502130055236          -0.0058928050929384
         -0.0078096610700056          -0.0052904642599366          -0.0014231860186973
          0.0095909350700000           0.0533201957185019          -0.0099611849580010
         -0.1019718997688698          -0.0005964884310190          -0.0263531414538054
         -0.0221222595114543           0.0187689227073186          -0.0194227107126834
         -0.1336850943503293          -0.0351477614422028          -0.0358146672084917
          0.0141221414836494           0.0513890197480869          -0.0069775170024046
         -0.0819462452484735          -0.0218096264174015          -0.0326322579365233
         -0.0151680440876096           0.0195027054144893          -0.0150927288747225
         -0.1112364308197359          -0.0536959407509988          -0.0407474698088435
         -0.0478354766463781          -0.0194600913208596          -0.0238460322736336
         -0.0713210510202867          -0.0467688997975193          -0.0295960263135053
         -0.0197821422965541          -0.0009157799146186          -0.0102462569217020
         -0.0348441938855655          -0.0208531608630254          -0.0127453647652334
         -0.0361691694316926          -0.0277985927014964          -0.0129457801249798
          0.0059859969492892           0.0005060175727616          -0.0057653622888758
         -0.0066960665657336           0.0102703765026520          -0.0038533786307795
         -0.0133351665118586          -0.0001386731097739          -0.0034461941525856
         -0.0153170420248708          -0.0070492475096362          -0.0027481678259712
          0.0007333881803770          -0.0035132380290728          -0.0024568111892180
         -0.0031888307479063           0.0033939163688874          -0.0034423578704106
         -0.0038574057427516           0.0023034701256846          -0.0022015522940623
         -0.0037519020151749           0.0013574216536822          -0.0007431465288417
         -0.0002397746309452          -0.0007014484712003          -0.0000251854323935
