1  82   2   1   2   -5.746829   0.000000
  0 
./DATA/100/00/GA/G010/M024/
0
          4.8249521444972991
          3.1421312018896965
          2.0336973858888023
          1.1340308332502127
          0.4904344336007750
          0.1583229247967308
          0.0142257417199680
          0.0001539232771619
          1.7341040390805982
          4.7295613095125946
          0.6937410257792935
          3.6891982962112859
          1.1469081863665891
          3.1259518240232116
          0.4599460009591319
          2.4389896386157535
          1.5547918408517210
          1.2132706410045992
          0.6005564393346096
          0.4684667319722153
          0.3149550135137558
          0.0796572600796665
          0.1603265498269371
          0.1249051774400281
          0.0836763803132280
          0.0209160122230228
          0.0123673228714492
          0.0095999546512692
          0.0063627654948007
          0.0015119251737103
          5.7473447115407028
          4.1788514982626985
          3.0181623611989727
          1.9256612494705456
          0.9725773331828907
          0.3600788799053570
          0.0376617194443181
          0.0005343920361006
          6.2730924426356607
         21.1722315263122418
          2.1670090345257402
         17.0661481182022925
          4.5984476614603134
         15.4509354822104275
          1.5759193580581672
         12.4284071788082731
          9.1279105568675138
          7.3156771791491071
          4.5010651305942568
          3.5898417282759563
          2.4425633413115713
          0.4702620369131092
          1.7178632493886021
          1.3615800372769578
          0.9145354257232694
          0.1591585770209911
          0.2798083293700316
          0.2196436297564318
          0.1444534930689857
          0.0213834573192035
          4.7033858339069550
          9.0192761505669754
          2.1597173678853308
          6.4756076845453654
          3.4066162981671257
          6.6180752736682411
          1.5477009176695817
          4.7591598931707049
          3.9498952473255482
          2.8494978894228220
          1.9763468005218647
          1.4325962231132063
          0.8534589822098958
          0.1152654331429810
          0.7687752906080538
          0.5608459820277012
          0.3354943267762869
          0.0422696735611450
          0.1288087648594539
          0.0948759727241601
          0.0570291587921337
          0.0064434933831355
1
          4.8249521444972983
          3.1421312018896970
          2.0336973858888028
          1.1340308332502123
          0.4904344336007749
          0.1583229247967309
          0.0142257417199680
          0.0001539232771619
          1.7341040390805980
          4.7295613095125937
          0.6937410257792938
          3.6891982962112850
          1.1469081863665895
          3.1259518240232129
          0.4599460009591320
          2.4389896386157539
          1.5547918408517210
          1.2132706410045995
          0.6005564393346097
          0.4684667319722154
          0.3149550135137558
          0.0796572600796665
          0.1603265498269371
          0.1249051774400281
          0.0836763803132280
          0.0209160122230228
          0.0123673228714492
          0.0095999546512692
          0.0063627654948007
          0.0015119251737103
          5.7473447115407019
          4.1788514982626976
          3.0181623611989719
          1.9256612494705456
          0.9725773331828907
          0.3600788799053571
          0.0376617194443181
          0.0005343920361006
          6.2730924426356536
         21.1722315263121743
          2.1670090345257402
         17.0661481182022783
          4.5984476614603071
         15.4509354822104150
          1.5759193580581661
         12.4284071788082873
          9.1279105568675245
          7.3156771791490964
          4.5010651305942542
          3.5898417282759585
          2.4425633413115717
          0.4702620369131095
          1.7178632493886024
          1.3615800372769595
          0.9145354257232691
          0.1591585770209910
          0.2798083293700315
          0.2196436297564319
          0.1444534930689856
          0.0213834573192035
          4.7033858339069532
          9.0192761505669807
          2.1597173678853330
          6.4756076845453627
          3.4066162981671262
          6.6180752736682456
          1.5477009176695808
          4.7591598931706978
          3.9498952473255482
          2.8494978894228247
          1.9763468005218647
          1.4325962231132054
          0.8534589822098962
          0.1152654331429809
          0.7687752906080534
          0.5608459820277012
          0.3354943267762869
          0.0422696735611450
          0.1288087648594538
          0.0948759727241601
          0.0570291587921337
          0.0064434933831355
   0    2 -0.528071  0.188289  1.006423 
          0.0000000000000000           0.0000000000000000           0.0000000000000000
          0.0000000000000001          -0.0000000000000000           0.0000000000000000
          0.0000000000000001           0.0000000000000000          -0.0000000000000000
          0.0000000000000001           0.0000000000000000           0.0000000000000000
         -0.0000000000000000          -0.0000000000000000          -0.0000000000000000
          0.0000000000000000           0.0000000000000000           0.0000000000000000
          0.0000000000000000          -0.0000000000000000           0.0000000000000000
          0.0000000000000000           0.0000000000000000          -0.0000000000000000
          0.0000000000000002          -0.0000000000000000           0.0000000000000002
         -0.0000000000000005           0.0000000000000000          -0.0000000000000001
          0.0000000000000000          -0.0000000000000000          -0.0000000000000000
         -0.0000000000000003           0.0000000000000002           0.0000000000000001
          0.0000000000000001          -0.0000000000000000          -0.0000000000000001
         -0.0000000000000008          -0.0000000000000002           0.0000000000000000
          0.0000000000000000           0.0000000000000000          -0.0000000000000000
          0.0000000000000000          -0.0000000000000000          -0.0000000000000000
         -0.0000000000000000          -0.0000000000000001          -0.0000000000000000
         -0.0000000000000002           0.0000000000000001           0.0000000000000000
         -0.0000000000000002          -0.0000000000000000          -0.0000000000000000
          0.0000000000000000           0.0000000000000000          -0.0000000000000000
          0.0000000000000000          -0.0000000000000000          -0.0000000000000000
         -0.0000000000000000           0.0000000000000000          -0.0000000000000000
         -0.0000000000000000          -0.0000000000000000           0.0000000000000000
         -0.0000000000000000          -0.0000000000000000           0.0000000000000000
         -0.0000000000000000          -0.0000000000000000          -0.0000000000000000
          0.0000000000000000           0.0000000000000000           0.0000000000000000
         -0.0000000000000000          -0.0000000000000000           0.0000000000000000
         -0.0000000000000000          -0.0000000000000000           0.0000000000000000
          0.0000000000000000           0.0000000000000000           0.0000000000000000
         -0.0000000000000000          -0.0000000000000000          -0.0000000000000000
         -0.0745881694888229           0.0076529705467892          -0.0345495792721665
         -0.0194822060833619          -0.0026219724436105          -0.0078477899778022
         -0.0039786082080378          -0.0019320824150547          -0.0049576849472776
         -0.0070234565454972           0.0008206369016748          -0.0234855300204254
         -0.0076306071646398          -0.0016481705914702          -0.0544596890775327
          0.0083888555782274          -0.0070426363801056          -0.0618264594780425
          0.0096341490104597          -0.0033177508448075          -0.0222080881583939
          0.0003553474050518          -0.0001767631194487          -0.0009713856057265
         -0.0149046884790336          -0.0001790603610009          -0.0613408061470799
         -0.0668444077788297          -0.0302425827520799           0.0223407364857213
         -0.0480021272645393           0.0132577560048904          -0.0360532761381658
         -0.0999418465643337          -0.0168057663861864           0.0476282664946358
         -0.0049923009617977          -0.0008731870627217          -0.0621169092263097
         -0.0250039501859235          -0.0216512087278954           0.0402718511424280
         -0.0317907768871190           0.0106301574556512          -0.0347573185423923
         -0.0518024261112455          -0.0101478642095232           0.0676314418263462
         -0.0128622926005146          -0.0057602245044864           0.0352029168423880
         -0.0295347771647962           0.0029219930424671           0.0644027140423306
         -0.0284955982039035           0.0073625828716627           0.0097153152458262
         -0.0357450992590729           0.0134996717978585           0.0375891439020837
         -0.0018851074241935           0.0110833967329569           0.0482863809609410
          0.0333036190528676          -0.0156020005192238          -0.0195092171261501
         -0.0406981882893575           0.0109597604861537          -0.0130062141470522
         -0.0419586422978822           0.0151709485025401           0.0087086933025701
         -0.0174062233212486           0.0130949850862170           0.0215462881113896
          0.0183693686546667          -0.0077357658856848          -0.0081199728170167
         -0.0263542118946746           0.0047431803989235          -0.0143110382024426
         -0.0254468891533320           0.0068731019133465          -0.0048997167442874
         -0.0156871112616989           0.0066856565431453           0.0024192323235496
          0.0038359293652658          -0.0013233218602450          -0.0014954427921460
         -0.0191267129596555          -0.0000470504816854          -0.0555424942663361
         -0.0626223832982036          -0.0303745926313956           0.0165424246049771
          0.0016563222238667           0.0016910779295837          -0.0907158703470570
         -0.0418393481146806          -0.0286364642201264          -0.0186309514757438
         -0.0233528085970467           0.0033584207157091          -0.0574093272420519
         -0.0066434425506753          -0.0258828165063269           0.0355642691581714
         -0.0019544403293632           0.0022276886431810          -0.0820556062015183
          0.0147549257170081          -0.0270135485788552           0.0109179901987053
          0.0202461359535468          -0.0132046546477291           0.0336751434353424
          0.0437260790630103          -0.0166409940651115           0.0251088249300166
          0.0095297835618869          -0.0005604937557877           0.0105334739514987
          0.0325253285879385          -0.0039631207941896           0.0157389190914223
          0.0508521154275414          -0.0078462053113310           0.0078810801097544
         -0.0245110139314178          -0.0028284951955427          -0.0076080353890155
         -0.0102242103663740           0.0046740772548122          -0.0126313756192900
          0.0072084355094912           0.0030542953340068          -0.0015686708199187
          0.0256897494731236           0.0000091460821938           0.0030810294056937
         -0.0029038440312337          -0.0027548049284670          -0.0019849351503907
         -0.0143077940634566           0.0017532219243021          -0.0156173156549910
         -0.0073950306484033           0.0019825628279073          -0.0088720912513409
          0.0015279129503231           0.0016106006294222          -0.0029423133118616
          0.0013589329868053          -0.0005665976314848           0.0000409670114426
   1
          0.0000000000000000           0.0000000000000000           0.0000000000000000
          0.0000000000000000           0.0000000000000000           0.0000000000000000
          0.0000000000000000           0.0000000000000000           0.0000000000000000
          0.0000000000000000           0.0000000000000000           0.0000000000000000
          0.0000000000000000           0.0000000000000000           0.0000000000000000
          0.0000000000000000           0.0000000000000000           0.0000000000000000
          0.0000000000000000           0.0000000000000000           0.0000000000000000
          0.0000000000000000           0.0000000000000000           0.0000000000000000
          0.0000000000000000           0.0000000000000000           0.0000000000000000
          0.0000000000000000           0.0000000000000000           0.0000000000000000
          0.0000000000000000           0.0000000000000000           0.0000000000000000
          0.0000000000000000           0.0000000000000000           0.0000000000000000
          0.0000000000000000           0.0000000000000000           0.0000000000000000
          0.0000000000000000           0.0000000000000000           0.0000000000000000
          0.0000000000000000           0.0000000000000000           0.0000000000000000
          0.0000000000000000           0.0000000000000000           0.0000000000000000
          0.0000000000000000           0.0000000000000000           0.0000000000000000
          0.0000000000000000           0.0000000000000000           0.0000000000000000
          0.0000000000000000           0.0000000000000000           0.0000000000000000
          0.0000000000000000           0.0000000000000000           0.0000000000000000
          0.0000000000000000           0.0000000000000000           0.0000000000000000
          0.0000000000000000           0.0000000000000000           0.0000000000000000
          0.0000000000000000           0.0000000000000000           0.0000000000000000
          0.0000000000000000           0.0000000000000000           0.0000000000000000
          0.0000000000000000           0.0000000000000000           0.0000000000000000
          0.0000000000000000           0.0000000000000000           0.0000000000000000
          0.0000000000000000           0.0000000000000000           0.0000000000000000
          0.0000000000000000           0.0000000000000000           0.0000000000000000
          0.0000000000000000           0.0000000000000000           0.0000000000000000
          0.0000000000000000           0.0000000000000000           0.0000000000000000
         -0.0745881694888228           0.0076529705467891          -0.0345495792721665
         -0.0194822060833620          -0.0026219724436106          -0.0078477899778023
         -0.0039786082080379          -0.0019320824150546          -0.0049576849472776
         -0.0070234565454972           0.0008206369016748          -0.0234855300204255
         -0.0076306071646399          -0.0016481705914703          -0.0544596890775327
          0.0083888555782274          -0.0070426363801056          -0.0618264594780425
          0.0096341490104597          -0.0033177508448075          -0.0222080881583939
          0.0003553474050518          -0.0001767631194487          -0.0009713856057265
         -0.0543976009205640          -0.0284435446161502          -0.0695283502493161
         -0.1091005915951524          -0.0323997416100158          -0.0084717890734010
         -0.1019958120656505          -0.0052269241394911          -0.1410275465873712
         -0.1566988027402370          -0.0091831211333573          -0.0799709854114561
          0.0042001868946786          -0.0277531045286492          -0.0333378333085652
         -0.0641926891901210          -0.0172956870525868          -0.0103522828591959
         -0.0384235366510422          -0.0135993935070121          -0.1001702349750008
         -0.1068164127358417          -0.0031419760309493          -0.0771846845256310
         -0.0530123789425985           0.0029391396792487          -0.0413609423714444
         -0.0761682824022639           0.0058921606659455          -0.0890428477023952
         -0.0666445743589750           0.0139327409130160          -0.0799216558068157
         -0.0667609672182508           0.0099293250754185          -0.1009908493777469
         -0.0055695397454924          -0.0061379649513807          -0.1410354177060806
          0.0520892034973588          -0.0179554352003140          -0.1272616715447518
         -0.0691287593932885           0.0113115091855364          -0.0910270942473576
         -0.0560506171478466           0.0064646330445706          -0.0908671416243805
         -0.0071221437376066          -0.0034864475188616          -0.0927007945352546
          0.0308783821402596          -0.0070970669811199          -0.0552326660476709
         -0.0381551842407693           0.0009268738316369          -0.0500200469162172
         -0.0280420571170404          -0.0003944108730920          -0.0432833538717846
         -0.0079553255019893          -0.0021302619338768          -0.0341526544135464
          0.0077459392926628          -0.0010936125712122          -0.0113432818800328
         -0.0191267129596553          -0.0000470504816858          -0.0555424942663353
         -0.0626223832982055          -0.0303745926313957           0.0165424246049780
          0.0016563222238675           0.0016910779295822          -0.0907158703470567
         -0.0418393481146817          -0.0286364642201242          -0.0186309514757434
         -0.0233528085970466           0.0033584207157087          -0.0574093272420519
         -0.0066434425506775          -0.0258828165063281           0.0355642691581710
         -0.0019544403293637           0.0022276886431810          -0.0820556062015182
          0.0147549257170074          -0.0270135485788540           0.0109179901987060
          0.0202461359535461          -0.0132046546477277           0.0336751434353419
          0.0437260790630104          -0.0166409940651116           0.0251088249300168
          0.0095297835618871          -0.0005604937557880           0.0105334739514989
          0.0325253285879380          -0.0039631207941894           0.0157389190914221
          0.0508521154275416          -0.0078462053113312           0.0078810801097547
         -0.0245110139314178          -0.0028284951955428          -0.0076080353890155
         -0.0102242103663739           0.0046740772548124          -0.0126313756192899
          0.0072084355094911           0.0030542953340069          -0.0015686708199187
          0.0256897494731239           0.0000091460821937           0.0030810294056937
         -0.0029038440312337          -0.0027548049284670          -0.0019849351503907
         -0.0143077940634567           0.0017532219243021          -0.0156173156549909
         -0.0073950306484034           0.0019825628279074          -0.0088720912513410
          0.0015279129503231           0.0016106006294222          -0.0029423133118616
          0.0013589329868053          -0.0005665976314848           0.0000409670114426
   0
         -0.0000000000000000           0.0000000000000000          -0.0000000000000000
         -0.0000000000000001           0.0000000000000000          -0.0000000000000000
         -0.0000000000000001           0.0000000000000000           0.0000000000000000
         -0.0000000000000001          -0.0000000000000000          -0.0000000000000000
          0.0000000000000000           0.0000000000000000           0.0000000000000000
          0.0000000000000000          -0.0000000000000000           0.0000000000000000
         -0.0000000000000000           0.0000000000000000          -0.0000000000000000
          0.0000000000000000          -0.0000000000000000           0.0000000000000000
         -0.0000000000000001           0.0000000000000000           0.0000000000000003
          0.0000000000000011           0.0000000000000001           0.0000000000000001
          0.0000000000000000           0.0000000000000000           0.0000000000000001
          0.0000000000000001           0.0000000000000000          -0.0000000000000002
         -0.0000000000000001          -0.0000000000000001          -0.0000000000000002
          0.0000000000000005          -0.0000000000000002          -0.0000000000000000
          0.0000000000000002          -0.0000000000000000           0.0000000000000001
          0.0000000000000003          -0.0000000000000001           0.0000000000000002
         -0.0000000000000001          -0.0000000000000001          -0.0000000000000003
          0.0000000000000001          -0.0000000000000001          -0.0000000000000001
          0.0000000000000000          -0.0000000000000001          -0.0000000000000001
          0.0000000000000000           0.0000000000000000           0.0000000000000000
          0.0000000000000000          -0.0000000000000000          -0.0000000000000000
          0.0000000000000000          -0.0000000000000000          -0.0000000000000000
         -0.0000000000000000           0.0000000000000000          -0.0000000000000000
         -0.0000000000000000           0.0000000000000000           0.0000000000000000
          0.0000000000000000           0.0000000000000000          -0.0000000000000000
          0.0000000000000000          -0.0000000000000000           0.0000000000000000
          0.0000000000000000           0.0000000000000000           0.0000000000000000
         -0.0000000000000000           0.0000000000000000          -0.0000000000000000
         -0.0000000000000000           0.0000000000000000          -0.0000000000000000
          0.0000000000000000           0.0000000000000000           0.0000000000000000
          0.0000000000000000           0.0000000000000000           0.0000000000000000
          0.0000000000000000           0.0000000000000000           0.0000000000000000
          0.0000000000000000           0.0000000000000000           0.0000000000000000
          0.0000000000000000           0.0000000000000000           0.0000000000000000
          0.0000000000000000           0.0000000000000000           0.0000000000000000
          0.0000000000000000           0.0000000000000000           0.0000000000000000
          0.0000000000000000           0.0000000000000000           0.0000000000000000
          0.0000000000000000           0.0000000000000000           0.0000000000000000
         -0.0394929124415326          -0.0282644842551457          -0.0081875441022365
         -0.0422561838163232          -0.0021571588579356          -0.0308125255591227
         -0.0539936848011114          -0.0184846801443812          -0.1049742704492049
         -0.0567569561759090           0.0076226452528285          -0.1275992519060920
          0.0091924878564769          -0.0268799174659286           0.0287790759177431
         -0.0391887390041984           0.0043555216753106          -0.0506241340016257
         -0.0066327597639237          -0.0242295509626632          -0.0654129164326085
         -0.0550139866245978           0.0070058881785751          -0.1448161263519773
         -0.0401500863420818           0.0086993641837346          -0.0765638592138319
         -0.0466335052374698           0.0029701676234789          -0.1534455617447254
         -0.0381489761550704           0.0065701580413533          -0.0896369710526412
         -0.0310158679591784          -0.0035703467224399          -0.1385799932798310
         -0.0036844323212994          -0.0172213616843372          -0.1893217986670220
          0.0187855844444912          -0.0023534346810902          -0.1077524544186016
         -0.0284305711039317           0.0003517486993825          -0.0780208801003055
         -0.0140919748499642          -0.0087063154579694          -0.0995758349269504
          0.0102840795836420          -0.0165814326050785          -0.1142470826466441
          0.0125090134855930           0.0006386989045649          -0.0471126932306542
         -0.0118009723460947          -0.0038163065672866          -0.0357090087137746
         -0.0025951679637083          -0.0072675127864385          -0.0383836371274971
          0.0077317857597095          -0.0088159184770221          -0.0365718867370961
          0.0039100099273970           0.0002297092890328          -0.0098478390878868
          0.0000000000000000           0.0000000000000000           0.0000000000000000
          0.0000000000000000           0.0000000000000000           0.0000000000000000
          0.0000000000000000           0.0000000000000000           0.0000000000000000
          0.0000000000000000           0.0000000000000000           0.0000000000000000
          0.0000000000000000           0.0000000000000000           0.0000000000000000
          0.0000000000000000           0.0000000000000000           0.0000000000000000
          0.0000000000000000           0.0000000000000000           0.0000000000000000
          0.0000000000000000           0.0000000000000000           0.0000000000000000
          0.0000000000000000           0.0000000000000000           0.0000000000000000
          0.0000000000000000           0.0000000000000000           0.0000000000000000
          0.0000000000000000           0.0000000000000000           0.0000000000000000
          0.0000000000000000           0.0000000000000000           0.0000000000000000
          0.0000000000000000           0.0000000000000000           0.0000000000000000
          0.0000000000000000           0.0000000000000000           0.0000000000000000
          0.0000000000000000           0.0000000000000000           0.0000000000000000
          0.0000000000000000           0.0000000000000000           0.0000000000000000
          0.0000000000000000           0.0000000000000000           0.0000000000000000
          0.0000000000000000           0.0000000000000000           0.0000000000000000
          0.0000000000000000           0.0000000000000000           0.0000000000000000
          0.0000000000000000           0.0000000000000000           0.0000000000000000
          0.0000000000000000           0.0000000000000000           0.0000000000000000
          0.0000000000000000           0.0000000000000000           0.0000000000000000
