1  82   2   1   2   -5.963916   0.000000
  0 
./DATA/100/00/GA/G004/M029/
0
          4.7569360927934650
          3.1749808363404477
          2.1270403961257198
          1.2549021515650844
          0.5906092890560627
          0.2092855165532221
          0.0218939770676973
          0.0003325498240695
          1.8537775536358265
          4.9992202525389162
          0.7916462545057591
          3.9370889534088436
          1.2788709031172294
          3.4565301331637412
          0.5422569035262051
          2.7199161335727182
          1.8756740512171786
          1.4727782667592719
          0.8320058797241802
          0.6506563694862457
          0.4332719318383637
          0.1177339599324455
          0.2773096216685823
          0.2154526201808874
          0.1404203643991662
          0.0342512063461698
          0.0350299122131978
          0.0269026256872594
          0.0168914964300545
          0.0032308058704388
          5.9564777007379828
          4.2132017617990352
          2.9645605748926989
          1.8316136746408624
          0.8827878412662319
          0.3005389513531475
          0.0239804574835227
          0.0001935262625831
          6.9774866359215322
         20.8126655506180462
          2.6071949888660635
         16.4423739035625829
          5.0735807901868046
         15.0653540109131754
          1.8738380133727313
         11.8656112340991111
          8.8129863537493094
          6.9042157660098793
          4.3181727001426111
          3.3584192912501902
          2.1778794699080897
          0.3586289612351546
          1.6510638300461005
          1.2721237932103404
          0.8039907610590743
          0.1117161543902777
          0.2762281583544030
          0.2097503247012405
          0.1271304543480437
          0.0129466224727194
          4.1169443782474469
          9.7781317150223312
          1.7497592753132654
          7.4109466120881589
          2.9454895296760131
          7.1239778708739765
          1.2287987395309707
          5.4072870807289330
          4.2132040021126702
          3.2054106026352964
          2.0938484125911891
          1.5975821466102718
          1.0157266195657491
          0.1696597238756896
          0.8145518258983268
          0.6236560512881905
          0.3940363566324530
          0.0589188100843900
          0.1397618446953843
          0.1076243406708868
          0.0674100295108111
          0.0082329317428124
1
          4.7569360927934641
          3.1749808363404477
          2.1270403961257198
          1.2549021515650844
          0.5906092890560627
          0.2092855165532221
          0.0218939770676973
          0.0003325498240695
          1.8537775536358265
          4.9992202525389162
          0.7916462545057591
          3.9370889534088436
          1.2788709031172294
          3.4565301331637412
          0.5422569035262051
          2.7199161335727182
          1.8756740512171786
          1.4727782667592719
          0.8320058797241802
          0.6506563694862457
          0.4332719318383637
          0.1177339599324455
          0.2773096216685823
          0.2154526201808874
          0.1404203643991662
          0.0342512063461698
          0.0350299122131978
          0.0269026256872594
          0.0168914964300545
          0.0032308058704388
          5.9564777007379819
          4.2132017617990360
          2.9645605748926993
          1.8316136746408624
          0.8827878412662320
          0.3005389513531474
          0.0239804574835226
          0.0001935262625831
          6.9774866359215242
         20.8126655506180498
          2.6071949888660639
         16.4423739035625864
          5.0735807901868082
         15.0653540109131807
          1.8738380133727308
         11.8656112340991093
          8.8129863537493076
          6.9042157660098873
          4.3181727001426120
          3.3584192912501893
          2.1778794699080892
          0.3586289612351545
          1.6510638300461020
          1.2721237932103406
          0.8039907610590742
          0.1117161543902777
          0.2762281583544029
          0.2097503247012402
          0.1271304543480437
          0.0129466224727195
          4.1169443782474469
          9.7781317150223384
          1.7497592753132654
          7.4109466120881580
          2.9454895296760126
          7.1239778708739774
          1.2287987395309696
          5.4072870807289348
          4.2132040021126729
          3.2054106026353009
          2.0938484125911891
          1.5975821466102715
          1.0157266195657491
          0.1696597238756895
          0.8145518258983272
          0.6236560512881910
          0.3940363566324528
          0.0589188100843900
          0.1397618446953842
          0.1076243406708868
          0.0674100295108111
          0.0082329317428124
   0    2  0.287524 -0.496516  0.780897 
          0.0000000000000000          -0.0000000000000000          -0.0000000000000001
         -0.0000000000000001          -0.0000000000000000          -0.0000000000000000
         -0.0000000000000001           0.0000000000000000          -0.0000000000000001
          0.0000000000000000          -0.0000000000000000           0.0000000000000001
          0.0000000000000000          -0.0000000000000000          -0.0000000000000000
          0.0000000000000000          -0.0000000000000000           0.0000000000000000
         -0.0000000000000000           0.0000000000000000          -0.0000000000000000
          0.0000000000000000           0.0000000000000000           0.0000000000000000
          0.0000000000000004           0.0000000000000000           0.0000000000000001
          0.0000000000000007           0.0000000000000000          -0.0000000000000004
         -0.0000000000000000          -0.0000000000000001          -0.0000000000000000
          0.0000000000000001           0.0000000000000002           0.0000000000000001
         -0.0000000000000001           0.0000000000000000          -0.0000000000000002
         -0.0000000000000001          -0.0000000000000001           0.0000000000000002
          0.0000000000000000           0.0000000000000000          -0.0000000000000000
         -0.0000000000000002           0.0000000000000000          -0.0000000000000004
          0.0000000000000001          -0.0000000000000000          -0.0000000000000001
          0.0000000000000000          -0.0000000000000000          -0.0000000000000001
          0.0000000000000002          -0.0000000000000001          -0.0000000000000000
         -0.0000000000000000           0.0000000000000001           0.0000000000000000
         -0.0000000000000000          -0.0000000000000000           0.0000000000000000
          0.0000000000000000           0.0000000000000000          -0.0000000000000000
         -0.0000000000000000          -0.0000000000000000          -0.0000000000000000
         -0.0000000000000000          -0.0000000000000000           0.0000000000000000
          0.0000000000000000          -0.0000000000000000           0.0000000000000000
          0.0000000000000000           0.0000000000000000          -0.0000000000000000
          0.0000000000000000          -0.0000000000000000          -0.0000000000000000
         -0.0000000000000000           0.0000000000000000          -0.0000000000000000
          0.0000000000000000          -0.0000000000000000          -0.0000000000000000
          0.0000000000000000          -0.0000000000000000           0.0000000000000000
         -0.0056727362411734          -0.0601375989271730           0.0127638464799087
         -0.0019893406176429          -0.0155596086916594           0.0025427268041550
         -0.0023808804938437           0.0192958155450798          -0.0146068559391189
         -0.0085231616869937           0.0485130047107014          -0.0398285397684677
         -0.0178318787108339           0.0617263280043231          -0.0625239802686069
         -0.0188649811645768           0.0495601969494353          -0.0593103071356920
         -0.0062831288783674           0.0131354899054011          -0.0187192547859459
         -0.0002183200969415           0.0003482939759780          -0.0005992713839032
         -0.0341475523557950           0.0824158516477981          -0.1023096089987161
          0.0182101208663080          -0.0796208333068002           0.0662579721925033
         -0.0232431536394766           0.0748759180666490          -0.0775073352678248
          0.0291145195826256          -0.0871607668879485           0.0910602459233997
         -0.0331911673776309           0.0781132930887977          -0.0975407199113019
          0.0208806857673603           0.0055436963236288           0.0297443731185881
         -0.0231710275088528           0.0593302888369148          -0.0688687788087158
          0.0309008256361408          -0.0132393079282530           0.0584163142211763
          0.0169576398137796           0.0795423585545626          -0.0139515921669586
          0.0263112862477810           0.0525823329754799           0.0173859532974750
          0.0070183388767767           0.1037769354196350          -0.0424488790006404
          0.0154255709069043           0.0768836744200547          -0.0132457312942310
          0.0141918968220161           0.0354322719094737           0.0054772309433686
         -0.0101605097975060          -0.0348184022028779           0.0055784284413006
         -0.0019593155040504           0.0837676355481649          -0.0458768931870573
          0.0042874428359997           0.0639291012388289          -0.0245144979523507
          0.0063970851322149           0.0362477836818467          -0.0077251379268259
         -0.0026071325218549          -0.0107279234297785           0.0022637997137881
         -0.0035002303044023           0.0327349554571490          -0.0216897128762560
         -0.0011935438809891           0.0251542750856989          -0.0137328947763299
          0.0004457159624035           0.0153113145011617          -0.0065070685159313
         -0.0000102074406772          -0.0005474520863775           0.0001962994004396
         -0.0128829401564984           0.1581072469526628          -0.1042767793316488
         -0.0030544913329877          -0.1553122286116658           0.0682251425254392
         -0.0314847545478961           0.0982029834802917          -0.1002069491036444
         -0.0216563057243863          -0.2152164920840368           0.0722949727534446
         -0.0133954591992866           0.1542341137782073          -0.1028648250204548
          0.0010849775890170          -0.0705771243657794           0.0350684782277430
         -0.0267813369743803           0.0888495250387528          -0.0884697627200468
         -0.0123009001860773          -0.1359617131052337           0.0494635405281506
          0.0001028419293566           0.0126171506001201          -0.0082795875877281
         -0.0062268687560815          -0.0507880917221283           0.0154482912582411
         -0.0058351381165288           0.0553243128541963          -0.0398687770491939
         -0.0064930867593610           0.0040877366567097          -0.0141149103524917
         -0.0049063165805540          -0.0216638456605800          -0.0000939703029672
          0.0029256068885008           0.0023821282273477           0.0068465633251488
         -0.0101612625079822           0.0569560830951117          -0.0467425917762940
         -0.0082526413921098           0.0243346664314359          -0.0268994652662495
         -0.0050540561119916           0.0014493060496608          -0.0112363670588930
          0.0015729274269973           0.0005769836836177           0.0030934219880489
         -0.0062893425362894           0.0259244876864765          -0.0233146083605541
         -0.0051129048220690           0.0152201925744012          -0.0159199566516604
         -0.0033474679275503           0.0056951744018867          -0.0086622231287462
          0.0001682673710231           0.0001797457895476           0.0000470118406114
   0
         -0.0000000000000000           0.0000000000000000           0.0000000000000001
          0.0000000000000001           0.0000000000000000           0.0000000000000000
          0.0000000000000001           0.0000000000000000           0.0000000000000001
         -0.0000000000000000           0.0000000000000000          -0.0000000000000001
         -0.0000000000000000           0.0000000000000000           0.0000000000000000
         -0.0000000000000000           0.0000000000000000          -0.0000000000000000
          0.0000000000000000          -0.0000000000000000           0.0000000000000000
         -0.0000000000000000          -0.0000000000000000          -0.0000000000000000
         -0.0000000000000002           0.0000000000000000          -0.0000000000000000
         -0.0000000000000008           0.0000000000000000          -0.0000000000000004
          0.0000000000000001          -0.0000000000000000           0.0000000000000000
         -0.0000000000000004          -0.0000000000000003           0.0000000000000001
          0.0000000000000003           0.0000000000000000          -0.0000000000000002
         -0.0000000000000007          -0.0000000000000002           0.0000000000000001
         -0.0000000000000001           0.0000000000000000           0.0000000000000001
         -0.0000000000000000           0.0000000000000001           0.0000000000000003
          0.0000000000000004           0.0000000000000000          -0.0000000000000004
          0.0000000000000001          -0.0000000000000001           0.0000000000000001
          0.0000000000000000           0.0000000000000001           0.0000000000000000
          0.0000000000000001          -0.0000000000000001          -0.0000000000000000
         -0.0000000000000000          -0.0000000000000000           0.0000000000000001
         -0.0000000000000000           0.0000000000000000           0.0000000000000000
          0.0000000000000000           0.0000000000000000           0.0000000000000001
         -0.0000000000000000          -0.0000000000000000           0.0000000000000000
         -0.0000000000000000           0.0000000000000000          -0.0000000000000000
         -0.0000000000000000          -0.0000000000000000          -0.0000000000000000
          0.0000000000000000          -0.0000000000000000          -0.0000000000000000
         -0.0000000000000000          -0.0000000000000000          -0.0000000000000000
          0.0000000000000000           0.0000000000000000          -0.0000000000000000
         -0.0000000000000000           0.0000000000000000           0.0000000000000000
          0.0000000000000000           0.0000000000000000           0.0000000000000000
          0.0000000000000000           0.0000000000000000           0.0000000000000000
          0.0000000000000000           0.0000000000000000           0.0000000000000000
          0.0000000000000000           0.0000000000000000           0.0000000000000000
          0.0000000000000000           0.0000000000000000           0.0000000000000000
          0.0000000000000000           0.0000000000000000           0.0000000000000000
          0.0000000000000000           0.0000000000000000           0.0000000000000000
          0.0000000000000000           0.0000000000000000           0.0000000000000000
          0.0036619116803272          -0.2035353278962783           0.1071241557156721
         -0.0195993431698127           0.2063303462372760          -0.1431757925218853
         -0.0243343018026307          -0.0901142641169662           0.0029512509212739
         -0.0475955566527716           0.3197514100165874          -0.2473486973162839
          0.0126199135590107          -0.1417545431911688           0.0924020491841796
         -0.0249303951692808           0.2254115326035971          -0.1601983959768988
         -0.0136180979906348          -0.0670643102324393           0.0103509825525422
         -0.0511684067189275           0.3001017655623260          -0.2422494626085347
         -0.0309823966972756           0.2203930925843414          -0.1666657482600665
         -0.0511950050615268           0.2537185504630885          -0.2178888677120442
         -0.0318468188750172           0.1809108139250029          -0.1472859898090208
         -0.0433806050638183           0.1871923510924001          -0.1706274972539567
         -0.0567130732002184           0.1808253865167410          -0.1928215372952506
         -0.0418271642994869           0.0736486624763565          -0.1101358784779183
         -0.0244110694323570           0.1177637892920155          -0.1021582946428604
         -0.0282354691431349           0.1125263674493810          -0.1071165107366250
         -0.0317122777174595           0.0982838894508043          -0.1078948028571317
         -0.0190106957107657           0.0314849955819238          -0.0496456868897417
         -0.0086563654761092           0.0399558280311944          -0.0357242543516558
         -0.0084491794313357           0.0354316773167880          -0.0339033532523378
         -0.0080812261125468           0.0276748941783599          -0.0300444120960992
         -0.0039046092325432           0.0062223204757959          -0.0102947998809331
          0.0000000000000000           0.0000000000000000           0.0000000000000000
          0.0000000000000000           0.0000000000000000           0.0000000000000000
          0.0000000000000000           0.0000000000000000           0.0000000000000000
          0.0000000000000000           0.0000000000000000           0.0000000000000000
          0.0000000000000000           0.0000000000000000           0.0000000000000000
          0.0000000000000000           0.0000000000000000           0.0000000000000000
          0.0000000000000000           0.0000000000000000           0.0000000000000000
          0.0000000000000000           0.0000000000000000           0.0000000000000000
          0.0000000000000000           0.0000000000000000           0.0000000000000000
          0.0000000000000000           0.0000000000000000           0.0000000000000000
          0.0000000000000000           0.0000000000000000           0.0000000000000000
          0.0000000000000000           0.0000000000000000           0.0000000000000000
          0.0000000000000000           0.0000000000000000           0.0000000000000000
          0.0000000000000000           0.0000000000000000           0.0000000000000000
          0.0000000000000000           0.0000000000000000           0.0000000000000000
          0.0000000000000000           0.0000000000000000           0.0000000000000000
          0.0000000000000000           0.0000000000000000           0.0000000000000000
          0.0000000000000000           0.0000000000000000           0.0000000000000000
          0.0000000000000000           0.0000000000000000           0.0000000000000000
          0.0000000000000000           0.0000000000000000           0.0000000000000000
          0.0000000000000000           0.0000000000000000           0.0000000000000000
          0.0000000000000000           0.0000000000000000           0.0000000000000000
   1
          0.0000000000000000           0.0000000000000000           0.0000000000000000
          0.0000000000000000           0.0000000000000000           0.0000000000000000
          0.0000000000000000           0.0000000000000000           0.0000000000000000
          0.0000000000000000           0.0000000000000000           0.0000000000000000
          0.0000000000000000           0.0000000000000000           0.0000000000000000
          0.0000000000000000           0.0000000000000000           0.0000000000000000
          0.0000000000000000           0.0000000000000000           0.0000000000000000
          0.0000000000000000           0.0000000000000000           0.0000000000000000
          0.0000000000000000           0.0000000000000000           0.0000000000000000
          0.0000000000000000           0.0000000000000000           0.0000000000000000
          0.0000000000000000           0.0000000000000000           0.0000000000000000
          0.0000000000000000           0.0000000000000000           0.0000000000000000
          0.0000000000000000           0.0000000000000000           0.0000000000000000
          0.0000000000000000           0.0000000000000000           0.0000000000000000
          0.0000000000000000           0.0000000000000000           0.0000000000000000
          0.0000000000000000           0.0000000000000000           0.0000000000000000
          0.0000000000000000           0.0000000000000000           0.0000000000000000
          0.0000000000000000           0.0000000000000000           0.0000000000000000
          0.0000000000000000           0.0000000000000000           0.0000000000000000
          0.0000000000000000           0.0000000000000000           0.0000000000000000
          0.0000000000000000           0.0000000000000000           0.0000000000000000
          0.0000000000000000           0.0000000000000000           0.0000000000000000
          0.0000000000000000           0.0000000000000000           0.0000000000000000
          0.0000000000000000           0.0000000000000000           0.0000000000000000
          0.0000000000000000           0.0000000000000000           0.0000000000000000
          0.0000000000000000           0.0000000000000000           0.0000000000000000
          0.0000000000000000           0.0000000000000000           0.0000000000000000
          0.0000000000000000           0.0000000000000000           0.0000000000000000
          0.0000000000000000           0.0000000000000000           0.0000000000000000
          0.0000000000000000           0.0000000000000000           0.0000000000000000
         -0.0056727362411733          -0.0601375989271729           0.0127638464799087
         -0.0019893406176429          -0.0155596086916595           0.0025427268041553
         -0.0023808804938437           0.0192958155450798          -0.0146068559391190
         -0.0085231616869937           0.0485130047107014          -0.0398285397684676
         -0.0178318787108340           0.0617263280043231          -0.0625239802686068
         -0.0188649811645769           0.0495601969494353          -0.0593103071356920
         -0.0062831288783674           0.0131354899054011          -0.0187192547859459
         -0.0002183200969415           0.0003482939759780          -0.0005992713839032
         -0.0304856406754673          -0.1211194762484815           0.0048145467169557
         -0.0013892223035066           0.1267095129304748          -0.0769178203293760
         -0.0475774554421057          -0.0152383460503166          -0.0745560843465524
         -0.0184810370701463           0.2325906431286394          -0.1562884513928849
         -0.0205712538186201          -0.0636412501023705          -0.0051386707271215
         -0.0040497094019189           0.2309552289272271          -0.1304540228583065
         -0.0367891254994890          -0.0077340213955241          -0.0585177962561739
         -0.0202675810827879           0.2868624576340721          -0.1838331483873586
         -0.0140247568834916           0.2999354511389044          -0.1806173404270233
         -0.0248837188137462           0.3063008834385691          -0.2005029144145676
         -0.0248284799982386           0.2846877493446379          -0.1897348688096603
         -0.0279550341569153           0.2640760255124548          -0.1838732285481877
         -0.0425211763782027           0.2162576584262147          -0.1873443063518807
         -0.0519876740969930           0.0388302602734785          -0.1045574500366176
         -0.0263703849364074           0.2015314248401807          -0.1480351878299168
         -0.0239480263071355           0.1764554686882102          -0.1316310086889756
         -0.0253151925852448           0.1345316731326510          -0.1156199407839577
         -0.0216178282326206           0.0207570721521454          -0.0473818871759537
         -0.0121565957805115           0.0726907834883433          -0.0574139672279116
         -0.0096427233123248           0.0605859524024868          -0.0476362480286677
         -0.0076355101501431           0.0429862086795217          -0.0365514806120305
         -0.0039148166732204           0.0056748683894184          -0.0100985004804934
         -0.0128829401564987           0.1581072469526628          -0.1042767793316488
         -0.0030544913329899          -0.1553122286116654           0.0682251425254410
         -0.0314847545478962           0.0982029834802916          -0.1002069491036437
         -0.0216563057243852          -0.2152164920840371           0.0722949727534444
         -0.0133954591992870           0.1542341137782073          -0.1028648250204546
          0.0010849775890197          -0.0705771243657788           0.0350684782277422
         -0.0267813369743805           0.0888495250387527          -0.0884697627200470
         -0.0123009001860762          -0.1359617131052335           0.0494635405281503
          0.0001028419293546           0.0126171506001197          -0.0082795875877275
         -0.0062268687560816          -0.0507880917221287           0.0154482912582424
         -0.0058351381165288           0.0553243128541959          -0.0398687770491933
         -0.0064930867593607           0.0040877366567095          -0.0141149103524917
         -0.0049063165805540          -0.0216638456605800          -0.0000939703029669
          0.0029256068885009           0.0023821282273477           0.0068465633251488
         -0.0101612625079825           0.0569560830951116          -0.0467425917762940
         -0.0082526413921098           0.0243346664314359          -0.0268994652662495
         -0.0050540561119915           0.0014493060496606          -0.0112363670588931
          0.0015729274269973           0.0005769836836177           0.0030934219880489
         -0.0062893425362894           0.0259244876864765          -0.0233146083605541
         -0.0051129048220690           0.0152201925744012          -0.0159199566516604
         -0.0033474679275503           0.0056951744018867          -0.0086622231287462
          0.0001682673710231           0.0001797457895476           0.0000470118406114
