1  82   2   1   2   -6.305867   0.000000
  0 
./DATA/100/00/GA/G014/M025/
0
          4.4739737000265691
          2.8751954745903867
          1.8158468181722591
          0.9581146974755337
          0.3614900804702995
          0.0858020478572814
          0.0028792826445673
          0.0000039845773531
          1.3812517436297558
          3.8657884419499386
          0.4949072584494315
          2.9794439567696149
          0.8961874075787698
          2.5074608896960537
          0.3216948630671563
          1.9329683451844397
          1.2021667455139065
          0.9269655402660960
          0.4379428457919494
          0.3377361791039981
          0.2197613167526089
          0.0307978914198858
          0.1065476192001784
          0.0821610914594709
          0.0534361011317356
          0.0074017143010584
          0.0067366673725392
          0.0051913082155089
          0.0033664490328383
          0.0004539161250481
          5.3327859795217050
          3.8575490621460449
          2.8039571248164847
          1.8203784241078103
          0.9373787403991916
          0.3418861625732510
          0.0308119341826265
          0.0003159700516603
          4.8288411498751396
         17.8980647090806322
          1.5977959180002173
         14.6670194772057023
          3.4660061828976603
         13.0492669135696016
          1.0990957659001213
         10.6823564965720674
          7.7122224061102669
          6.2986049551923466
          3.8126378550408808
          3.1021671665864630
          2.1155450630287724
          0.3686128484675422
          1.4602195118818739
          1.1820337115463904
          0.7914478224698355
          0.1159175671643237
          0.2374907344640393
          0.1908388226839005
          0.1247595862479632
          0.0138697131224804
          4.2405943177484851
          7.1228586117293933
          1.9815841910213459
          4.8638484850022516
          3.0990663160998753
          5.1585702321337639
          1.4337156702033467
          3.4932195862372377
          3.0268393961660265
          2.0255690659693260
          1.4912739273719473
          0.9863037509754590
          0.4794144101224309
          0.0459249946812905
          0.5726896627326853
          0.3751152779978183
          0.1743623797350484
          0.0111898302855543
          0.0942947418223916
          0.0613340750308455
          0.0271639885631397
          0.0007931817964024
1
          4.4739737000265700
          2.8751954745903872
          1.8158468181722591
          0.9581146974755336
          0.3614900804702995
          0.0858020478572814
          0.0028792826445673
          0.0000039845773531
          1.3812517436297553
          3.8657884419499386
          0.4949072584494316
          2.9794439567696158
          0.8961874075787697
          2.5074608896960542
          0.3216948630671562
          1.9329683451844397
          1.2021667455139060
          0.9269655402660960
          0.4379428457919494
          0.3377361791039980
          0.2197613167526089
          0.0307978914198858
          0.1065476192001784
          0.0821610914594710
          0.0534361011317356
          0.0074017143010584
          0.0067366673725392
          0.0051913082155089
          0.0033664490328383
          0.0004539161250481
          5.3327859795217041
          3.8575490621460440
          2.8039571248164847
          1.8203784241078103
          0.9373787403991916
          0.3418861625732510
          0.0308119341826265
          0.0003159700516603
          4.8288411498751334
         17.8980647090806215
          1.5977959180002164
         14.6670194772057165
          3.4660061828976647
         13.0492669135695980
          1.0990957659001213
         10.6823564965720692
          7.7122224061102669
          6.2986049551923484
          3.8126378550408764
          3.1021671665864652
          2.1155450630287715
          0.3686128484675422
          1.4602195118818755
          1.1820337115463915
          0.7914478224698350
          0.1159175671643237
          0.2374907344640395
          0.1908388226839005
          0.1247595862479631
          0.0138697131224804
          4.2405943177484922
          7.1228586117293942
          1.9815841910213472
          4.8638484850022534
          3.0990663160998726
          5.1585702321337630
          1.4337156702033476
          3.4932195862372390
          3.0268393961660278
          2.0255690659693264
          1.4912739273719462
          0.9863037509754592
          0.4794144101224310
          0.0459249946812905
          0.5726896627326854
          0.3751152779978181
          0.1743623797350486
          0.0111898302855543
          0.0942947418223916
          0.0613340750308455
          0.0271639885631396
          0.0007931817964024
   0    2 -0.048901 -1.539375  0.225370 
          0.0000000000000000           0.0000000000000000           0.0000000000000000
         -0.0000000000000000           0.0000000000000000           0.0000000000000000
         -0.0000000000000000          -0.0000000000000000          -0.0000000000000000
          0.0000000000000000          -0.0000000000000000          -0.0000000000000000
          0.0000000000000000          -0.0000000000000000           0.0000000000000000
          0.0000000000000000           0.0000000000000000           0.0000000000000000
          0.0000000000000000           0.0000000000000000          -0.0000000000000000
         -0.0000000000000000          -0.0000000000000000           0.0000000000000000
         -0.0000000000000000          -0.0000000000000001           0.0000000000000001
          0.0000000000000000           0.0000000000000002           0.0000000000000006
          0.0000000000000000          -0.0000000000000001           0.0000000000000000
          0.0000000000000000          -0.0000000000000002           0.0000000000000000
          0.0000000000000000          -0.0000000000000001           0.0000000000000000
         -0.0000000000000001          -0.0000000000000002           0.0000000000000001
         -0.0000000000000000          -0.0000000000000000          -0.0000000000000000
          0.0000000000000000           0.0000000000000000          -0.0000000000000001
         -0.0000000000000000          -0.0000000000000000          -0.0000000000000002
         -0.0000000000000000          -0.0000000000000000           0.0000000000000001
         -0.0000000000000000           0.0000000000000001          -0.0000000000000001
         -0.0000000000000000          -0.0000000000000000           0.0000000000000001
          0.0000000000000000           0.0000000000000000          -0.0000000000000001
         -0.0000000000000000          -0.0000000000000000          -0.0000000000000000
         -0.0000000000000000          -0.0000000000000000          -0.0000000000000000
         -0.0000000000000000           0.0000000000000000           0.0000000000000000
          0.0000000000000000           0.0000000000000000          -0.0000000000000000
         -0.0000000000000000          -0.0000000000000000           0.0000000000000000
          0.0000000000000000          -0.0000000000000000           0.0000000000000000
          0.0000000000000000          -0.0000000000000000          -0.0000000000000000
         -0.0000000000000000           0.0000000000000000           0.0000000000000000
          0.0000000000000000           0.0000000000000000           0.0000000000000000
         -0.0358946297070203           0.0757975073604273          -0.0166258836625699
         -0.0111168677975759           0.0136186813911164          -0.0039234906949881
         -0.0016346534917703           0.0105356012084762          -0.0021060679956798
         -0.0048106739814569           0.0533065881101595          -0.0107010674395896
         -0.0156199691576686           0.1183164402770040          -0.0257369936697046
         -0.0153282025100100           0.1289969062608484          -0.0281542684546752
         -0.0010245234792348           0.0395083116306031          -0.0071405805041957
          0.0001559713102197           0.0010924474849143          -0.0000762473243776
         -0.0163601511957082           0.0887672121127188          -0.0204930619540474
         -0.0317310665705747          -0.0298883662260234           0.0012989954524707
         -0.0006906293777471           0.0747759423021035          -0.0142546348230824
         -0.0160615447526145          -0.0438796360366386           0.0075374225834339
         -0.0168391080853922           0.0878581930147171          -0.0208088584905080
          0.0002011272780814          -0.0545775617570312           0.0113760170703001
         -0.0054348317687826           0.0654262677409937          -0.0140200021903047
          0.0116054035946898          -0.0770094870307537           0.0181648733705040
          0.0185554823488775          -0.0344834972337674           0.0117699510860763
          0.0266791134088911          -0.0659278698484680           0.0192919971449107
          0.0153156506642799           0.0157600883420912           0.0023935792330226
          0.0215551797060881          -0.0180867501781714           0.0097839254467683
          0.0170348009451438          -0.0486547504527597           0.0125560988977338
         -0.0132740431685648           0.0057115847090506          -0.0043580327934624
          0.0042251865627763           0.0499586659779915          -0.0066520043168116
          0.0085129015800974           0.0228642560039141          -0.0009428574594048
          0.0084465980695794          -0.0064408645814716           0.0033625791806487
         -0.0039453546730180          -0.0012939476246237          -0.0009065596451436
         -0.0017141004711905           0.0351600062991489          -0.0064137794979379
         -0.0002858782682825           0.0241052930625162          -0.0041660898547759
          0.0006161224216354           0.0103633073759746          -0.0017215143240650
         -0.0004257748539022          -0.0004226375866814          -0.0001155534537847
         -0.0124914320580578           0.1425522429424357          -0.0287366775189783
         -0.0355997857082265          -0.0836733970557398           0.0095426110174007
         -0.0329959229546249           0.1885360935716521          -0.0437137539381096
         -0.0561042766047928          -0.0376895464265237          -0.0054344654017298
         -0.0126048593701332           0.1486816994823098          -0.0298988287443597
         -0.0040331214371788          -0.1154010682246230           0.0204659873241539
         -0.0302621961119712           0.1749768022145070          -0.0406658303069454
         -0.0216904581790165          -0.0891059654924258           0.0096989857615680
          0.0158352952855952          -0.1024505335851796           0.0225188242804402
          0.0048644231171860          -0.1045414877028114           0.0185801404410237
          0.0150859273845284          -0.0492134754930329           0.0136174771096325
          0.0114315817849334          -0.0728751109114391           0.0157313587622494
          0.0004462504785275          -0.0457137095576154           0.0060614893500483
         -0.0036493179424633           0.0216154840742735          -0.0047289857394803
          0.0055139914147089           0.0025149539489449           0.0022522528688128
          0.0063341149351719          -0.0262326069556255           0.0069677455449040
          0.0029528305171730          -0.0278731616520225           0.0051737057846609
         -0.0010060026135508           0.0061224683476848          -0.0014864362548440
         -0.0008838540760944           0.0183161742267033          -0.0029924414281703
          0.0002638027647149           0.0038999270055120          -0.0002303641418397
          0.0005452905031086          -0.0042967975564582           0.0010076985902292
         -0.0000415318409028           0.0003759828920484          -0.0001046782584576
   1
          0.0000000000000000           0.0000000000000000           0.0000000000000000
          0.0000000000000000           0.0000000000000000           0.0000000000000000
          0.0000000000000000           0.0000000000000000           0.0000000000000000
          0.0000000000000000           0.0000000000000000           0.0000000000000000
          0.0000000000000000           0.0000000000000000           0.0000000000000000
          0.0000000000000000           0.0000000000000000           0.0000000000000000
          0.0000000000000000           0.0000000000000000           0.0000000000000000
          0.0000000000000000           0.0000000000000000           0.0000000000000000
          0.0000000000000000           0.0000000000000000           0.0000000000000000
          0.0000000000000000           0.0000000000000000           0.0000000000000000
          0.0000000000000000           0.0000000000000000           0.0000000000000000
          0.0000000000000000           0.0000000000000000           0.0000000000000000
          0.0000000000000000           0.0000000000000000           0.0000000000000000
          0.0000000000000000           0.0000000000000000           0.0000000000000000
          0.0000000000000000           0.0000000000000000           0.0000000000000000
          0.0000000000000000           0.0000000000000000           0.0000000000000000
          0.0000000000000000           0.0000000000000000           0.0000000000000000
          0.0000000000000000           0.0000000000000000           0.0000000000000000
          0.0000000000000000           0.0000000000000000           0.0000000000000000
          0.0000000000000000           0.0000000000000000           0.0000000000000000
          0.0000000000000000           0.0000000000000000           0.0000000000000000
          0.0000000000000000           0.0000000000000000           0.0000000000000000
          0.0000000000000000           0.0000000000000000           0.0000000000000000
          0.0000000000000000           0.0000000000000000           0.0000000000000000
          0.0000000000000000           0.0000000000000000           0.0000000000000000
          0.0000000000000000           0.0000000000000000           0.0000000000000000
          0.0000000000000000           0.0000000000000000           0.0000000000000000
          0.0000000000000000           0.0000000000000000           0.0000000000000000
          0.0000000000000000           0.0000000000000000           0.0000000000000000
          0.0000000000000000           0.0000000000000000           0.0000000000000000
         -0.0358946297070203           0.0757975073604271          -0.0166258836625700
         -0.0111168677975759           0.0136186813911164          -0.0039234906949881
         -0.0016346534917702           0.0105356012084761          -0.0021060679956798
         -0.0048106739814570           0.0533065881101595          -0.0107010674395895
         -0.0156199691576686           0.1183164402770040          -0.0257369936697045
         -0.0153282025100100           0.1289969062608484          -0.0281542684546752
         -0.0010245234792348           0.0395083116306031          -0.0071405805041957
          0.0001559713102197           0.0010924474849143          -0.0000762473243776
         -0.0636724953067648           0.0853043427418687          -0.0299303843059860
         -0.0325099402258053           0.0324533490315237          -0.0084577486971710
         -0.0728837633783120           0.2529937952131792          -0.0622764820998963
         -0.0417212082973521           0.2001428015028353          -0.0408038464910801
         -0.0306606909187458           0.0170275780212646          -0.0119361849593859
         -0.0026152706958782           0.0495336844941062          -0.0069294978810279
         -0.0495092616347627           0.1653769375634555          -0.0432795682683814
         -0.0214638414118953           0.1978830440362979          -0.0382728811900208
          0.0074446394912227           0.1177500220080025          -0.0174788400166233
         -0.0131494240847329           0.2194252340454602          -0.0415342854201697
         -0.0029993602003532           0.1846231341114645          -0.0318538664985685
         -0.0164510245813957           0.2308190707280239          -0.0446821574011611
         -0.0417661076646074           0.2925443501101208          -0.0659198139428319
         -0.0319349328659015           0.2091135897065031          -0.0481995631741962
         -0.0130434661112868           0.1875448102838772          -0.0353889060230562
         -0.0176632732766033           0.1925057455326586          -0.0384506788912912
         -0.0246923926703923           0.1903479045459469          -0.0419996936131600
         -0.0118674878615050           0.0856807202874048          -0.0197607530490173
         -0.0083250880380811           0.0915755869006756          -0.0181930467134457
         -0.0080580100529119           0.0829124190186567          -0.0168848187782115
         -0.0073469622091009           0.0669072425819246          -0.0143187684949224
         -0.0017438763074801           0.0160341024893290          -0.0036016616197601
         -0.0124914320580578           0.1425522429424350          -0.0287366775189797
         -0.0355997857082260          -0.0836733970557386           0.0095426110173988
         -0.0329959229546248           0.1885360935716524          -0.0437137539381090
         -0.0561042766047926          -0.0376895464265232          -0.0054344654017292
         -0.0126048593701332           0.1486816994823073          -0.0298988287443599
         -0.0040331214371793          -0.1154010682246241           0.0204659873241525
         -0.0302621961119712           0.1749768022145074          -0.0406658303069457
         -0.0216904581790169          -0.0891059654924261           0.0096989857615682
          0.0158352952855950          -0.1024505335851797           0.0225188242804404
          0.0048644231171860          -0.1045414877028115           0.0185801404410232
          0.0150859273845285          -0.0492134754930336           0.0136174771096330
          0.0114315817849337          -0.0728751109114389           0.0157313587622494
          0.0004462504785275          -0.0457137095576153           0.0060614893500485
         -0.0036493179424633           0.0216154840742734          -0.0047289857394802
          0.0055139914147087           0.0025149539489444           0.0022522528688129
          0.0063341149351719          -0.0262326069556255           0.0069677455449041
          0.0029528305171730          -0.0278731616520224           0.0051737057846609
         -0.0010060026135508           0.0061224683476848          -0.0014864362548440
         -0.0008838540760944           0.0183161742267033          -0.0029924414281703
          0.0002638027647149           0.0038999270055121          -0.0002303641418397
          0.0005452905031086          -0.0042967975564583           0.0010076985902292
         -0.0000415318409028           0.0003759828920484          -0.0001046782584576
   0
         -0.0000000000000000          -0.0000000000000000           0.0000000000000000
          0.0000000000000000          -0.0000000000000000           0.0000000000000000
          0.0000000000000000           0.0000000000000000           0.0000000000000000
         -0.0000000000000000           0.0000000000000000           0.0000000000000000
         -0.0000000000000000           0.0000000000000000           0.0000000000000000
         -0.0000000000000000          -0.0000000000000000           0.0000000000000000
         -0.0000000000000000           0.0000000000000000           0.0000000000000000
          0.0000000000000000           0.0000000000000000           0.0000000000000000
         -0.0000000000000000          -0.0000000000000002          -0.0000000000000000
          0.0000000000000002           0.0000000000000002           0.0000000000000002
          0.0000000000000000          -0.0000000000000000          -0.0000000000000000
         -0.0000000000000000          -0.0000000000000003          -0.0000000000000007
          0.0000000000000000           0.0000000000000000           0.0000000000000001
          0.0000000000000000           0.0000000000000001           0.0000000000000003
         -0.0000000000000000          -0.0000000000000000          -0.0000000000000000
          0.0000000000000001           0.0000000000000000          -0.0000000000000001
          0.0000000000000001          -0.0000000000000001           0.0000000000000001
         -0.0000000000000000           0.0000000000000001          -0.0000000000000000
         -0.0000000000000000           0.0000000000000001           0.0000000000000000
         -0.0000000000000000          -0.0000000000000000          -0.0000000000000000
         -0.0000000000000000          -0.0000000000000000           0.0000000000000000
          0.0000000000000000          -0.0000000000000000          -0.0000000000000000
          0.0000000000000000          -0.0000000000000000          -0.0000000000000000
         -0.0000000000000000          -0.0000000000000000          -0.0000000000000000
          0.0000000000000000           0.0000000000000000          -0.0000000000000000
          0.0000000000000000           0.0000000000000000           0.0000000000000000
         -0.0000000000000000          -0.0000000000000000          -0.0000000000000000
          0.0000000000000000          -0.0000000000000000           0.0000000000000000
         -0.0000000000000000           0.0000000000000000          -0.0000000000000000
         -0.0000000000000000          -0.0000000000000000           0.0000000000000000
          0.0000000000000000           0.0000000000000000           0.0000000000000000
          0.0000000000000000           0.0000000000000000           0.0000000000000000
          0.0000000000000000           0.0000000000000000           0.0000000000000000
          0.0000000000000000           0.0000000000000000           0.0000000000000000
          0.0000000000000000           0.0000000000000000           0.0000000000000000
          0.0000000000000000           0.0000000000000000           0.0000000000000000
          0.0000000000000000           0.0000000000000000           0.0000000000000000
          0.0000000000000000           0.0000000000000000           0.0000000000000000
         -0.0473123441110565          -0.0034628693708509          -0.0094373223519397
         -0.0007788736552292           0.0623417152575448          -0.0097567441496371
         -0.0721931340005648           0.1782178529110756          -0.0480218472768134
         -0.0256596635447370           0.2440224375394723          -0.0483412690745129
         -0.0138215828333536          -0.0708306149934526           0.0088726735311223
         -0.0028163979739587           0.1041112462511390          -0.0183055149513278
         -0.0440744298659801           0.0999506698224618          -0.0292595660780764
         -0.0330692450065854           0.2748925310670526          -0.0564377545605260
         -0.0111108428576556           0.1522335192417699          -0.0292487911026994
         -0.0398285374936244           0.2853531038939278          -0.0608262825650821
         -0.0183150108646335           0.1688630457693722          -0.0342474457315914
         -0.0380062042874842           0.2489058209061958          -0.0544660828479284
         -0.0588009086097511           0.3411991005628797          -0.0784759128405652
         -0.0186608896973367           0.2034020049974521          -0.0438415303807337
         -0.0172686526740629           0.1375861443058855          -0.0287369017062441
         -0.0261761748567006           0.1696414895287449          -0.0375078214318862
         -0.0331389907399716           0.1967887691274183          -0.0453622727938084
         -0.0079221331884870           0.0869746679120285          -0.0188541934038737
         -0.0066109875668906           0.0564155806015268          -0.0117792672155079
         -0.0077721317846294           0.0588071259561405          -0.0127187289234357
         -0.0079630846307362           0.0565439352059501          -0.0125972541708574
         -0.0013181014535779           0.0164567400760104          -0.0034861081659754
          0.0000000000000000           0.0000000000000000           0.0000000000000000
          0.0000000000000000           0.0000000000000000           0.0000000000000000
          0.0000000000000000           0.0000000000000000           0.0000000000000000
          0.0000000000000000           0.0000000000000000           0.0000000000000000
          0.0000000000000000           0.0000000000000000           0.0000000000000000
          0.0000000000000000           0.0000000000000000           0.0000000000000000
          0.0000000000000000           0.0000000000000000           0.0000000000000000
          0.0000000000000000           0.0000000000000000           0.0000000000000000
          0.0000000000000000           0.0000000000000000           0.0000000000000000
          0.0000000000000000           0.0000000000000000           0.0000000000000000
          0.0000000000000000           0.0000000000000000           0.0000000000000000
          0.0000000000000000           0.0000000000000000           0.0000000000000000
          0.0000000000000000           0.0000000000000000           0.0000000000000000
          0.0000000000000000           0.0000000000000000           0.0000000000000000
          0.0000000000000000           0.0000000000000000           0.0000000000000000
          0.0000000000000000           0.0000000000000000           0.0000000000000000
          0.0000000000000000           0.0000000000000000           0.0000000000000000
          0.0000000000000000           0.0000000000000000           0.0000000000000000
          0.0000000000000000           0.0000000000000000           0.0000000000000000
          0.0000000000000000           0.0000000000000000           0.0000000000000000
          0.0000000000000000           0.0000000000000000           0.0000000000000000
          0.0000000000000000           0.0000000000000000           0.0000000000000000
