1  82   2   1   2   -5.679980   0.000000
  0 
./DATA/100/00/GA/G003/M021/
0
          5.6565989903955645
          3.7285777256797554
          2.4193550579604794
          1.3266105456364210
          0.5324910486717508
          0.1406677404972770
          0.0066731245213754
          0.0000224952850768
          2.6321500094703056
          7.3920064068423130
          0.9316662447267235
          5.6915226420987315
          1.7657274154857459
          4.9630140227980455
          0.6227072130578546
          3.8199938203701547
          2.5314157136403765
          1.9470475531118816
          1.0116130683288125
          0.7772009387192190
          0.4954801402920485
          0.0683555517021815
          0.2843913984986942
          0.2181075334092314
          0.1380703899614120
          0.0179319313946248
          0.0248705046961756
          0.0190107661448344
          0.0118733927184362
          0.0013825041384102
          6.4929716757501508
          4.6794111277272368
          3.4098127564825012
          2.2514075492699113
          1.2206291966328215
          0.4944163265118964
          0.0579798490422890
          0.0009597837728826
          8.0775977420458140
         28.2468243541495880
          2.9840632415451842
         23.1532898536489533
          5.8427027101908946
         20.8474868309095491
          2.0859786747069320
         17.0907627954255616
         12.6162631864176973
         10.3369883907808848
          6.4749908420823594
          5.2952563523909646
          3.7063256960887023
          0.7946990062372183
          2.6298279538667493
          2.1430090507263353
          1.4750425591727494
          0.2721404881236433
          0.4833979762340684
          0.3912157831778592
          0.2625155989806792
          0.0376523609758772
          6.5751382105414011
         11.5870728375562901
          3.1395711988338544
          8.1515058258487407
          4.8891939256663193
          8.4559008448839084
          2.3235022180629570
          5.8902091372805465
          5.0401564428345509
          3.4576255686927313
          2.5519634490121526
          1.7206891317545450
          0.8905126579715772
          0.1107105860054776
          1.0279884416118332
          0.6814963489702174
          0.3348684797751647
          0.0309957551018215
          0.1894455363909017
          0.1237031286606381
          0.0571259167565575
          0.0028836139212932
1
          5.6565989903955645
          3.7285777256797554
          2.4193550579604799
          1.3266105456364214
          0.5324910486717508
          0.1406677404972770
          0.0066731245213754
          0.0000224952850768
          2.6321500094703052
          7.3920064068423130
          0.9316662447267231
          5.6915226420987315
          1.7657274154857461
          4.9630140227980446
          0.6227072130578545
          3.8199938203701538
          2.5314157136403765
          1.9470475531118816
          1.0116130683288127
          0.7772009387192194
          0.4954801402920486
          0.0683555517021816
          0.2843913984986941
          0.2181075334092314
          0.1380703899614120
          0.0179319313946248
          0.0248705046961756
          0.0190107661448344
          0.0118733927184362
          0.0013825041384102
          6.4929716757501499
          4.6794111277272368
          3.4098127564825003
          2.2514075492699113
          1.2206291966328215
          0.4944163265118961
          0.0579798490422889
          0.0009597837728826
          8.0775977420458229
         28.2468243541496058
          2.9840632415451824
         23.1532898536489569
          5.8427027101908955
         20.8474868309095278
          2.0859786747069298
         17.0907627954255652
         12.6162631864177062
         10.3369883907808866
          6.4749908420823576
          5.2952563523909655
          3.7063256960887010
          0.7946990062372193
          2.6298279538667471
          2.1430090507263344
          1.4750425591727503
          0.2721404881236430
          0.4833979762340681
          0.3912157831778598
          0.2625155989806790
          0.0376523609758772
          6.5751382105414073
         11.5870728375562972
          3.1395711988338539
          8.1515058258487443
          4.8891939256663175
          8.4559008448839084
          2.3235022180629574
          5.8902091372805430
          5.0401564428345464
          3.4576255686927340
          2.5519634490121517
          1.7206891317545445
          0.8905126579715775
          0.1107105860054776
          1.0279884416118334
          0.6814963489702178
          0.3348684797751648
          0.0309957551018215
          0.1894455363909016
          0.1237031286606381
          0.0571259167565575
          0.0028836139212932
   0    2  0.506236  0.160128  0.837907 
          0.0000000000000000           0.0000000000000000          -0.0000000000000001
         -0.0000000000000000           0.0000000000000000           0.0000000000000001
         -0.0000000000000000          -0.0000000000000001           0.0000000000000001
         -0.0000000000000000           0.0000000000000000          -0.0000000000000000
          0.0000000000000000           0.0000000000000001          -0.0000000000000000
         -0.0000000000000000           0.0000000000000000           0.0000000000000000
         -0.0000000000000000           0.0000000000000000           0.0000000000000000
         -0.0000000000000000           0.0000000000000000          -0.0000000000000000
          0.0000000000000001           0.0000000000000001          -0.0000000000000002
         -0.0000000000000000           0.0000000000000000          -0.0000000000000013
          0.0000000000000000          -0.0000000000000000          -0.0000000000000001
         -0.0000000000000001           0.0000000000000001           0.0000000000000004
          0.0000000000000000           0.0000000000000001           0.0000000000000003
         -0.0000000000000001          -0.0000000000000001          -0.0000000000000007
         -0.0000000000000000           0.0000000000000000           0.0000000000000000
          0.0000000000000000           0.0000000000000003          -0.0000000000000008
         -0.0000000000000001          -0.0000000000000001           0.0000000000000001
          0.0000000000000000          -0.0000000000000000          -0.0000000000000000
          0.0000000000000000          -0.0000000000000001          -0.0000000000000001
          0.0000000000000000           0.0000000000000000          -0.0000000000000001
         -0.0000000000000000          -0.0000000000000000           0.0000000000000001
         -0.0000000000000000          -0.0000000000000000           0.0000000000000000
          0.0000000000000000          -0.0000000000000000           0.0000000000000000
         -0.0000000000000000           0.0000000000000000          -0.0000000000000000
         -0.0000000000000000          -0.0000000000000000          -0.0000000000000000
          0.0000000000000000           0.0000000000000000           0.0000000000000000
         -0.0000000000000000           0.0000000000000000           0.0000000000000000
         -0.0000000000000000          -0.0000000000000000          -0.0000000000000000
          0.0000000000000000          -0.0000000000000000          -0.0000000000000000
          0.0000000000000000          -0.0000000000000000          -0.0000000000000000
         -0.0241692562892214          -0.0127470600283412          -0.0387640145021431
         -0.0102851708978015          -0.0115768659685926          -0.0120497048656100
         -0.0030746888334243          -0.0044152893517022          -0.0026682340313324
         -0.0036595503135652          -0.0028769981379348          -0.0121334227248909
         -0.0112502189628726          -0.0143273304832917          -0.0368144475047471
         -0.0146525076296274          -0.0226705003776865          -0.0453810145768911
         -0.0072367109654664          -0.0056563563445214          -0.0162362891821541
         -0.0007338053235327           0.0002437585026796          -0.0008312769189219
         -0.0100898331087608          -0.0147110711103801          -0.0258121533944638
         -0.0579361929118745          -0.0826485067212116          -0.0383551479110714
          0.0030917715580123           0.0107473516512976          -0.0178612469383711
         -0.0447545882451011          -0.0571900839595365          -0.0304042414549680
         -0.0093307280859378          -0.0154082201474199          -0.0261193221424839
         -0.0246784565844024          -0.0405057713523662           0.0024527718225253
          0.0005743469259117           0.0036100202306724          -0.0168929308874256
         -0.0147733815725525          -0.0214875309742736           0.0116791630775842
          0.0000722914213425           0.0008794456356115           0.0208035889443734
          0.0078018123623193           0.0135164039685396           0.0335659659131404
          0.0046456531439473           0.0176599021755966           0.0065174770380798
          0.0115460205878547           0.0263418845739572           0.0221290735687585
          0.0145986885826719           0.0158481298573740           0.0377022022132171
         -0.0149360702223060          -0.0277453356166371          -0.0100718645299701
         -0.0009354904392545           0.0122715876756883          -0.0164230324961818
          0.0048179075646084           0.0183661751991794          -0.0018023618221773
          0.0087646853257763           0.0142718427153880           0.0142771008084201
         -0.0056343808835128          -0.0106373525940534          -0.0020100315542588
         -0.0037262449615761          -0.0004698370492950          -0.0201517954664012
         -0.0010109303842759           0.0022535893401504          -0.0126478762204706
          0.0014863255665991           0.0029112938009022          -0.0034126754105076
         -0.0007547418496590          -0.0013859680518523           0.0000553821440837
         -0.0168932623644888          -0.0226444134359012          -0.0452955007224364
         -0.0511327636561474          -0.0747151643956935          -0.0188718005830907
         -0.0223646901783783          -0.0363700092139513          -0.0620529626922220
         -0.0566041914700367          -0.0884407601737425          -0.0356292625528772
         -0.0152593662356029          -0.0173383355221136          -0.0495536199883139
         -0.0187498184347359          -0.0385756559776720           0.0258870696683599
         -0.0216119978566288          -0.0340917306372830          -0.0630131395759744
         -0.0251024500557616          -0.0553290510928407           0.0124275500807004
          0.0053871166437479          -0.0007155671766144           0.0494380325254027
          0.0011766921087314          -0.0159561742911392           0.0456943403913191
          0.0091755668521639           0.0166683443255468           0.0366275106572526
          0.0090104905133216           0.0079675268692230           0.0441679681759768
          0.0060927813870569          -0.0097453699746407           0.0277395083438586
         -0.0063936470046287          -0.0059429010986764          -0.0191628116864268
          0.0018894194749663           0.0133989154795762           0.0078213561291634
          0.0045544329899608           0.0119574613207885           0.0213162975233536
          0.0057403539839973           0.0029478595813486           0.0212180459091505
         -0.0020443348736813          -0.0029613020567284          -0.0059916145929358
         -0.0033676410234312           0.0013574466337091          -0.0103988539295702
         -0.0013123517334769           0.0032961854927506          -0.0014279779019387
          0.0007594185019276           0.0025684595923061           0.0043291706502004
         -0.0001350462259328          -0.0004631885967153          -0.0003489969698223
   1
          0.0000000000000000           0.0000000000000000           0.0000000000000000
          0.0000000000000000           0.0000000000000000           0.0000000000000000
          0.0000000000000000           0.0000000000000000           0.0000000000000000
          0.0000000000000000           0.0000000000000000           0.0000000000000000
          0.0000000000000000           0.0000000000000000           0.0000000000000000
          0.0000000000000000           0.0000000000000000           0.0000000000000000
          0.0000000000000000           0.0000000000000000           0.0000000000000000
          0.0000000000000000           0.0000000000000000           0.0000000000000000
          0.0000000000000000           0.0000000000000000           0.0000000000000000
          0.0000000000000000           0.0000000000000000           0.0000000000000000
          0.0000000000000000           0.0000000000000000           0.0000000000000000
          0.0000000000000000           0.0000000000000000           0.0000000000000000
          0.0000000000000000           0.0000000000000000           0.0000000000000000
          0.0000000000000000           0.0000000000000000           0.0000000000000000
          0.0000000000000000           0.0000000000000000           0.0000000000000000
          0.0000000000000000           0.0000000000000000           0.0000000000000000
          0.0000000000000000           0.0000000000000000           0.0000000000000000
          0.0000000000000000           0.0000000000000000           0.0000000000000000
          0.0000000000000000           0.0000000000000000           0.0000000000000000
          0.0000000000000000           0.0000000000000000           0.0000000000000000
          0.0000000000000000           0.0000000000000000           0.0000000000000000
          0.0000000000000000           0.0000000000000000           0.0000000000000000
          0.0000000000000000           0.0000000000000000           0.0000000000000000
          0.0000000000000000           0.0000000000000000           0.0000000000000000
          0.0000000000000000           0.0000000000000000           0.0000000000000000
          0.0000000000000000           0.0000000000000000           0.0000000000000000
          0.0000000000000000           0.0000000000000000           0.0000000000000000
          0.0000000000000000           0.0000000000000000           0.0000000000000000
          0.0000000000000000           0.0000000000000000           0.0000000000000000
          0.0000000000000000           0.0000000000000000           0.0000000000000000
         -0.0241692562892214          -0.0127470600283414          -0.0387640145021430
         -0.0102851708978015          -0.0115768659685927          -0.0120497048656096
         -0.0030746888334242          -0.0044152893517023          -0.0026682340313322
         -0.0036595503135650          -0.0028769981379346          -0.0121334227248907
         -0.0112502189628725          -0.0143273304832917          -0.0368144475047470
         -0.0146525076296273          -0.0226705003776864          -0.0453810145768911
         -0.0072367109654664          -0.0056563563445214          -0.0162362891821540
         -0.0007338053235327           0.0002437585026796          -0.0008312769189219
         -0.0667276596016919          -0.0984680563799684          -0.0878528496179374
         -0.0693243924395828          -0.0962510992832245          -0.0404817529931143
         -0.0648275744069487          -0.0755320365032151          -0.1453863276024888
         -0.0674243072448394          -0.0733150794064763          -0.0980152309776653
         -0.0354443224557165          -0.0668406562089847          -0.0344494450115960
         -0.0325740468849630          -0.0449873267905879          -0.0128836556283127
         -0.0445106504789047          -0.0655330749936579          -0.0991792723389416
         -0.0416403749081511          -0.0436797455752615          -0.0776134829556571
         -0.0113024633259294          -0.0035015932945112          -0.0210138005384939
         -0.0250071208569504          -0.0199775611092731          -0.0767955483643331
         -0.0134053761834593           0.0043918232829639          -0.0579523594828086
         -0.0227229469036605          -0.0152261157367269          -0.0899133658963779
         -0.0361195693866942          -0.0637324313559199          -0.1266787525062579
         -0.0495318619763089          -0.0660434680193397          -0.0966848214617175
         -0.0204281101953649          -0.0076986600357582          -0.0826342227615128
         -0.0225010651174936          -0.0195278130836727          -0.0899657728293399
         -0.0237411224399367          -0.0412871167009092          -0.0902668006841015
         -0.0226341060188627          -0.0279990415032785          -0.0415302982719554
         -0.0136400951445220          -0.0134566351553447          -0.0554181008344844
         -0.0119156346089806          -0.0149527115532090          -0.0501157946979167
         -0.0090231124593344          -0.0163942894508249          -0.0389017742145685
         -0.0049772905018189          -0.0050064955004308          -0.0086783974513519
         -0.0168932623644901          -0.0226444134358988          -0.0452955007224346
         -0.0511327636561475          -0.0747151643956909          -0.0188718005830916
         -0.0223646901783783          -0.0363700092139514          -0.0620529626922220
         -0.0566041914700368          -0.0884407601737423          -0.0356292625528787
         -0.0152593662356044          -0.0173383355221110          -0.0495536199883132
         -0.0187498184347365          -0.0385756559776729           0.0258870696683631
         -0.0216119978566288          -0.0340917306372826          -0.0630131395759742
         -0.0251024500557618          -0.0553290510928384           0.0124275500806994
          0.0053871166437493          -0.0007155671766174           0.0494380325254033
          0.0011766921087311          -0.0159561742911391           0.0456943403913180
          0.0091755668521641           0.0166683443255462           0.0366275106572521
          0.0090104905133219           0.0079675268692228           0.0441679681759773
          0.0060927813870571          -0.0097453699746405           0.0277395083438581
         -0.0063936470046287          -0.0059429010986764          -0.0191628116864269
          0.0018894194749665           0.0133989154795767           0.0078213561291635
          0.0045544329899609           0.0119574613207888           0.0213162975233540
          0.0057403539839973           0.0029478595813485           0.0212180459091504
         -0.0020443348736813          -0.0029613020567284          -0.0059916145929358
         -0.0033676410234313           0.0013574466337090          -0.0103988539295704
         -0.0013123517334769           0.0032961854927505          -0.0014279779019386
          0.0007594185019276           0.0025684595923062           0.0043291706502004
         -0.0001350462259328          -0.0004631885967153          -0.0003489969698223
   0
         -0.0000000000000000           0.0000000000000000           0.0000000000000001
          0.0000000000000000           0.0000000000000000          -0.0000000000000001
          0.0000000000000000           0.0000000000000001          -0.0000000000000001
          0.0000000000000000           0.0000000000000000           0.0000000000000000
          0.0000000000000000          -0.0000000000000001           0.0000000000000000
          0.0000000000000000          -0.0000000000000000          -0.0000000000000000
          0.0000000000000000          -0.0000000000000000          -0.0000000000000000
          0.0000000000000000          -0.0000000000000000           0.0000000000000000
          0.0000000000000001          -0.0000000000000001           0.0000000000000001
         -0.0000000000000005          -0.0000000000000007           0.0000000000000011
         -0.0000000000000001          -0.0000000000000000          -0.0000000000000002
         -0.0000000000000000          -0.0000000000000008           0.0000000000000004
          0.0000000000000002          -0.0000000000000003          -0.0000000000000002
          0.0000000000000002          -0.0000000000000001           0.0000000000000013
         -0.0000000000000000          -0.0000000000000000           0.0000000000000001
          0.0000000000000001           0.0000000000000001          -0.0000000000000026
         -0.0000000000000000           0.0000000000000000           0.0000000000000002
         -0.0000000000000002           0.0000000000000000           0.0000000000000007
         -0.0000000000000001           0.0000000000000000          -0.0000000000000002
         -0.0000000000000000           0.0000000000000000           0.0000000000000003
         -0.0000000000000000           0.0000000000000000          -0.0000000000000002
         -0.0000000000000000           0.0000000000000000          -0.0000000000000000
         -0.0000000000000000           0.0000000000000001          -0.0000000000000001
          0.0000000000000000          -0.0000000000000000           0.0000000000000000
         -0.0000000000000000           0.0000000000000000           0.0000000000000000
          0.0000000000000000          -0.0000000000000000          -0.0000000000000000
          0.0000000000000000          -0.0000000000000000          -0.0000000000000000
          0.0000000000000000          -0.0000000000000000          -0.0000000000000000
          0.0000000000000000          -0.0000000000000000           0.0000000000000000
          0.0000000000000000           0.0000000000000000           0.0000000000000000
          0.0000000000000000           0.0000000000000000           0.0000000000000000
          0.0000000000000000           0.0000000000000000           0.0000000000000000
          0.0000000000000000           0.0000000000000000           0.0000000000000000
          0.0000000000000000           0.0000000000000000           0.0000000000000000
          0.0000000000000000           0.0000000000000000           0.0000000000000000
          0.0000000000000000           0.0000000000000000           0.0000000000000000
          0.0000000000000000           0.0000000000000000           0.0000000000000000
          0.0000000000000000           0.0000000000000000           0.0000000000000000
         -0.0566378264929296          -0.0837569852695870          -0.0620406962234746
         -0.0113881995277078          -0.0136025925620086          -0.0021266050820473
         -0.0679193459649614          -0.0862793881545130          -0.1275250806641179
         -0.0226697189997392          -0.0161249954469369          -0.0676109895226984
         -0.0261135943697793          -0.0514324360615655          -0.0083301228691151
         -0.0078955903005609          -0.0044815554382215          -0.0153364274508353
         -0.0450849974048171          -0.0691430952243291          -0.0822863414515167
         -0.0268669933355980          -0.0221922146009870          -0.0892926460332397
         -0.0113747547472734          -0.0043810389301226          -0.0418173894828626
         -0.0328089332192691          -0.0334939650778133          -0.1103615142774712
         -0.0180510293274064          -0.0132680788926330          -0.0644698365208897
         -0.0342689674915162          -0.0415680003106852          -0.1120424394651344
         -0.0507182579693659          -0.0795805612132931          -0.1643809547194748
         -0.0345957917540027          -0.0382981324027028          -0.0866129569317473
         -0.0194926197561108          -0.0199702477114461          -0.0662111902653306
         -0.0273189726821014          -0.0378939882828517          -0.0881634110071622
         -0.0325058077657129          -0.0555589594162973          -0.1045439014925212
         -0.0169997251353499          -0.0173616889092251          -0.0395202667176966
         -0.0099138501829458          -0.0129867981060499          -0.0352663053680830
         -0.0109047042247046          -0.0172063008933596          -0.0374679184774457
         -0.0105094380259336          -0.0193055832517272          -0.0354890988040609
         -0.0042225486521599          -0.0036205274485786          -0.0087337795954356
          0.0000000000000000           0.0000000000000000           0.0000000000000000
          0.0000000000000000           0.0000000000000000           0.0000000000000000
          0.0000000000000000           0.0000000000000000           0.0000000000000000
          0.0000000000000000           0.0000000000000000           0.0000000000000000
          0.0000000000000000           0.0000000000000000           0.0000000000000000
          0.0000000000000000           0.0000000000000000           0.0000000000000000
          0.0000000000000000           0.0000000000000000           0.0000000000000000
          0.0000000000000000           0.0000000000000000           0.0000000000000000
          0.0000000000000000           0.0000000000000000           0.0000000000000000
          0.0000000000000000           0.0000000000000000           0.0000000000000000
          0.0000000000000000           0.0000000000000000           0.0000000000000000
          0.0000000000000000           0.0000000000000000           0.0000000000000000
          0.0000000000000000           0.0000000000000000           0.0000000000000000
          0.0000000000000000           0.0000000000000000           0.0000000000000000
          0.0000000000000000           0.0000000000000000           0.0000000000000000
          0.0000000000000000           0.0000000000000000           0.0000000000000000
          0.0000000000000000           0.0000000000000000           0.0000000000000000
          0.0000000000000000           0.0000000000000000           0.0000000000000000
          0.0000000000000000           0.0000000000000000           0.0000000000000000
          0.0000000000000000           0.0000000000000000           0.0000000000000000
          0.0000000000000000           0.0000000000000000           0.0000000000000000
          0.0000000000000000           0.0000000000000000           0.0000000000000000
