1  82   2   1   2   -6.073294   0.000000
  0 
./DATA/100/00/GA/G018/M021/
0
          5.0419772299646954
          3.4256988909919754
          2.3362480053609946
          1.4054754891371237
          0.6677106200232402
          0.2275756750634292
          0.0182853894600843
          0.0001408539834675
          2.2280546474461329
          6.0926321511164376
          0.9062475599092432
          4.7708250635795535
          1.5754611463561377
          4.3261424990568349
          0.6305690553037178
          3.3812504080044126
          2.4644219111149268
          1.9194472829623785
          1.1746350458191877
          0.9104000902536288
          0.5908471493839038
          0.1105635084665799
          0.4349243794299970
          0.3350232039978624
          0.2129207749457400
          0.0329413968613389
          0.0672243152077991
          0.0513561204462343
          0.0316902580173011
          0.0036092730555480
          6.3879565802396270
          4.4794191362720275
          3.1291783291719408
          1.9278410971270659
          0.9441939692339077
          0.3403708149647239
          0.0327152812062889
          0.0003883791617075
          8.3564528304271413
         23.7118967940483607
          3.2718848130488616
         18.6273287766700761
          6.0655508872664301
         17.1794683546322240
          2.3518801544748071
         13.4657976218405864
         10.0731882593038371
          7.8647675237145167
          4.9624720740379038
          3.8535335847520424
          2.5202241071608174
          0.4965935069591297
          1.9225508836410035
          1.4824416513004708
          0.9453823487995971
          0.1577397716492638
          0.3369740293283123
          0.2571821319919850
          0.1572325156187652
          0.0182379189567699
          4.4972551417782345
         11.5369196704595058
          1.8963009336588830
          8.9359654623401603
          3.2289648783147729
          8.3935447426345497
          1.3378422317799070
          6.5024220960996821
          4.9521805189347967
          3.8341360124484996
          2.4559160547975969
          1.8971346578327029
          1.2123335837904881
          0.1875134522418991
          0.9570727929207088
          0.7356774289707061
          0.4596542193798063
          0.0605932027706072
          0.1682470422590310
          0.1278915022994414
          0.0765777640438276
          0.0071634744383650
1
          5.0419772299646963
          3.4256988909919763
          2.3362480053609942
          1.4054754891371237
          0.6677106200232402
          0.2275756750634293
          0.0182853894600843
          0.0001408539834675
          2.2280546474461325
          6.0926321511164385
          0.9062475599092432
          4.7708250635795517
          1.5754611463561379
          4.3261424990568322
          0.6305690553037177
          3.3812504080044139
          2.4644219111149264
          1.9194472829623783
          1.1746350458191881
          0.9104000902536289
          0.5908471493839037
          0.1105635084665799
          0.4349243794299971
          0.3350232039978625
          0.2129207749457400
          0.0329413968613389
          0.0672243152077991
          0.0513561204462343
          0.0316902580173011
          0.0036092730555480
          6.3879565802396261
          4.4794191362720275
          3.1291783291719417
          1.9278410971270656
          0.9441939692339080
          0.3403708149647240
          0.0327152812062889
          0.0003883791617075
          8.3564528304271484
         23.7118967940483536
          3.2718848130488620
         18.6273287766700548
          6.0655508872664265
         17.1794683546322169
          2.3518801544748080
         13.4657976218406006
         10.0731882593038229
          7.8647675237145149
          4.9624720740379047
          3.8535335847520455
          2.5202241071608178
          0.4965935069591295
          1.9225508836410024
          1.4824416513004699
          0.9453823487995969
          0.1577397716492636
          0.3369740293283121
          0.2571821319919850
          0.1572325156187651
          0.0182379189567699
          4.4972551417782327
         11.5369196704594952
          1.8963009336588845
          8.9359654623401656
          3.2289648783147760
          8.3935447426345480
          1.3378422317799068
          6.5024220960996839
          4.9521805189347976
          3.8341360124484982
          2.4559160547975960
          1.8971346578327022
          1.2123335837904889
          0.1875134522418991
          0.9570727929207086
          0.7356774289707058
          0.4596542193798062
          0.0605932027706071
          0.1682470422590312
          0.1278915022994413
          0.0765777640438277
          0.0071634744383650
   0    2  0.103143  0.295075 -0.166838 
          0.0000000000000000          -0.0000000000000001          -0.0000000000000001
          0.0000000000000000          -0.0000000000000001          -0.0000000000000001
          0.0000000000000000          -0.0000000000000001          -0.0000000000000000
          0.0000000000000000          -0.0000000000000000           0.0000000000000000
          0.0000000000000000          -0.0000000000000001          -0.0000000000000000
         -0.0000000000000000           0.0000000000000000           0.0000000000000000
          0.0000000000000000          -0.0000000000000000          -0.0000000000000000
          0.0000000000000000           0.0000000000000000          -0.0000000000000000
          0.0000000000000002           0.0000000000000002           0.0000000000000001
         -0.0000000000000001           0.0000000000000009           0.0000000000000000
          0.0000000000000001           0.0000000000000002          -0.0000000000000000
          0.0000000000000000           0.0000000000000006           0.0000000000000003
         -0.0000000000000001          -0.0000000000000003           0.0000000000000001
          0.0000000000000001          -0.0000000000000004           0.0000000000000002
          0.0000000000000001           0.0000000000000000          -0.0000000000000000
         -0.0000000000000001           0.0000000000000005           0.0000000000000003
          0.0000000000000001           0.0000000000000002          -0.0000000000000000
          0.0000000000000000           0.0000000000000001           0.0000000000000001
          0.0000000000000000           0.0000000000000001           0.0000000000000000
          0.0000000000000000           0.0000000000000001          -0.0000000000000000
         -0.0000000000000000           0.0000000000000001          -0.0000000000000000
          0.0000000000000000          -0.0000000000000000          -0.0000000000000000
         -0.0000000000000000           0.0000000000000000           0.0000000000000000
          0.0000000000000000          -0.0000000000000001          -0.0000000000000000
          0.0000000000000000           0.0000000000000000          -0.0000000000000000
         -0.0000000000000000          -0.0000000000000000           0.0000000000000000
          0.0000000000000000          -0.0000000000000000          -0.0000000000000000
         -0.0000000000000000          -0.0000000000000000          -0.0000000000000000
         -0.0000000000000000          -0.0000000000000000           0.0000000000000000
         -0.0000000000000000          -0.0000000000000000           0.0000000000000000
         -0.0298830180597499          -0.0162381140841583           0.0019360324771194
         -0.0077738450714794          -0.0022969728402861           0.0051890694962602
          0.0034117709458962           0.0090266507426634           0.0183021460628299
          0.0109326143622625           0.0207248158019447           0.0372780772386669
          0.0143070580505838           0.0255411293115036           0.0488949715927377
          0.0097600380067265           0.0139946706701516           0.0365797886737750
          0.0001073163958019          -0.0027406552277309           0.0060484646374240
         -0.0001763092270995          -0.0004498644876891          -0.0000912562339465
          0.0137198015397285           0.0317784547185521           0.0819623283120311
         -0.0312010431845385          -0.0059593954827543           0.0122373640327906
          0.0137345698669290           0.0328365464806363           0.0586513210577998
         -0.0311862748573367          -0.0049013037206711          -0.0110736432214368
          0.0129293956534588           0.0266584998959883           0.0706691648798788
         -0.0000458030570655           0.0223240715088480           0.0397565437960408
          0.0084780985511648           0.0213309517280531           0.0416977715921133
         -0.0044971001593595           0.0169965233409109           0.0107851505082736
          0.0232676418649227           0.0483406211525539           0.0704329506530008
          0.0154094531821375           0.0372849836207964           0.0372178980393892
          0.0296543639020228           0.0580023573516689           0.0831079416010225
          0.0211668514359620           0.0452055505322942           0.0513158552690811
         -0.0005550611143085           0.0110504298256420           0.0077605580122254
         -0.0124258158948291          -0.0242310460661804          -0.0042748515752379
          0.0250562235860302           0.0496454684251448           0.0690997862735625
          0.0182420391598962           0.0392823059248910           0.0453042641504012
          0.0044349001276425           0.0169648378623053           0.0153528314068820
         -0.0053393037171914          -0.0100323642059869           0.0005262931630392
          0.0126147215794939           0.0229495384035678           0.0279546677490976
          0.0094652227934847           0.0186568739516306           0.0187140272937449
          0.0041046153851136           0.0104337047333740           0.0077483451311427
         -0.0010269166477169          -0.0016686580791941           0.0005206589745799
          0.0387319732060558           0.0787755608668047           0.1298672686625614
         -0.0562132148508633          -0.0529565016310111          -0.0356675763177325
          0.0119540457997813           0.0360807972605922           0.0874261232546773
         -0.0829911422571378          -0.0956512652372226          -0.0781087217256196
          0.0394586238997030           0.0784644064291174           0.1267514412720738
         -0.0265750313033098          -0.0294818350242810          -0.0163257325961539
          0.0128536761878702           0.0358792132098220           0.0803206350688665
         -0.0531799790151419          -0.0720670282435776          -0.0627565387993597
         -0.0023420531817997          -0.0029338109149468           0.0150085221496208
         -0.0262966912375749          -0.0423391846727488          -0.0322946510631446
          0.0085148483639684           0.0157168692650889           0.0408108672937575
         -0.0104280181091502          -0.0163786781555508          -0.0004188298792216
         -0.0166948176372677          -0.0267543758500414          -0.0210647406979292
          0.0111260806068132           0.0145860516473763           0.0073021362288345
          0.0110111363762126           0.0222551547534169           0.0460879874705550
         -0.0015892971315191           0.0008560411537682           0.0176964602589910
         -0.0087577702220158          -0.0115351147513172          -0.0026642367641082
          0.0038896836518370           0.0038347146912523           0.0010337915341451
          0.0076324675063622           0.0136404249080856           0.0230377557242728
          0.0026619752645429           0.0058221086903029           0.0130384044361388
         -0.0014695106929074          -0.0006214588032628           0.0039961392038144
          0.0001826325043343           0.0000147233155847          -0.0000627778239769
   1
          0.0000000000000000           0.0000000000000000           0.0000000000000000
          0.0000000000000000           0.0000000000000000           0.0000000000000000
          0.0000000000000000           0.0000000000000000           0.0000000000000000
          0.0000000000000000           0.0000000000000000           0.0000000000000000
          0.0000000000000000           0.0000000000000000           0.0000000000000000
          0.0000000000000000           0.0000000000000000           0.0000000000000000
          0.0000000000000000           0.0000000000000000           0.0000000000000000
          0.0000000000000000           0.0000000000000000           0.0000000000000000
          0.0000000000000000           0.0000000000000000           0.0000000000000000
          0.0000000000000000           0.0000000000000000           0.0000000000000000
          0.0000000000000000           0.0000000000000000           0.0000000000000000
          0.0000000000000000           0.0000000000000000           0.0000000000000000
          0.0000000000000000           0.0000000000000000           0.0000000000000000
          0.0000000000000000           0.0000000000000000           0.0000000000000000
          0.0000000000000000           0.0000000000000000           0.0000000000000000
          0.0000000000000000           0.0000000000000000           0.0000000000000000
          0.0000000000000000           0.0000000000000000           0.0000000000000000
          0.0000000000000000           0.0000000000000000           0.0000000000000000
          0.0000000000000000           0.0000000000000000           0.0000000000000000
          0.0000000000000000           0.0000000000000000           0.0000000000000000
          0.0000000000000000           0.0000000000000000           0.0000000000000000
          0.0000000000000000           0.0000000000000000           0.0000000000000000
          0.0000000000000000           0.0000000000000000           0.0000000000000000
          0.0000000000000000           0.0000000000000000           0.0000000000000000
          0.0000000000000000           0.0000000000000000           0.0000000000000000
          0.0000000000000000           0.0000000000000000           0.0000000000000000
          0.0000000000000000           0.0000000000000000           0.0000000000000000
          0.0000000000000000           0.0000000000000000           0.0000000000000000
          0.0000000000000000           0.0000000000000000           0.0000000000000000
          0.0000000000000000           0.0000000000000000           0.0000000000000000
         -0.0298830180597499          -0.0162381140841582           0.0019360324771195
         -0.0077738450714793          -0.0022969728402862           0.0051890694962606
          0.0034117709458962           0.0090266507426635           0.0183021460628300
          0.0109326143622625           0.0207248158019448           0.0372780772386667
          0.0143070580505838           0.0255411293115038           0.0488949715927376
          0.0097600380067265           0.0139946706701517           0.0365797886737751
          0.0001073163958019          -0.0027406552277309           0.0060484646374240
         -0.0001763092270995          -0.0004498644876891          -0.0000912562339465
         -0.0505270736798911          -0.0460453962381498          -0.0102564955118031
          0.0155645903902757           0.0976835147097432           0.1986558802014615
         -0.0127176686062603           0.0151574871637713           0.0678726107986545
          0.0533739954639074           0.1588863981116643           0.2767849865119154
         -0.0280521198449894          -0.0333441928001241          -0.0089382859765230
          0.0538193050377752           0.1313093356097934           0.2297897033283599
         -0.0058828190363776           0.0055663608488133           0.0407495624540931
          0.0759886058463870           0.1702198892587321           0.2794775517589773
          0.0786222357593783           0.1551584692579100           0.2540329446221132
          0.0857624792989757           0.1682193864428656           0.2681264466557628
          0.0780965316144951           0.1493092256649615           0.2402209657029285
          0.0761885923938718           0.1441412818511161           0.2283183407637340
          0.0549499818005982           0.1038485663132743           0.1891049383161874
         -0.0128294619454708          -0.0261318809849950           0.0340762121543798
          0.0601789799501629           0.1129967484228435           0.1780016983523722
          0.0545930366633293           0.1007489005569355           0.1571476026375056
          0.0365506549378804           0.0665932347955023           0.1174327096889644
         -0.0069503388920003          -0.0139239302708646           0.0150462383125413
          0.0278530154731476           0.0469298936292403           0.0674498008186283
          0.0235394084984128           0.0392008171181216           0.0560669072701643
          0.0147393423374872           0.0242766842418756           0.0382435119196027
         -0.0015060850627030          -0.0030232341948082           0.0033187840681822
          0.0387319732060554           0.0787755608668059           0.1298672686625635
         -0.0562132148508607          -0.0529565016310087          -0.0356675763177358
          0.0119540457997815           0.0360807972605922           0.0874261232546771
         -0.0829911422571385          -0.0956512652372247          -0.0781087217256199
          0.0394586238997035           0.0784644064291169           0.1267514412720732
         -0.0265750313033096          -0.0294818350242828          -0.0163257325961524
          0.0128536761878702           0.0358792132098224           0.0803206350688673
         -0.0531799790151422          -0.0720670282435762          -0.0627565387993606
         -0.0023420531817994          -0.0029338109149464           0.0150085221496188
         -0.0262966912375758          -0.0423391846727492          -0.0322946510631458
          0.0085148483639681           0.0157168692650898           0.0408108672937565
         -0.0104280181091493          -0.0163786781555509          -0.0004188298792219
         -0.0166948176372674          -0.0267543758500414          -0.0210647406979288
          0.0111260806068132           0.0145860516473763           0.0073021362288346
          0.0110111363762125           0.0222551547534172           0.0460879874705551
         -0.0015892971315194           0.0008560411537683           0.0176964602589912
         -0.0087577702220156          -0.0115351147513172          -0.0026642367641079
          0.0038896836518370           0.0038347146912523           0.0010337915341451
          0.0076324675063621           0.0136404249080856           0.0230377557242729
          0.0026619752645429           0.0058221086903029           0.0130384044361388
         -0.0014695106929074          -0.0006214588032628           0.0039961392038144
          0.0001826325043343           0.0000147233155847          -0.0000627778239769
   0
          0.0000000000000000           0.0000000000000001           0.0000000000000001
         -0.0000000000000000           0.0000000000000001           0.0000000000000001
         -0.0000000000000000           0.0000000000000001           0.0000000000000000
          0.0000000000000000           0.0000000000000000           0.0000000000000000
         -0.0000000000000000           0.0000000000000001           0.0000000000000000
          0.0000000000000000           0.0000000000000000          -0.0000000000000000
         -0.0000000000000000           0.0000000000000000           0.0000000000000000
         -0.0000000000000000           0.0000000000000000           0.0000000000000000
          0.0000000000000003          -0.0000000000000006           0.0000000000000016
         -0.0000000000000003          -0.0000000000000006          -0.0000000000000001
         -0.0000000000000001           0.0000000000000004           0.0000000000000004
          0.0000000000000003           0.0000000000000012          -0.0000000000000003
         -0.0000000000000005           0.0000000000000002           0.0000000000000000
         -0.0000000000000001          -0.0000000000000006           0.0000000000000015
         -0.0000000000000000           0.0000000000000002          -0.0000000000000001
          0.0000000000000001          -0.0000000000000001           0.0000000000000001
         -0.0000000000000004          -0.0000000000000001          -0.0000000000000004
          0.0000000000000001           0.0000000000000005          -0.0000000000000001
         -0.0000000000000001           0.0000000000000003           0.0000000000000000
          0.0000000000000001           0.0000000000000001          -0.0000000000000000
          0.0000000000000001          -0.0000000000000001           0.0000000000000000
          0.0000000000000000          -0.0000000000000000          -0.0000000000000000
          0.0000000000000000          -0.0000000000000000           0.0000000000000000
         -0.0000000000000001           0.0000000000000000           0.0000000000000000
         -0.0000000000000000          -0.0000000000000001          -0.0000000000000000
         -0.0000000000000000           0.0000000000000000          -0.0000000000000000
         -0.0000000000000000           0.0000000000000000           0.0000000000000000
         -0.0000000000000000           0.0000000000000000          -0.0000000000000000
         -0.0000000000000000           0.0000000000000000          -0.0000000000000000
         -0.0000000000000000           0.0000000000000000           0.0000000000000000
          0.0000000000000000           0.0000000000000000           0.0000000000000000
          0.0000000000000000           0.0000000000000000           0.0000000000000000
          0.0000000000000000           0.0000000000000000           0.0000000000000000
          0.0000000000000000           0.0000000000000000           0.0000000000000000
          0.0000000000000000           0.0000000000000000           0.0000000000000000
          0.0000000000000000           0.0000000000000000           0.0000000000000000
          0.0000000000000000           0.0000000000000000           0.0000000000000000
          0.0000000000000000           0.0000000000000000           0.0000000000000000
         -0.0642468752196198          -0.0778238509567009          -0.0922188238238354
          0.0467656335748120           0.1036429101924988           0.1864185161686652
         -0.0264522384731889          -0.0176790593168647           0.0092212897408535
          0.0845602703212435           0.1637877018323342           0.2878586297333534
         -0.0409815154984481          -0.0600026926961126          -0.0796074508564014
          0.0538651080948405           0.1089852641009469           0.1900331595323167
         -0.0143609175875424          -0.0157645908792411          -0.0009482091380192
          0.0804857060057468           0.1532233659178235           0.2686924012507035
          0.0553545938944550           0.1068178481053565           0.1835999939691109
          0.0703530261168380           0.1309344028220681           0.2309085486163745
          0.0484421677124721           0.0913068683132948           0.1571130241019070
          0.0550217409579098           0.0989357313188217           0.1770024854946522
          0.0555050429149064           0.0927981364876330           0.1813443803039617
         -0.0004036460506417          -0.0019008349188145           0.0383510637296178
          0.0351227563641325           0.0633512799976992           0.1089019120788106
          0.0363509975034330           0.0614665946320438           0.1118433384871037
          0.0321157548102380           0.0496283969331971           0.1020798782820825
         -0.0016110351748088          -0.0038915660648777           0.0145199451495020
          0.0152382938936537           0.0239803552256725           0.0394951330695308
          0.0140741857049282           0.0205439431664910           0.0373528799764195
          0.0106347269523736           0.0138429795085016           0.0304951667884600
         -0.0004791684149861          -0.0013545761156141           0.0027981250936023
          0.0000000000000000           0.0000000000000000           0.0000000000000000
          0.0000000000000000           0.0000000000000000           0.0000000000000000
          0.0000000000000000           0.0000000000000000           0.0000000000000000
          0.0000000000000000           0.0000000000000000           0.0000000000000000
          0.0000000000000000           0.0000000000000000           0.0000000000000000
          0.0000000000000000           0.0000000000000000           0.0000000000000000
          0.0000000000000000           0.0000000000000000           0.0000000000000000
          0.0000000000000000           0.0000000000000000           0.0000000000000000
          0.0000000000000000           0.0000000000000000           0.0000000000000000
          0.0000000000000000           0.0000000000000000           0.0000000000000000
          0.0000000000000000           0.0000000000000000           0.0000000000000000
          0.0000000000000000           0.0000000000000000           0.0000000000000000
          0.0000000000000000           0.0000000000000000           0.0000000000000000
          0.0000000000000000           0.0000000000000000           0.0000000000000000
          0.0000000000000000           0.0000000000000000           0.0000000000000000
          0.0000000000000000           0.0000000000000000           0.0000000000000000
          0.0000000000000000           0.0000000000000000           0.0000000000000000
          0.0000000000000000           0.0000000000000000           0.0000000000000000
          0.0000000000000000           0.0000000000000000           0.0000000000000000
          0.0000000000000000           0.0000000000000000           0.0000000000000000
          0.0000000000000000           0.0000000000000000           0.0000000000000000
          0.0000000000000000           0.0000000000000000           0.0000000000000000
