1  82   4   0   0   -11.339072   0.000000

./DATA/200/21/
0
          1.9754740109130164
          9.4395506737352370
          1.1747563758055473
          6.7061350243607709
          0.6740152500244937
          4.7715179315586109
          0.3008360464718531
          3.0183906925036661
          0.0811132345797733
          1.5114914465928910
          0.0102277351890464
          0.5300681923623964
          0.0000587066403856
          0.0400860955514548
          0.0000000019381467
          0.0002303238368229
          0.0871661480441699
          2.8892420497176308
         11.9447359519331879
          0.2427302645283612
         12.4355054022440363
         28.3422462775754020
          0.0642947622595066
          1.5961525815996558
         10.2881148895896661
          0.3754229952278891
         20.6886792866524765
         43.0831355408738688
          0.0478492440068768
          1.9563876837947647
          8.7332570101187947
          0.1332318381381302
          8.6700861823361031
         20.8519748291091815
          0.0353087616744721
          1.0441305479177212
          7.3653548057937028
          0.2060739499369786
         14.4715275450003809
         31.6027904437745626
          0.0474005298269163
          4.7484604763882157
         12.5576703973458024
          0.0733194649831427
          7.9642921557219459
         18.9397567294260725
          0.0111653220660722
          2.1128510750976535
          6.4172557154950649
          0.0172712352672664
          3.5623221798432123
          9.6235119242814822
          0.0454830057794573
         10.3807998437632563
         23.3721098712791253
         26.2937546500790305
       8239.6908058346525650
      14590.8720213459237129
          0.0014167366224781
          0.6956441789083740
          2.6055051808543146
          0.0021915482703651
          1.1787410526729258
          3.8861795864784971
          0.0057719472361239
          3.4375881179880281
          9.1562101536414193
          3.3383590763369084
       2501.2800572965470565
       4316.1564411760009534
          0.0000228356796023
          0.0821344841612668
          0.4845512922423619
          0.0000353248715103
          0.1398432056561314
          0.7204106948117833
          0.0000930409083637
          0.4077566507199844
          1.6397481275905583
          0.0538251019605771
        267.4698501622642084
        445.0881729018808528
1
          3.1465168912450805
          8.2685077934031739
          2.2353783414535906
          5.6455130587127282
          1.5905059771862038
          3.8550272043969023
          1.0061302308345554
          2.3130965081409633
          0.5038304821976305
          1.0887741989750341
          0.1766893974541321
          0.3636065300973108
          0.0133620318504849
          0.0267827703413554
          0.0000767746122743
          0.0001535511626953
          1.0812682688148767
          6.7637014468982599
          7.0761744339818797
          1.4728563065120648
         20.0942867061074679
         19.4533389317282577
          1.0578049102077476
          5.2751842998441640
          5.6155730233969150
          1.8409809856021251
         31.9363548182625507
         30.3699020188896327
          0.7645961150507931
          4.9451083379091907
          5.0277894849604445
          1.0064828626376843
         14.7783795549095096
         13.8704304320363043
          0.7510193488379172
          3.7562413554925227
          3.9375334110554285
          1.2347928440116995
         23.4227837894931206
         21.6228153052071050
          0.5340605443344545
          8.8864793350243581
          7.9329915242021105
          0.6350416229243530
         14.0111852923426348
         12.3311414348641435
          0.2289728192468808
          4.5245085302021559
          3.7877907632097454
          0.2616523636172736
          7.0798106155675011
          5.8616423602071830
          0.3957579972244186
         18.2501572009916870
         15.1524775226057375
         58.1446430024295040
      12357.5223301706464554
      10441.1896086575798108
          0.0725181257627290
          1.8238485953468755
          1.4061993752755619
          0.0791769766891740
          2.8253461218316236
          2.1625890889009844
          0.1064079401395333
          7.0371869281445347
          5.4559753505814710
         11.4702177971759394
       3688.2572109551688300
       3121.0474287965425901
          0.0082174428379154
          0.3339774705394986
          0.2245136987058155
          0.0085062056742400
          0.5098757870780861
          0.3419072325870989
          0.0096827411164995
          1.2097188197340358
          0.8281962583683748
          0.4841992026327221
        384.9136669167439209
        327.2139820467298250
1
          3.1465168912450809
          8.2685077934031739
          2.2353783414535902
          5.6455130587127300
          1.5905059771862038
          3.8550272043969018
          1.0061302308345554
          2.3130965081409638
          0.5038304821976305
          1.0887741989750330
          0.1766893974541321
          0.3636065300973107
          0.0133620318504849
          0.0267827703413554
          0.0000767746122743
          0.0001535511626953
          1.0812682688148767
          6.7637014468982519
          7.0761744339818780
          1.4728563065120652
         20.0942867061074466
         19.4533389317282328
          1.0578049102077480
          5.2751842998441587
          5.6155730233969123
          1.8409809856021253
         31.9363548182625543
         30.3699020188897464
          0.7645961150507931
          4.9451083379091880
          5.0277894849604392
          1.0064828626376843
         14.7783795549094972
         13.8704304320362706
          0.7510193488379172
          3.7562413554925245
          3.9375334110554276
          1.2347928440116995
         23.4227837894931277
         21.6228153052071370
          0.5340605443344546
          8.8864793350243652
          7.9329915242021105
          0.6350416229243528
         14.0111852923426348
         12.3311414348641222
          0.2289728192468808
          4.5245085302021524
          3.7877907632097414
          0.2616523636172736
          7.0798106155675082
          5.8616423602071448
          0.3957579972244186
         18.2501572009916444
         15.1524775226057429
         58.1446430024294969
      12357.5223301706482744
      10441.1896086575870868
          0.0725181257627290
          1.8238485953468757
          1.4061993752755610
          0.0791769766891740
          2.8253461218316240
          2.1625890889009867
          0.1064079401395333
          7.0371869281445356
          5.4559753505814701
         11.4702177971759394
       3688.2572109551688300
       3121.0474287965444091
          0.0082174428379154
          0.3339774705394983
          0.2245136987058151
          0.0085062056742400
          0.5098757870780846
          0.3419072325870980
          0.0096827411164995
          1.2097188197340361
          0.8281962583683760
          0.4841992026327220
        384.9136669167440346
        327.2139820467298819
1
          3.1465168912450805
          8.2685077934031721
          2.2353783414535902
          5.6455130587127211
          1.5905059771862040
          3.8550272043969018
          1.0061302308345554
          2.3130965081409647
          0.5038304821976305
          1.0887741989750337
          0.1766893974541321
          0.3636065300973110
          0.0133620318504849
          0.0267827703413554
          0.0000767746122743
          0.0001535511626953
          1.0812682688148765
          6.7637014468982475
          7.0761744339818788
          1.4728563065120646
         20.0942867061074573
         19.4533389317281618
          1.0578049102077478
          5.2751842998441605
          5.6155730233969097
          1.8409809856021251
         31.9363548182625507
         30.3699020188897535
          0.7645961150507931
          4.9451083379091889
          5.0277894849604374
          1.0064828626376843
         14.7783795549094918
         13.8704304320362635
          0.7510193488379170
          3.7562413554925258
          3.9375334110554263
          1.2347928440116993
         23.4227837894931241
         21.6228153052071370
          0.5340605443344546
          8.8864793350243616
          7.9329915242021123
          0.6350416229243530
         14.0111852923426436
         12.3311414348641257
          0.2289728192468808
          4.5245085302021524
          3.7877907632097410
          0.2616523636172736
          7.0798106155675118
          5.8616423602071484
          0.3957579972244187
         18.2501572009916480
         15.1524775226057358
         58.1446430024294898
      12357.5223301706464554
      10441.1896086575980007
          0.0725181257627290
          1.8238485953468762
          1.4061993752755606
          0.0791769766891740
          2.8253461218316236
          2.1625890889009813
          0.1064079401395333
          7.0371869281445338
          5.4559753505814719
         11.4702177971759394
       3688.2572109551688300
       3121.0474287965448639
          0.0082174428379154
          0.3339774705394982
          0.2245136987058151
          0.0085062056742400
          0.5098757870780850
          0.3419072325870979
          0.0096827411164995
          1.2097188197340361
          0.8281962583683757
          0.4841992026327220
        384.9136669167439777
        327.2139820467298819
