1  82   2   1   2   -6.577904   0.000000
  0 
./DATA/100/00/GA/G015/M027/
0
          4.3550523826659964
          2.9873711017936051
          2.0541540769226136
          1.2385601714362917
          0.5730278510314508
          0.1770549361256478
          0.0098707832166191
          0.0000322733243379
          1.6074811223289218
          4.4775905740439148
          0.6160817561456915
          3.4861912078606831
          1.1464167306840038
          3.2173495912570140
          0.4251230460207724
          2.4960559065937851
          1.8684302686916756
          1.4408869320628030
          0.9120899420704862
          0.6982015441399441
          0.4267379969816970
          0.0564008745612328
          0.3473509608378069
          0.2638147341317287
          0.1563709965719661
          0.0147639491390802
          0.0558684269199678
          0.0420930438314372
          0.0241586390118391
          0.0013244458518594
          5.7512924351334185
          3.9682961062098898
          2.7250773175535490
          1.6361608462368409
          0.7640031031841484
          0.2515895350137633
          0.0185744721796483
          0.0001247672088169
          6.4721130696918356
         17.7247054188701760
          2.5096578959681688
         13.7622502451465110
          4.6401525600545162
         12.7220439906389391
          1.7734715121546141
          9.8553629427390526
          7.3349657022682679
          5.6609826337478282
          3.5206319223128868
          2.7048162546510048
          1.7203192768376916
          0.2787761905769650
          1.3053182385242468
          0.9979551537034482
          0.6202574063767184
          0.0825323632475694
          0.2039830134648244
          0.1551940797890197
          0.0934529072138009
          0.0085618252373072
          3.1612183716978368
          8.9371908725831641
          1.2266695832351922
          7.0026420841205237
          2.2507615806630845
          6.4303366946836364
          0.8524117409648482
          5.0319868549854023
          3.7167098292160152
          2.8992070772565639
          1.7849755364428164
          1.3843229282097402
          0.8773123626941511
          0.1173939835716393
          0.6596898674330520
          0.5068687456116816
          0.3118613574713747
          0.0341680833684262
          0.1017937423683623
          0.0768554924187822
          0.0449538477117710
          0.0033369445331999
1
          4.3550523826659964
          2.9873711017936042
          2.0541540769226141
          1.2385601714362917
          0.5730278510314507
          0.1770549361256478
          0.0098707832166191
          0.0000322733243379
          1.6074811223289209
          4.4775905740439130
          0.6160817561456916
          3.4861912078606836
          1.1464167306840034
          3.2173495912570131
          0.4251230460207724
          2.4960559065937868
          1.8684302686916758
          1.4408869320628030
          0.9120899420704860
          0.6982015441399433
          0.4267379969816969
          0.0564008745612328
          0.3473509608378068
          0.2638147341317286
          0.1563709965719661
          0.0147639491390802
          0.0558684269199678
          0.0420930438314372
          0.0241586390118391
          0.0013244458518594
          5.7512924351334185
          3.9682961062098903
          2.7250773175535485
          1.6361608462368404
          0.7640031031841483
          0.2515895350137634
          0.0185744721796483
          0.0001247672088169
          6.4721130696918330
         17.7247054188701760
          2.5096578959681728
         13.7622502451465216
          4.6401525600545153
         12.7220439906389302
          1.7734715121546150
          9.8553629427390419
          7.3349657022682608
          5.6609826337478291
          3.5206319223128890
          2.7048162546510031
          1.7203192768376900
          0.2787761905769647
          1.3053182385242466
          0.9979551537034480
          0.6202574063767192
          0.0825323632475694
          0.2039830134648242
          0.1551940797890197
          0.0934529072138008
          0.0085618252373072
          3.1612183716978364
          8.9371908725831695
          1.2266695832351917
          7.0026420841205281
          2.2507615806630858
          6.4303366946836400
          0.8524117409648477
          5.0319868549854014
          3.7167098292160143
          2.8992070772565639
          1.7849755364428153
          1.3843229282097407
          0.8773123626941510
          0.1173939835716392
          0.6596898674330522
          0.5068687456116820
          0.3118613574713744
          0.0341680833684262
          0.1017937423683623
          0.0768554924187821
          0.0449538477117710
          0.0033369445331999
   0    2  0.006043 -0.169777  0.253283 
         -0.0000000000000001          -0.0000000000000000           0.0000000000000001
          0.0000000000000000           0.0000000000000000           0.0000000000000000
          0.0000000000000001           0.0000000000000000          -0.0000000000000000
         -0.0000000000000001          -0.0000000000000000          -0.0000000000000000
          0.0000000000000000           0.0000000000000000           0.0000000000000000
          0.0000000000000000           0.0000000000000000           0.0000000000000000
          0.0000000000000000           0.0000000000000000           0.0000000000000000
          0.0000000000000000          -0.0000000000000000          -0.0000000000000000
         -0.0000000000000001           0.0000000000000000          -0.0000000000000001
         -0.0000000000000003           0.0000000000000002          -0.0000000000000006
         -0.0000000000000000          -0.0000000000000001          -0.0000000000000000
         -0.0000000000000002          -0.0000000000000003           0.0000000000000005
          0.0000000000000001          -0.0000000000000001          -0.0000000000000003
          0.0000000000000003           0.0000000000000002           0.0000000000000004
          0.0000000000000000           0.0000000000000001          -0.0000000000000001
          0.0000000000000001          -0.0000000000000000          -0.0000000000000001
         -0.0000000000000000           0.0000000000000000           0.0000000000000002
          0.0000000000000001          -0.0000000000000002           0.0000000000000001
          0.0000000000000001          -0.0000000000000001           0.0000000000000003
          0.0000000000000000           0.0000000000000000           0.0000000000000001
         -0.0000000000000000          -0.0000000000000001          -0.0000000000000000
         -0.0000000000000000           0.0000000000000000           0.0000000000000000
         -0.0000000000000000           0.0000000000000000          -0.0000000000000001
         -0.0000000000000000          -0.0000000000000000           0.0000000000000001
         -0.0000000000000000          -0.0000000000000000          -0.0000000000000000
          0.0000000000000000          -0.0000000000000000          -0.0000000000000000
          0.0000000000000000          -0.0000000000000000           0.0000000000000000
          0.0000000000000000          -0.0000000000000000           0.0000000000000000
          0.0000000000000000          -0.0000000000000000           0.0000000000000000
          0.0000000000000000           0.0000000000000000           0.0000000000000000
          0.0142757422857901          -0.0096353227283085           0.0098166789083608
          0.0053853766412292           0.0023018519288852           0.0000380316965257
          0.0021977268701970           0.0123915434019675          -0.0075194027385854
          0.0014109522784428           0.0220150733140986          -0.0141286525734510
          0.0012880277524689           0.0269197495927002          -0.0184418023829203
          0.0005656966728204           0.0212142320052472          -0.0172220486607502
          0.0000219540015800           0.0049415609011145          -0.0059100886050025
          0.0000106732150525           0.0001066843324241          -0.0001968616042208
          0.0035348464141656           0.0437748532536777          -0.0321916645202775
          0.0256932188081859           0.0103149279431494           0.0063541269757929
          0.0021342367550065           0.0365634763961465          -0.0228751831950954
          0.0242926091490241           0.0031035510856179           0.0156706083009767
          0.0022087235945829           0.0396270722591840          -0.0299636809710300
          0.0153802739562895           0.0275351218945033          -0.0088195861097394
          0.0013874718331423           0.0294606014048769          -0.0192993578766384
          0.0145590221948507           0.0173686510401972           0.0018447369846522
          0.0075155748450676           0.0414294817871062          -0.0206714513689795
          0.0070312325865686           0.0293725606094337          -0.0096918389478925
          0.0042700883792605           0.0429760527838653          -0.0224790948633191
          0.0038856161976995           0.0317821063836769          -0.0130343291971861
          0.0019735444951642           0.0160476950727730          -0.0044845937262494
         -0.0023418424293931          -0.0099834961112335          -0.0001311717631877
          0.0029902706262839           0.0326239850757279          -0.0163189583050965
          0.0026822530951796           0.0247383175625705          -0.0099150702437155
          0.0015031270710566           0.0139951969233925          -0.0039425449738757
         -0.0011221656227127          -0.0031080388255969          -0.0006910340721508
          0.0014529377624300           0.0125666761714728          -0.0056210782799029
          0.0012974255712001           0.0097603177082333          -0.0033774731633528
          0.0008450071787929           0.0059020275275714          -0.0012165731348127
         -0.0001848612817418          -0.0001715275773580          -0.0001850983696545
          0.0059105175460966           0.0642676608619121          -0.0361756517236122
          0.0233175476762552          -0.0101778796650857           0.0103381141791297
         -0.0000263073547429           0.0333181241262843          -0.0210349574930800
          0.0173807227754158          -0.0411274164007142           0.0254788084096621
          0.0048002690523881           0.0603603696669651          -0.0339514153376586
          0.0127887284984849           0.0068018244867249          -0.0048318517431100
          0.0001845640335231           0.0299646679692647          -0.0183939549171633
          0.0081730234796200          -0.0235938772109762           0.0107256086773856
          0.0048002696779145           0.0223843708856003          -0.0175060322503056
          0.0015097085006192          -0.0048039156418183          -0.0031508147925213
          0.0018039033440422           0.0279497614991463          -0.0206962757813712
         -0.0004406665463520           0.0068455522658239          -0.0094437950953055
         -0.0014629983692949          -0.0067921993505569          -0.0003826971429233
          0.0013576496134853           0.0027880589210072           0.0006246915814339
          0.0012167560802101           0.0231354433671139          -0.0157892670240350
         -0.0001414540640179           0.0099173788702105          -0.0087723500630350
         -0.0010324421158363          -0.0004081125850761          -0.0025568481359513
          0.0001887026705160           0.0007458188128039          -0.0000587145182199
          0.0008007819134611           0.0094866909754033          -0.0057184237397064
          0.0003172225613120           0.0051832359532748          -0.0034815375801615
         -0.0001228040777714           0.0012536752221951          -0.0013313477272953
         -0.0000142476995150           0.0000482665204703          -0.0000738654849191
   1
          0.0000000000000000           0.0000000000000000           0.0000000000000000
          0.0000000000000000           0.0000000000000000           0.0000000000000000
          0.0000000000000000           0.0000000000000000           0.0000000000000000
          0.0000000000000000           0.0000000000000000           0.0000000000000000
          0.0000000000000000           0.0000000000000000           0.0000000000000000
          0.0000000000000000           0.0000000000000000           0.0000000000000000
          0.0000000000000000           0.0000000000000000           0.0000000000000000
          0.0000000000000000           0.0000000000000000           0.0000000000000000
          0.0000000000000000           0.0000000000000000           0.0000000000000000
          0.0000000000000000           0.0000000000000000           0.0000000000000000
          0.0000000000000000           0.0000000000000000           0.0000000000000000
          0.0000000000000000           0.0000000000000000           0.0000000000000000
          0.0000000000000000           0.0000000000000000           0.0000000000000000
          0.0000000000000000           0.0000000000000000           0.0000000000000000
          0.0000000000000000           0.0000000000000000           0.0000000000000000
          0.0000000000000000           0.0000000000000000           0.0000000000000000
          0.0000000000000000           0.0000000000000000           0.0000000000000000
          0.0000000000000000           0.0000000000000000           0.0000000000000000
          0.0000000000000000           0.0000000000000000           0.0000000000000000
          0.0000000000000000           0.0000000000000000           0.0000000000000000
          0.0000000000000000           0.0000000000000000           0.0000000000000000
          0.0000000000000000           0.0000000000000000           0.0000000000000000
          0.0000000000000000           0.0000000000000000           0.0000000000000000
          0.0000000000000000           0.0000000000000000           0.0000000000000000
          0.0000000000000000           0.0000000000000000           0.0000000000000000
          0.0000000000000000           0.0000000000000000           0.0000000000000000
          0.0000000000000000           0.0000000000000000           0.0000000000000000
          0.0000000000000000           0.0000000000000000           0.0000000000000000
          0.0000000000000000           0.0000000000000000           0.0000000000000000
          0.0000000000000000           0.0000000000000000           0.0000000000000000
          0.0142757422857901          -0.0096353227283085           0.0098166789083609
          0.0053853766412292           0.0023018519288852           0.0000380316965258
          0.0021977268701970           0.0123915434019674          -0.0075194027385853
          0.0014109522784428           0.0220150733140985          -0.0141286525734510
          0.0012880277524689           0.0269197495927002          -0.0184418023829204
          0.0005656966728204           0.0212142320052472          -0.0172220486607501
          0.0000219540015800           0.0049415609011145          -0.0059100886050025
          0.0000106732150525           0.0001066843324241          -0.0001968616042208
          0.0195578331135554          -0.0059290421225947           0.0037946570329711
          0.0388982973311488           0.1141086045162462          -0.0554697321219339
          0.0153004394191596           0.0176757818694081          -0.0085131522360616
          0.0346409036367531           0.1377134285082494          -0.0677775413909726
          0.0101697999210271           0.0037280865407495          -0.0061287521531557
          0.0250081951807189           0.1305963017666286          -0.0714377820083803
          0.0081804836084767           0.0143545550110135          -0.0102538223066806
          0.0230188788681686           0.1412227702368913          -0.0755628521619071
          0.0141148653902770           0.1346768531476710          -0.0781805996740286
          0.0133771229692987           0.1320593059328869          -0.0747678189800110
          0.0089027876812064           0.1159414146572189          -0.0678641199006452
          0.0082860552572169           0.1062097730214277          -0.0611790552971736
          0.0052985912751379           0.0867440288454615          -0.0546308160641552
         -0.0029308570743871           0.0177899313794148          -0.0256523663390179
          0.0060140783907414           0.0785069479467246          -0.0450253646656042
          0.0053098368407531           0.0684858093245252          -0.0390202579639229
          0.0031440416030053           0.0517400837146154          -0.0322432886730718
         -0.0013805873126421           0.0078888207462719          -0.0118509490020094
          0.0026697647318092           0.0274886250713671          -0.0149739318737354
          0.0022155506187930           0.0229587307345536          -0.0125223728603068
          0.0012866444239231           0.0160312736032878          -0.0094912586919021
         -0.0002056272374238           0.0017101107619613          -0.0024519038839736
          0.0059105175460966           0.0642676608619119          -0.0361756517236114
          0.0233175476762560          -0.0101778796650885           0.0103381141791290
         -0.0000263073547429           0.0333181241262835          -0.0210349574930798
          0.0173807227754153          -0.0411274164007148           0.0254788084096614
          0.0048002690523883           0.0603603696669652          -0.0339514153376573
          0.0127887284984854           0.0068018244867245          -0.0048318517431118
          0.0001845640335231           0.0299646679692648          -0.0183939549171625
          0.0081730234796198          -0.0235938772109759           0.0107256086773849
          0.0048002696779146           0.0223843708856002          -0.0175060322503026
          0.0015097085006191          -0.0048039156418182          -0.0031508147925204
          0.0018039033440423           0.0279497614991463          -0.0206962757813703
         -0.0004406665463521           0.0068455522658240          -0.0094437950953063
         -0.0014629983692948          -0.0067921993505568          -0.0003826971429242
          0.0013576496134853           0.0027880589210072           0.0006246915814339
          0.0012167560802101           0.0231354433671137          -0.0157892670240350
         -0.0001414540640179           0.0099173788702102          -0.0087723500630346
         -0.0010324421158363          -0.0004081125850761          -0.0025568481359511
          0.0001887026705160           0.0007458188128040          -0.0000587145182200
          0.0008007819134611           0.0094866909754034          -0.0057184237397063
          0.0003172225613120           0.0051832359532748          -0.0034815375801615
         -0.0001228040777714           0.0012536752221951          -0.0013313477272952
         -0.0000142476995150           0.0000482665204703          -0.0000738654849191
   0
          0.0000000000000001           0.0000000000000000          -0.0000000000000001
          0.0000000000000000          -0.0000000000000000          -0.0000000000000000
         -0.0000000000000001          -0.0000000000000000           0.0000000000000000
          0.0000000000000001           0.0000000000000000           0.0000000000000000
          0.0000000000000000          -0.0000000000000000          -0.0000000000000000
          0.0000000000000000          -0.0000000000000000          -0.0000000000000000
          0.0000000000000000          -0.0000000000000000          -0.0000000000000000
         -0.0000000000000000           0.0000000000000000           0.0000000000000000
          0.0000000000000004           0.0000000000000006           0.0000000000000007
          0.0000000000000005           0.0000000000000005           0.0000000000000006
         -0.0000000000000000          -0.0000000000000001          -0.0000000000000002
         -0.0000000000000002           0.0000000000000001          -0.0000000000000001
         -0.0000000000000001           0.0000000000000000           0.0000000000000004
          0.0000000000000009          -0.0000000000000000          -0.0000000000000000
          0.0000000000000002           0.0000000000000001           0.0000000000000003
          0.0000000000000001          -0.0000000000000001           0.0000000000000011
         -0.0000000000000005          -0.0000000000000000          -0.0000000000000003
         -0.0000000000000003           0.0000000000000001           0.0000000000000001
          0.0000000000000004          -0.0000000000000005          -0.0000000000000005
         -0.0000000000000001          -0.0000000000000001          -0.0000000000000000
          0.0000000000000001           0.0000000000000001          -0.0000000000000001
         -0.0000000000000000           0.0000000000000000           0.0000000000000000
         -0.0000000000000001           0.0000000000000002           0.0000000000000002
          0.0000000000000001           0.0000000000000001          -0.0000000000000000
          0.0000000000000000           0.0000000000000001          -0.0000000000000000
         -0.0000000000000000           0.0000000000000000           0.0000000000000000
          0.0000000000000000           0.0000000000000000          -0.0000000000000000
         -0.0000000000000000           0.0000000000000000           0.0000000000000000
          0.0000000000000000          -0.0000000000000000           0.0000000000000000
          0.0000000000000000          -0.0000000000000000           0.0000000000000000
          0.0000000000000000           0.0000000000000000           0.0000000000000000
          0.0000000000000000           0.0000000000000000           0.0000000000000000
          0.0000000000000000           0.0000000000000000           0.0000000000000000
          0.0000000000000000           0.0000000000000000           0.0000000000000000
          0.0000000000000000           0.0000000000000000           0.0000000000000000
          0.0000000000000000           0.0000000000000000           0.0000000000000000
          0.0000000000000000           0.0000000000000000           0.0000000000000000
          0.0000000000000000           0.0000000000000000           0.0000000000000000
          0.0160229866993888          -0.0497038953762726           0.0359863215532490
          0.0132050785229632           0.1037936765730970          -0.0618238590977304
          0.0131662026641534          -0.0188876945267388           0.0143620309590332
          0.0103482944877267           0.1346098774226314          -0.0834481496919487
          0.0079610763264443          -0.0358989857184348           0.0238349288178744
          0.0096279212244289           0.1030611798721238          -0.0626181958986441
          0.0067930117753345          -0.0151060463938641           0.0090455355699580
          0.0084598566733196           0.1238541191966941          -0.0774075891465565
          0.0065992905452099           0.0932473713605636          -0.0575091483050507
          0.0063458903827298           0.1026867453234533          -0.0650759800321178
          0.0046326993019458           0.0729653618733535          -0.0453850250373255
          0.0044004390595175           0.0744276666377505          -0.0481447260999881
          0.0033250467799736           0.0706963337726885          -0.0501462223379054
         -0.0005890146449940           0.0277734274906484          -0.0255211945758302
          0.0030238077644576           0.0458829628709966          -0.0287064063605078
          0.0026275837455732           0.0437474917619551          -0.0291051877202076
          0.0016409145319488           0.0377448867912228          -0.0283007436991962
         -0.0002584216899294           0.0109968595718687          -0.0111599149298586
          0.0012168269693793           0.0149219488998942          -0.0093528535938325
          0.0009181250475929           0.0131984130263203          -0.0091448996969539
          0.0004416372451302           0.0101292460757164          -0.0082746855570894
         -0.0000207659556820           0.0018816383393194          -0.0022668055143191
          0.0000000000000000           0.0000000000000000           0.0000000000000000
          0.0000000000000000           0.0000000000000000           0.0000000000000000
          0.0000000000000000           0.0000000000000000           0.0000000000000000
          0.0000000000000000           0.0000000000000000           0.0000000000000000
          0.0000000000000000           0.0000000000000000           0.0000000000000000
          0.0000000000000000           0.0000000000000000           0.0000000000000000
          0.0000000000000000           0.0000000000000000           0.0000000000000000
          0.0000000000000000           0.0000000000000000           0.0000000000000000
          0.0000000000000000           0.0000000000000000           0.0000000000000000
          0.0000000000000000           0.0000000000000000           0.0000000000000000
          0.0000000000000000           0.0000000000000000           0.0000000000000000
          0.0000000000000000           0.0000000000000000           0.0000000000000000
          0.0000000000000000           0.0000000000000000           0.0000000000000000
          0.0000000000000000           0.0000000000000000           0.0000000000000000
          0.0000000000000000           0.0000000000000000           0.0000000000000000
          0.0000000000000000           0.0000000000000000           0.0000000000000000
          0.0000000000000000           0.0000000000000000           0.0000000000000000
          0.0000000000000000           0.0000000000000000           0.0000000000000000
          0.0000000000000000           0.0000000000000000           0.0000000000000000
          0.0000000000000000           0.0000000000000000           0.0000000000000000
          0.0000000000000000           0.0000000000000000           0.0000000000000000
          0.0000000000000000           0.0000000000000000           0.0000000000000000
