1  82   2   1   2   -6.155370   0.000000
  0 
./DATA/100/00/GA/G003/M024/
0
          3.7369843605881981
          2.4877917984173115
          1.6449525763727242
          0.9336409623033896
          0.3961424318857635
          0.1118206675530408
          0.0058158919626046
          0.0000209147068307
          0.9876284126903018
          2.7715315687059863
          0.3532722608700847
          2.1371754168857691
          0.6765092831138203
          1.9042645256049484
          0.2387665867843239
          1.4665218292754514
          1.0174127819263175
          0.7817696031947043
          0.4373418784392045
          0.3350407866820112
          0.2094992371955829
          0.0284698564191583
          0.1369769303420764
          0.1045537569800553
          0.0644414839790748
          0.0075788281801489
          0.0146160319372922
          0.0111019472340729
          0.0067101017207115
          0.0006355899387615
          4.9497873682055031
          3.4630304084592396
          2.4094753263454507
          1.4671045607380651
          0.6946738653601686
          0.2335379937751750
          0.0189482891827888
          0.0001592174757375
          4.3238651760265654
         13.1019283488258402
          1.5648648139640067
         10.3429279867632804
          3.0843788782504813
          9.3618652842882053
          1.0993681174885177
          7.3768545235262488
          5.3429531775531416
          4.1966009242804274
          2.5186757204725594
          1.9697964127132890
          1.2865785240018264
          0.2278942898037667
          0.9059050472838479
          0.7047092481893393
          0.4515987481597599
          0.0689993486750863
          0.1323784973629145
          0.1022061806109652
          0.0636347501281434
          0.0073669042744016
          2.6000651814547897
          6.1128315809714104
          1.0806151584372141
          4.5933815579538368
          1.8481368238395333
          4.3749852574298105
          0.7560050186812310
          3.2828534522715085
          2.5040551467575818
          1.8742965653124795
          1.1849522952119498
          0.8839052933372473
          0.5279387834342637
          0.0590201435190877
          0.4281544043620577
          0.3179401025009519
          0.1861022976310236
          0.0174071263325376
          0.0629212925918237
          0.0463959152119498
          0.0263332114103145
          0.0017899212813950
1
          3.7369843605881981
          2.4877917984173115
          1.6449525763727249
          0.9336409623033894
          0.3961424318857634
          0.1118206675530408
          0.0058158919626046
          0.0000209147068307
          0.9876284126903019
          2.7715315687059863
          0.3532722608700848
          2.1371754168857691
          0.6765092831138203
          1.9042645256049484
          0.2387665867843238
          1.4665218292754516
          1.0174127819263172
          0.7817696031947046
          0.4373418784392044
          0.3350407866820113
          0.2094992371955829
          0.0284698564191583
          0.1369769303420764
          0.1045537569800552
          0.0644414839790748
          0.0075788281801489
          0.0146160319372922
          0.0111019472340729
          0.0067101017207115
          0.0006355899387615
          4.9497873682055040
          3.4630304084592405
          2.4094753263454511
          1.4671045607380648
          0.6946738653601686
          0.2335379937751750
          0.0189482891827888
          0.0001592174757375
          4.3238651760265672
         13.1019283488258385
          1.5648648139640065
         10.3429279867632733
          3.0843788782504817
          9.3618652842882106
          1.0993681174885177
          7.3768545235262470
          5.3429531775531300
          4.1966009242804265
          2.5186757204725594
          1.9697964127132888
          1.2865785240018264
          0.2278942898037668
          0.9059050472838488
          0.7047092481893396
          0.4515987481597600
          0.0689993486750863
          0.1323784973629145
          0.1022061806109652
          0.0636347501281433
          0.0073669042744016
          2.6000651814547919
          6.1128315809714042
          1.0806151584372141
          4.5933815579538333
          1.8481368238395328
          4.3749852574298123
          0.7560050186812310
          3.2828534522715103
          2.5040551467575827
          1.8742965653124801
          1.1849522952119489
          0.8839052933372472
          0.5279387834342635
          0.0590201435190877
          0.4281544043620577
          0.3179401025009518
          0.1861022976310237
          0.0174071263325376
          0.0629212925918236
          0.0463959152119498
          0.0263332114103145
          0.0017899212813950
   0    2 -0.280284  0.273245 -0.074783 
          0.0000000000000000           0.0000000000000001           0.0000000000000000
          0.0000000000000000           0.0000000000000000           0.0000000000000000
          0.0000000000000000           0.0000000000000000           0.0000000000000000
         -0.0000000000000000          -0.0000000000000000           0.0000000000000000
         -0.0000000000000000          -0.0000000000000000           0.0000000000000000
         -0.0000000000000000           0.0000000000000000           0.0000000000000000
         -0.0000000000000000          -0.0000000000000000           0.0000000000000000
         -0.0000000000000000           0.0000000000000000           0.0000000000000000
         -0.0000000000000001          -0.0000000000000000           0.0000000000000000
          0.0000000000000000           0.0000000000000002           0.0000000000000000
          0.0000000000000000           0.0000000000000000          -0.0000000000000000
         -0.0000000000000002          -0.0000000000000002           0.0000000000000000
         -0.0000000000000001           0.0000000000000000           0.0000000000000000
          0.0000000000000001           0.0000000000000001          -0.0000000000000000
         -0.0000000000000000          -0.0000000000000000           0.0000000000000000
         -0.0000000000000000          -0.0000000000000000           0.0000000000000000
          0.0000000000000001           0.0000000000000000           0.0000000000000000
         -0.0000000000000000          -0.0000000000000001          -0.0000000000000000
          0.0000000000000000          -0.0000000000000001          -0.0000000000000000
         -0.0000000000000000          -0.0000000000000000          -0.0000000000000000
          0.0000000000000000           0.0000000000000000           0.0000000000000000
         -0.0000000000000000           0.0000000000000000           0.0000000000000000
         -0.0000000000000000           0.0000000000000000          -0.0000000000000000
          0.0000000000000000           0.0000000000000000           0.0000000000000000
          0.0000000000000000          -0.0000000000000000          -0.0000000000000000
          0.0000000000000000          -0.0000000000000000          -0.0000000000000000
          0.0000000000000000           0.0000000000000000           0.0000000000000000
         -0.0000000000000000           0.0000000000000000           0.0000000000000000
          0.0000000000000000          -0.0000000000000000          -0.0000000000000000
          0.0000000000000000           0.0000000000000000           0.0000000000000000
          0.0922118718011738          -0.0195333111507356           0.0468208761320596
          0.0254075660613367          -0.0056780831859772          -0.0044217887584735
         -0.0043294314830932           0.0038270450826360          -0.0562015621216484
         -0.0046461590493909           0.0054115566605011          -0.1078963613004495
          0.0188070048188268          -0.0043541685399539          -0.1265418489536592
          0.0290449058837916          -0.0133098010391376          -0.0809103341463874
          0.0079242894071270          -0.0059676109387124          -0.0077612951989828
          0.0001775145331950          -0.0001963604939814           0.0001505735806624
          0.0571802889080805          -0.0272735314965923          -0.1195174588754031
          0.0259656402000827           0.0155162150065131          -0.0428651868894307
          0.0344902898542728          -0.0197160092142710          -0.0595943095303897
          0.0032756411462771           0.0230737372888367           0.0170579624555823
          0.0506050892263181          -0.0248802065628747          -0.1121922564361641
         -0.0441082602349622           0.0346652173782412          -0.1141184139415999
          0.0364261465016957          -0.0206127174458556          -0.0453371483540325
         -0.0582872029595856           0.0389327064952606          -0.0472633058594683
         -0.0846938630862698           0.0457019866828467          -0.1702159919317699
         -0.0928301146247515           0.0475334527349203          -0.1026246861887192
         -0.0739074260177157           0.0407169741501836          -0.1724427823087790
         -0.0796830665382574           0.0415725852761619          -0.1154260665433159
         -0.0563940038137834           0.0232581234198583          -0.0336843227111020
          0.0270936784486294          -0.0192278081297949           0.0109151078345973
         -0.0378756027103738           0.0259311057877457          -0.1250978717484041
         -0.0421691193711040           0.0263136329049633          -0.0877725877089627
         -0.0338127921964118           0.0173763493690538          -0.0367231069886852
          0.0063794084750085          -0.0066567820999649           0.0025986915556898
         -0.0047417841996339           0.0080570076437398          -0.0434305257984076
         -0.0065461886852466           0.0080376508879143          -0.0314288149799220
         -0.0064435350407861           0.0058962987499352          -0.0154909859900806
         -0.0000153386067058          -0.0006771850903655           0.0000662630361566
         -0.0614575132401908           0.0397629867438017          -0.3026997119677869
          0.1446034423483552          -0.0515203032338798           0.1403170662029543
          0.0021552683435286          -0.0039456604550937          -0.2011571323755830
          0.2082162239320746          -0.0952289504327766           0.2418596457951573
         -0.0554216770082346           0.0370263697475569          -0.2855630993883952
          0.0619185059995898          -0.0272413589321905           0.0592524290106315
          0.0010082235233775          -0.0014319525916449          -0.1786913868012695
          0.1183484065312018          -0.0656996812713922           0.1661241415977572
         -0.0030117868837789          -0.0049489875039467          -0.0262878020868163
          0.0378089171094656          -0.0340200505219382           0.0755085151009998
         -0.0220324298447904           0.0054757606493258          -0.0730954305903449
          0.0004994890028783          -0.0129451441060565           0.0085112798392878
          0.0158576663153543          -0.0212565550735689           0.0462183183574564
          0.0050401558431837           0.0028195813645540          -0.0152668901303078
         -0.0134465726977544           0.0067169517335768          -0.0730673355684036
         -0.0054733022104491          -0.0024659319273014          -0.0221433980984196
          0.0008875832673329          -0.0079904893636359           0.0119942895254491
          0.0014277213690908           0.0002450373111121          -0.0033709405371480
         -0.0003236213868561           0.0030617813845947          -0.0315855461574601
         -0.0001190437066356           0.0007885386496885          -0.0161795599560482
         -0.0001234387776673          -0.0009502474423580          -0.0027837515827516
          0.0000517173418976          -0.0001107122291097           0.0000813539259300
   1
          0.0000000000000000           0.0000000000000000           0.0000000000000000
          0.0000000000000000           0.0000000000000000           0.0000000000000000
          0.0000000000000000           0.0000000000000000           0.0000000000000000
          0.0000000000000000           0.0000000000000000           0.0000000000000000
          0.0000000000000000           0.0000000000000000           0.0000000000000000
          0.0000000000000000           0.0000000000000000           0.0000000000000000
          0.0000000000000000           0.0000000000000000           0.0000000000000000
          0.0000000000000000           0.0000000000000000           0.0000000000000000
          0.0000000000000000           0.0000000000000000           0.0000000000000000
          0.0000000000000000           0.0000000000000000           0.0000000000000000
          0.0000000000000000           0.0000000000000000           0.0000000000000000
          0.0000000000000000           0.0000000000000000           0.0000000000000000
          0.0000000000000000           0.0000000000000000           0.0000000000000000
          0.0000000000000000           0.0000000000000000           0.0000000000000000
          0.0000000000000000           0.0000000000000000           0.0000000000000000
          0.0000000000000000           0.0000000000000000           0.0000000000000000
          0.0000000000000000           0.0000000000000000           0.0000000000000000
          0.0000000000000000           0.0000000000000000           0.0000000000000000
          0.0000000000000000           0.0000000000000000           0.0000000000000000
          0.0000000000000000           0.0000000000000000           0.0000000000000000
          0.0000000000000000           0.0000000000000000           0.0000000000000000
          0.0000000000000000           0.0000000000000000           0.0000000000000000
          0.0000000000000000           0.0000000000000000           0.0000000000000000
          0.0000000000000000           0.0000000000000000           0.0000000000000000
          0.0000000000000000           0.0000000000000000           0.0000000000000000
          0.0000000000000000           0.0000000000000000           0.0000000000000000
          0.0000000000000000           0.0000000000000000           0.0000000000000000
          0.0000000000000000           0.0000000000000000           0.0000000000000000
          0.0000000000000000           0.0000000000000000           0.0000000000000000
          0.0000000000000000           0.0000000000000000           0.0000000000000000
          0.0922118718011738          -0.0195333111507357           0.0468208761320597
          0.0254075660613367          -0.0056780831859772          -0.0044217887584735
         -0.0043294314830931           0.0038270450826360          -0.0562015621216482
         -0.0046461590493909           0.0054115566605010          -0.1078963613004495
          0.0188070048188267          -0.0043541685399539          -0.1265418489536591
          0.0290449058837916          -0.0133098010391376          -0.0809103341463875
          0.0079242894071270          -0.0059676109387124          -0.0077612951989828
          0.0001775145331950          -0.0001963604939814           0.0001505735806624
          0.1925529190686188          -0.0757581303936391           0.1011723648003031
         -0.0262610608522894           0.0522434974134840          -0.4259376563299697
          0.1754830724424693          -0.0597175734064509          -0.0443877886568588
         -0.0433309074784395           0.0682840544006719          -0.5714978097871314
          0.1120122370334908          -0.0524991894316157           0.0570699620732514
         -0.0990185790507800           0.0720692110623479          -0.5096913028287793
          0.1252035816267895          -0.0501516895043147          -0.0242696327522340
         -0.0858272344574818           0.0744167109896512          -0.5910308976542654
         -0.1254277644859612           0.0772736515098396          -0.5410890023577929
         -0.0955428890906225           0.0693607515121454          -0.5538696101649717
         -0.0916615621335407           0.0621078413178961          -0.4674468721280912
         -0.0663832145956400           0.0522417194257068          -0.4397059094919417
         -0.0044749816061939           0.0139185092940551          -0.3562341378473803
          0.0719372338052552          -0.0506995881600371          -0.0443427934867361
         -0.0383238075731244           0.0375798731277763          -0.3090895420169773
         -0.0266382195802424           0.0308053393634281          -0.2736347003576319
         -0.0028267643139059           0.0114262699968239          -0.2026494959850597
          0.0236952457472740          -0.0197725478731837          -0.0180934786404143
         -0.0005558564170353           0.0117073892246414          -0.0996073210715884
          0.0001451931540480           0.0095565819381484          -0.0834286365947164
          0.0016471420775862           0.0048849143045456          -0.0566544797028781
          0.0024700520188565          -0.0026827934998904          -0.0036948841440134
         -0.0614575132401906           0.0397629867438033          -0.3026997119677871
          0.1446034423483547          -0.0515203032338813           0.1403170662029530
          0.0021552683435287          -0.0039456604550938          -0.2011571323755837
          0.2082162239320744          -0.0952289504327763           0.2418596457951582
         -0.0554216770082347           0.0370263697475573          -0.2855630993883957
          0.0619185059995895          -0.0272413589321917           0.0592524290106314
          0.0010082235233775          -0.0014319525916452          -0.1786913868012695
          0.1183484065312016          -0.0656996812713926           0.1661241415977568
         -0.0030117868837794          -0.0049489875039464          -0.0262878020868167
          0.0378089171094657          -0.0340200505219389           0.0755085151010003
         -0.0220324298447904           0.0054757606493259          -0.0730954305903448
          0.0004994890028782          -0.0129451441060562           0.0085112798392877
          0.0158576663153543          -0.0212565550735685           0.0462183183574564
          0.0050401558431837           0.0028195813645539          -0.0152668901303078
         -0.0134465726977544           0.0067169517335768          -0.0730673355684035
         -0.0054733022104491          -0.0024659319273014          -0.0221433980984196
          0.0008875832673328          -0.0079904893636358           0.0119942895254491
          0.0014277213690908           0.0002450373111121          -0.0033709405371480
         -0.0003236213868560           0.0030617813845947          -0.0315855461574601
         -0.0001190437066357           0.0007885386496885          -0.0161795599560482
         -0.0001234387776673          -0.0009502474423580          -0.0027837515827516
          0.0000517173418976          -0.0001107122291097           0.0000813539259300
   0
          0.0000000000000000          -0.0000000000000001          -0.0000000000000000
          0.0000000000000000           0.0000000000000000          -0.0000000000000000
          0.0000000000000000           0.0000000000000000          -0.0000000000000000
          0.0000000000000000           0.0000000000000000           0.0000000000000000
          0.0000000000000000           0.0000000000000000           0.0000000000000000
          0.0000000000000000           0.0000000000000000          -0.0000000000000000
          0.0000000000000000           0.0000000000000000           0.0000000000000000
          0.0000000000000000          -0.0000000000000000           0.0000000000000000
          0.0000000000000001           0.0000000000000002           0.0000000000000000
          0.0000000000000000           0.0000000000000007          -0.0000000000000000
         -0.0000000000000000           0.0000000000000000          -0.0000000000000000
          0.0000000000000001           0.0000000000000001          -0.0000000000000000
         -0.0000000000000000           0.0000000000000001          -0.0000000000000000
         -0.0000000000000001          -0.0000000000000000           0.0000000000000000
          0.0000000000000000          -0.0000000000000001          -0.0000000000000000
         -0.0000000000000000          -0.0000000000000000           0.0000000000000000
          0.0000000000000000          -0.0000000000000000          -0.0000000000000000
         -0.0000000000000001          -0.0000000000000001          -0.0000000000000000
          0.0000000000000000           0.0000000000000000           0.0000000000000000
          0.0000000000000000          -0.0000000000000000           0.0000000000000000
         -0.0000000000000000          -0.0000000000000001          -0.0000000000000000
          0.0000000000000000          -0.0000000000000000           0.0000000000000000
         -0.0000000000000000          -0.0000000000000000           0.0000000000000000
         -0.0000000000000000          -0.0000000000000000          -0.0000000000000000
          0.0000000000000000           0.0000000000000000           0.0000000000000000
          0.0000000000000000          -0.0000000000000000           0.0000000000000000
         -0.0000000000000000           0.0000000000000000          -0.0000000000000000
          0.0000000000000000           0.0000000000000000           0.0000000000000000
         -0.0000000000000000          -0.0000000000000000           0.0000000000000000
         -0.0000000000000000          -0.0000000000000000           0.0000000000000000
          0.0000000000000000           0.0000000000000000           0.0000000000000000
          0.0000000000000000           0.0000000000000000           0.0000000000000000
          0.0000000000000000           0.0000000000000000           0.0000000000000000
          0.0000000000000000           0.0000000000000000           0.0000000000000000
          0.0000000000000000           0.0000000000000000           0.0000000000000000
          0.0000000000000000           0.0000000000000000           0.0000000000000000
          0.0000000000000000           0.0000000000000000           0.0000000000000000
          0.0000000000000000           0.0000000000000000           0.0000000000000000
          0.1353726301605388          -0.0484845988970463           0.2206898236757057
         -0.0522267010523746           0.0367272824069705          -0.3830724694405389
          0.1409927825881967          -0.0400015641921798           0.0152065208735309
         -0.0466065486247166           0.0452103171118365          -0.5885557722427146
          0.0614071478071728          -0.0276189828687408           0.1692622185094156
         -0.0549103188158174           0.0374039936841095          -0.3955728888871797
          0.0887774351250939          -0.0295389720584590           0.0210675156017986
         -0.0275400314978964           0.0354840044943904          -0.5437675917947969
         -0.0407339013996907           0.0315716648269915          -0.3708730104260231
         -0.0027127744658718           0.0218272987772249          -0.4512449239762523
         -0.0177541361158254           0.0213908671677127          -0.2950040898193124
          0.0132998519426176           0.0106691341495447          -0.3242798429486257
          0.0519190222075897          -0.0093396141258033          -0.3225498151362781
          0.0448435553566259          -0.0314717800302422          -0.0552579013213335
         -0.0004482048627504           0.0116487673400306          -0.1839916702685729
          0.0155308997908617           0.0044917064584646          -0.1858621126486690
          0.0309860278825060          -0.0059500793722299          -0.1659263889963745
          0.0173158372722654          -0.0131157657732187          -0.0206921701961042
          0.0041859277825986           0.0036503815809017          -0.0561767952731807
          0.0066913818392946           0.0015189310502341          -0.0519998216147944
          0.0080906771183724          -0.0010113844453896          -0.0411634937127976
          0.0024853906255623          -0.0020056084095249          -0.0037611471801700
          0.0000000000000000           0.0000000000000000           0.0000000000000000
          0.0000000000000000           0.0000000000000000           0.0000000000000000
          0.0000000000000000           0.0000000000000000           0.0000000000000000
          0.0000000000000000           0.0000000000000000           0.0000000000000000
          0.0000000000000000           0.0000000000000000           0.0000000000000000
          0.0000000000000000           0.0000000000000000           0.0000000000000000
          0.0000000000000000           0.0000000000000000           0.0000000000000000
          0.0000000000000000           0.0000000000000000           0.0000000000000000
          0.0000000000000000           0.0000000000000000           0.0000000000000000
          0.0000000000000000           0.0000000000000000           0.0000000000000000
          0.0000000000000000           0.0000000000000000           0.0000000000000000
          0.0000000000000000           0.0000000000000000           0.0000000000000000
          0.0000000000000000           0.0000000000000000           0.0000000000000000
          0.0000000000000000           0.0000000000000000           0.0000000000000000
          0.0000000000000000           0.0000000000000000           0.0000000000000000
          0.0000000000000000           0.0000000000000000           0.0000000000000000
          0.0000000000000000           0.0000000000000000           0.0000000000000000
          0.0000000000000000           0.0000000000000000           0.0000000000000000
          0.0000000000000000           0.0000000000000000           0.0000000000000000
          0.0000000000000000           0.0000000000000000           0.0000000000000000
          0.0000000000000000           0.0000000000000000           0.0000000000000000
          0.0000000000000000           0.0000000000000000           0.0000000000000000
