1  82   2   1   2   -6.345499   0.000000
  0 
./DATA/100/00/GA/G024/M025/
0
          3.7490225115597613
          2.6134846398416913
          1.8169673335983418
          1.1023468887062622
          0.5098417010977219
          0.1584568654917778
          0.0095558934024751
          0.0000397229269094
          1.2486583654508538
          3.4712383000513705
          0.4781169796301478
          2.7006969142306674
          0.8998644912743257
          2.5140260073684968
          0.3365894977606891
          1.9507510138548596
          1.4624277367228002
          1.1300737806077645
          0.7003126522100539
          0.5385659488138380
          0.3398139731683333
          0.0480239140151970
          0.2517404364154663
          0.1926090633327091
          0.1193209965701510
          0.0141291151358157
          0.0343787521526813
          0.0261416170696777
          0.0158186700997809
          0.0014498248271404
          4.9791705808222098
          3.3778876478927322
          2.2673093641189443
          1.3091618688069895
          0.5707636228270060
          0.1695466775946868
          0.0099968433587696
          0.0000417656166617
          4.7619459341157304
         12.3115017393123782
          1.8160402506942876
          9.3655960558909221
          3.3785794055030123
          8.7298941569326605
          1.2737728613164552
          6.6250876127461051
          4.9170527560339137
          3.7179261611606655
          2.2758340635568741
          1.7137918719779279
          1.0485405386841715
          0.1408454080637444
          0.7979701884006033
          0.5985039679809169
          0.3589969003770409
          0.0398747149694919
          0.1113901290441358
          0.0832645962291990
          0.0486300501924109
          0.0038231833136856
          1.9839539741261443
          6.5527698625879092
          0.6673654026617898
          5.2361812911235575
          1.3931565926247513
          4.6610801885930799
          0.4549567111088584
          3.7228803070771908
          2.6341599506756554
          2.1005471609751210
          1.2207407856936192
          0.9700817876164580
          0.6355125908427353
          0.0880989273559701
          0.4267922974379760
          0.3370632694307561
          0.2165450853582349
          0.0260313026560528
          0.0587958549588269
          0.0458333457300488
          0.0284174791283240
          0.0025999454035810
1
          3.7490225115597609
          2.6134846398416909
          1.8169673335983418
          1.1023468887062620
          0.5098417010977219
          0.1584568654917778
          0.0095558934024751
          0.0000397229269094
          1.2486583654508532
          3.4712383000513705
          0.4781169796301478
          2.7006969142306674
          0.8998644912743258
          2.5140260073684955
          0.3365894977606891
          1.9507510138548594
          1.4624277367228005
          1.1300737806077648
          0.7003126522100540
          0.5385659488138380
          0.3398139731683334
          0.0480239140151970
          0.2517404364154663
          0.1926090633327091
          0.1193209965701510
          0.0141291151358157
          0.0343787521526813
          0.0261416170696777
          0.0158186700997809
          0.0014498248271404
          4.9791705808222106
          3.3778876478927318
          2.2673093641189439
          1.3091618688069895
          0.5707636228270061
          0.1695466775946868
          0.0099968433587696
          0.0000417656166617
          4.7619459341157340
         12.3115017393123782
          1.8160402506942863
          9.3655960558909346
          3.3785794055030123
          8.7298941569326622
          1.2737728613164558
          6.6250876127461078
          4.9170527560339075
          3.7179261611606678
          2.2758340635568732
          1.7137918719779275
          1.0485405386841706
          0.1408454080637442
          0.7979701884006030
          0.5985039679809168
          0.3589969003770406
          0.0398747149694919
          0.1113901290441357
          0.0832645962291990
          0.0486300501924109
          0.0038231833136856
          1.9839539741261443
          6.5527698625879118
          0.6673654026617896
          5.2361812911235530
          1.3931565926247502
          4.6610801885930799
          0.4549567111088584
          3.7228803070771890
          2.6341599506756546
          2.1005471609751214
          1.2207407856936192
          0.9700817876164582
          0.6355125908427355
          0.0880989273559702
          0.4267922974379756
          0.3370632694307563
          0.2165450853582349
          0.0260313026560528
          0.0587958549588269
          0.0458333457300488
          0.0284174791283240
          0.0025999454035810
   0    2  0.110278 -0.130104  0.000033 
         -0.0000000000000000          -0.0000000000000000           0.0000000000000000
         -0.0000000000000000          -0.0000000000000000           0.0000000000000000
          0.0000000000000000           0.0000000000000000           0.0000000000000000
          0.0000000000000000          -0.0000000000000000           0.0000000000000000
         -0.0000000000000000          -0.0000000000000000           0.0000000000000000
          0.0000000000000000           0.0000000000000000           0.0000000000000000
          0.0000000000000000           0.0000000000000000           0.0000000000000000
         -0.0000000000000000          -0.0000000000000000           0.0000000000000000
         -0.0000000000000001           0.0000000000000000           0.0000000000000000
         -0.0000000000000001           0.0000000000000002          -0.0000000000000001
          0.0000000000000000          -0.0000000000000000           0.0000000000000000
          0.0000000000000001          -0.0000000000000000          -0.0000000000000000
         -0.0000000000000001          -0.0000000000000000          -0.0000000000000000
          0.0000000000000001           0.0000000000000000           0.0000000000000000
         -0.0000000000000001           0.0000000000000000           0.0000000000000000
          0.0000000000000002           0.0000000000000000           0.0000000000000000
          0.0000000000000000           0.0000000000000000           0.0000000000000001
         -0.0000000000000000          -0.0000000000000000           0.0000000000000000
          0.0000000000000001           0.0000000000000000          -0.0000000000000000
          0.0000000000000001           0.0000000000000000          -0.0000000000000000
         -0.0000000000000000          -0.0000000000000000          -0.0000000000000000
          0.0000000000000000          -0.0000000000000000          -0.0000000000000000
          0.0000000000000000          -0.0000000000000000          -0.0000000000000000
         -0.0000000000000000           0.0000000000000000           0.0000000000000000
         -0.0000000000000000           0.0000000000000000          -0.0000000000000000
          0.0000000000000000           0.0000000000000000          -0.0000000000000000
          0.0000000000000000           0.0000000000000000           0.0000000000000000
         -0.0000000000000000          -0.0000000000000000          -0.0000000000000000
         -0.0000000000000000           0.0000000000000000          -0.0000000000000000
          0.0000000000000000           0.0000000000000000          -0.0000000000000000
         -0.0172401366029841           0.0007110490270065           0.0088407536259144
         -0.0143316627104494           0.0178451948645054          -0.0025193188012356
         -0.0141234971734975           0.0321770085131519          -0.0159635948501856
         -0.0164760404799761           0.0453948361483160          -0.0251020300951753
         -0.0198572288219676           0.0488803556483998          -0.0214769585975853
         -0.0172305224177670           0.0330221570275194          -0.0092978329973473
         -0.0039100801810495           0.0055805847084271          -0.0007734087747817
         -0.0000528985975451           0.0000769915956955          -0.0000096139841515
         -0.0402126754024914           0.0815621913532260          -0.0277903955834444
         -0.0604414431675147           0.0863199561688434          -0.0201835565077991
         -0.0174477442887539           0.0485808918539267          -0.0267775506181008
         -0.0376765120537768           0.0533386566695438          -0.0191707115424552
         -0.0360249452879082           0.0737120272590733          -0.0243718461097903
         -0.0466508652263454           0.0914074547110211          -0.0426376763138340
         -0.0160747558208883           0.0398465304871701          -0.0184829367007801
         -0.0267006757593249           0.0575419579391179          -0.0367487669048233
         -0.0307284095570693           0.0874834284024659          -0.0596780931351528
         -0.0147000914324238           0.0557929635911801          -0.0503610684926516
         -0.0179908433426983           0.0709833852605402          -0.0573250479572806
         -0.0063486404856389           0.0457004087828011          -0.0484051029281242
         -0.0000464626806300           0.0176878439908789          -0.0254223595888839
         -0.0059638419901415          -0.0003339233945085           0.0124566156400538
         -0.0090024724306103           0.0455829356743126          -0.0382191132724158
         -0.0020125044861681           0.0297211959939889          -0.0325015909590725
          0.0019795994803323           0.0121862433770008          -0.0193755454972631
         -0.0022961747116099           0.0003425318350744           0.0040291770240559
         -0.0026445369101563           0.0147418481453212          -0.0110578136014996
         -0.0005018931833975           0.0098621710316765          -0.0095242323942536
          0.0009265046840609           0.0043416441135307          -0.0062090754853249
         -0.0002305839802986           0.0000843893296149           0.0003042637191022
         -0.0366449921955476           0.1163165095753600          -0.0773769268744140
         -0.0640091263744602           0.0515656379467094           0.0294029747831706
         -0.0174312769468233           0.0584753946051936          -0.0367768326033864
         -0.0447954111257353          -0.0062754770234571           0.0700030690541993
         -0.0306975093787401           0.1026304566376392          -0.0699072555107552
         -0.0519783011355137           0.0624890253324560           0.0028977330871319
         -0.0143834907529033           0.0494335466641446          -0.0315240186396078
         -0.0356642825096766           0.0092921153589613           0.0412809699582795
         -0.0375479399789948           0.0672224421234371          -0.0229924319401676
         -0.0250801607628832           0.0231477268433961           0.0090664392975780
         -0.0246823701093860           0.0593624166496080          -0.0323984808637031
         -0.0160738249086827           0.0275707072281958          -0.0099529866668159
         -0.0081624343902429           0.0007049340672285           0.0079803147009079
         -0.0019320679362451           0.0037455887077676           0.0010785854642322
         -0.0137699575251306           0.0407291592770789          -0.0250862167601020
         -0.0087835595352762           0.0223514909425020          -0.0130404920929780
         -0.0040685444818448           0.0048755403490473          -0.0017292968108570
         -0.0009353215700554           0.0008078412586145           0.0008332766582531
         -0.0041613666395959           0.0140479359413807          -0.0079068771929069
         -0.0026267570860574           0.0088273137211782          -0.0050101931856980
         -0.0010842984090731           0.0032358196585837          -0.0019278674779801
         -0.0001580498067416          -0.0000330497207021           0.0001125451953495
   1
          0.0000000000000000           0.0000000000000000           0.0000000000000000
          0.0000000000000000           0.0000000000000000           0.0000000000000000
          0.0000000000000000           0.0000000000000000           0.0000000000000000
          0.0000000000000000           0.0000000000000000           0.0000000000000000
          0.0000000000000000           0.0000000000000000           0.0000000000000000
          0.0000000000000000           0.0000000000000000           0.0000000000000000
          0.0000000000000000           0.0000000000000000           0.0000000000000000
          0.0000000000000000           0.0000000000000000           0.0000000000000000
          0.0000000000000000           0.0000000000000000           0.0000000000000000
          0.0000000000000000           0.0000000000000000           0.0000000000000000
          0.0000000000000000           0.0000000000000000           0.0000000000000000
          0.0000000000000000           0.0000000000000000           0.0000000000000000
          0.0000000000000000           0.0000000000000000           0.0000000000000000
          0.0000000000000000           0.0000000000000000           0.0000000000000000
          0.0000000000000000           0.0000000000000000           0.0000000000000000
          0.0000000000000000           0.0000000000000000           0.0000000000000000
          0.0000000000000000           0.0000000000000000           0.0000000000000000
          0.0000000000000000           0.0000000000000000           0.0000000000000000
          0.0000000000000000           0.0000000000000000           0.0000000000000000
          0.0000000000000000           0.0000000000000000           0.0000000000000000
          0.0000000000000000           0.0000000000000000           0.0000000000000000
          0.0000000000000000           0.0000000000000000           0.0000000000000000
          0.0000000000000000           0.0000000000000000           0.0000000000000000
          0.0000000000000000           0.0000000000000000           0.0000000000000000
          0.0000000000000000           0.0000000000000000           0.0000000000000000
          0.0000000000000000           0.0000000000000000           0.0000000000000000
          0.0000000000000000           0.0000000000000000           0.0000000000000000
          0.0000000000000000           0.0000000000000000           0.0000000000000000
          0.0000000000000000           0.0000000000000000           0.0000000000000000
          0.0000000000000000           0.0000000000000000           0.0000000000000000
         -0.0172401366029842           0.0007110490270064           0.0088407536259147
         -0.0143316627104493           0.0178451948645054          -0.0025193188012356
         -0.0141234971734975           0.0321770085131520          -0.0159635948501855
         -0.0164760404799761           0.0453948361483160          -0.0251020300951752
         -0.0198572288219676           0.0488803556483998          -0.0214769585975853
         -0.0172305224177670           0.0330221570275194          -0.0092978329973473
         -0.0039100801810495           0.0055805847084271          -0.0007734087747817
         -0.0000528985975451           0.0000769915956955          -0.0000096139841515
         -0.0585819787782643           0.0383436833964645           0.0421895059914596
         -0.1427262583617510           0.2974206116476768          -0.1381374101739446
         -0.0427164920463636           0.0442512539906563           0.0196565273705363
         -0.1268607716298504           0.3033281822418665          -0.1606703887948675
         -0.0469350384110063           0.0426968135742728           0.0221776468220672
         -0.1184165826175018           0.2875421503659212          -0.1561966916693143
         -0.0343747127228088           0.0354450114909098           0.0184865781916540
         -0.1058562569293045           0.2802903482825549          -0.1598877602997274
         -0.0880343436992600           0.2522625838500394          -0.1562605027339589
         -0.0787546523647662           0.2330682879612724          -0.1431621851953666
         -0.0594288066738788           0.1915973072660845          -0.1257443623736045
         -0.0526587655789354           0.1686591047530956          -0.1073363757778520
         -0.0498956681949897           0.1305987431869868          -0.0673124233095718
         -0.0214467416740085           0.0280826751598551           0.0031357463922700
         -0.0338630019191129           0.1163809875835705          -0.0751065829420286
         -0.0294082535918686           0.0981501195359801          -0.0613263567148546
         -0.0257427355138046           0.0699163381884674          -0.0372464155302825
         -0.0085666497221893           0.0105567017302544           0.0006390315672893
         -0.0103377650004040           0.0352643247413669          -0.0198799205019077
         -0.0086581084774967           0.0284310940843053          -0.0157228371113253
         -0.0066445748756802           0.0185051384552811          -0.0094178496427950
         -0.0013847333335775           0.0016898307577100          -0.0001630324165093
         -0.0366449921955478           0.1163165095753604          -0.0773769268744135
         -0.0640091263744613           0.0515656379467073           0.0294029747831718
         -0.0174312769468232           0.0584753946051930          -0.0367768326033859
         -0.0447954111257369          -0.0062754770234567           0.0700030690541986
         -0.0306975093787404           0.1026304566376389          -0.0699072555107551
         -0.0519783011355132           0.0624890253324546           0.0028977330871313
         -0.0143834907529032           0.0494335466641444          -0.0315240186396078
         -0.0356642825096779           0.0092921153589610           0.0412809699582796
         -0.0375479399789949           0.0672224421234369          -0.0229924319401675
         -0.0250801607628822           0.0231477268433964           0.0090664392975784
         -0.0246823701093860           0.0593624166496079          -0.0323984808637032
         -0.0160738249086828           0.0275707072281958          -0.0099529866668161
         -0.0081624343902428           0.0007049340672283           0.0079803147009079
         -0.0019320679362452           0.0037455887077676           0.0010785854642322
         -0.0137699575251304           0.0407291592770788          -0.0250862167601021
         -0.0087835595352763           0.0223514909425020          -0.0130404920929780
         -0.0040685444818448           0.0048755403490473          -0.0017292968108570
         -0.0009353215700554           0.0008078412586145           0.0008332766582531
         -0.0041613666395959           0.0140479359413807          -0.0079068771929069
         -0.0026267570860574           0.0088273137211782          -0.0050101931856980
         -0.0010842984090731           0.0032358196585837          -0.0019278674779801
         -0.0001580498067416          -0.0000330497207021           0.0001125451953495
   0
          0.0000000000000000           0.0000000000000000          -0.0000000000000000
          0.0000000000000000           0.0000000000000000           0.0000000000000000
         -0.0000000000000000          -0.0000000000000000           0.0000000000000000
         -0.0000000000000000           0.0000000000000000          -0.0000000000000000
          0.0000000000000000           0.0000000000000000          -0.0000000000000000
         -0.0000000000000000          -0.0000000000000000           0.0000000000000000
          0.0000000000000000          -0.0000000000000000           0.0000000000000000
          0.0000000000000000           0.0000000000000000           0.0000000000000000
         -0.0000000000000000          -0.0000000000000002           0.0000000000000002
         -0.0000000000000002           0.0000000000000001           0.0000000000000004
          0.0000000000000001           0.0000000000000000           0.0000000000000001
         -0.0000000000000002          -0.0000000000000000          -0.0000000000000002
          0.0000000000000000          -0.0000000000000001          -0.0000000000000000
         -0.0000000000000004          -0.0000000000000001          -0.0000000000000004
         -0.0000000000000000           0.0000000000000000          -0.0000000000000001
         -0.0000000000000002           0.0000000000000001           0.0000000000000000
          0.0000000000000000           0.0000000000000000           0.0000000000000001
          0.0000000000000001           0.0000000000000000          -0.0000000000000001
         -0.0000000000000001           0.0000000000000000          -0.0000000000000000
          0.0000000000000001          -0.0000000000000000           0.0000000000000000
          0.0000000000000000           0.0000000000000000          -0.0000000000000000
         -0.0000000000000000          -0.0000000000000000           0.0000000000000000
          0.0000000000000001           0.0000000000000000           0.0000000000000001
          0.0000000000000000           0.0000000000000000          -0.0000000000000000
          0.0000000000000000          -0.0000000000000000           0.0000000000000000
          0.0000000000000000          -0.0000000000000000           0.0000000000000000
          0.0000000000000000          -0.0000000000000000           0.0000000000000000
         -0.0000000000000000          -0.0000000000000000           0.0000000000000000
         -0.0000000000000000          -0.0000000000000000          -0.0000000000000000
         -0.0000000000000000          -0.0000000000000000           0.0000000000000000
          0.0000000000000000           0.0000000000000000           0.0000000000000000
          0.0000000000000000           0.0000000000000000           0.0000000000000000
          0.0000000000000000           0.0000000000000000           0.0000000000000000
          0.0000000000000000           0.0000000000000000           0.0000000000000000
          0.0000000000000000           0.0000000000000000           0.0000000000000000
          0.0000000000000000           0.0000000000000000           0.0000000000000000
          0.0000000000000000           0.0000000000000000           0.0000000000000000
          0.0000000000000000           0.0000000000000000           0.0000000000000000
         -0.0183693033757727          -0.0432185079567624           0.0699799015749036
         -0.0822848151942345           0.2111006554788304          -0.1179538536661461
         -0.0252687477576097          -0.0043296378632708           0.0464340779886371
         -0.0891842595760718           0.2499895255723232          -0.1414996772524142
         -0.0109100931230983          -0.0310152136848011           0.0465494929318580
         -0.0717657173911574           0.1961346956548959          -0.1135590153554814
         -0.0182999569019207          -0.0044015189962602           0.0369695148924341
         -0.0791555811699784           0.2227483903434376          -0.1231389933949048
         -0.0573059341421919           0.1647791554475737          -0.0965824095988067
         -0.0640545609323430           0.1772753243700923          -0.0928011167027156
         -0.0414379633311797           0.1206139220055435          -0.0684193144163232
         -0.0463101250932964           0.1229586959702948          -0.0589312728497281
         -0.0498492055143598           0.1129108991961076          -0.0418900637206881
         -0.0154828996838669           0.0284165985543635          -0.0093208692477838
         -0.0248605294885029           0.0707980519092583          -0.0368874696696126
         -0.0273957491057006           0.0684289235419915          -0.0288247657557824
         -0.0277223349941369           0.0577300948114666          -0.0178708700330194
         -0.0062704750105795           0.0102141698951799          -0.0033901454567666
         -0.0076932280902478           0.0205224765960458          -0.0088221069004081
         -0.0081562152940991           0.0185689230526288          -0.0061986047170717
         -0.0075710795597411           0.0141634943417503          -0.0032087741574701
         -0.0011541493532790           0.0016054414280951          -0.0004672961356115
          0.0000000000000000           0.0000000000000000           0.0000000000000000
          0.0000000000000000           0.0000000000000000           0.0000000000000000
          0.0000000000000000           0.0000000000000000           0.0000000000000000
          0.0000000000000000           0.0000000000000000           0.0000000000000000
          0.0000000000000000           0.0000000000000000           0.0000000000000000
          0.0000000000000000           0.0000000000000000           0.0000000000000000
          0.0000000000000000           0.0000000000000000           0.0000000000000000
          0.0000000000000000           0.0000000000000000           0.0000000000000000
          0.0000000000000000           0.0000000000000000           0.0000000000000000
          0.0000000000000000           0.0000000000000000           0.0000000000000000
          0.0000000000000000           0.0000000000000000           0.0000000000000000
          0.0000000000000000           0.0000000000000000           0.0000000000000000
          0.0000000000000000           0.0000000000000000           0.0000000000000000
          0.0000000000000000           0.0000000000000000           0.0000000000000000
          0.0000000000000000           0.0000000000000000           0.0000000000000000
          0.0000000000000000           0.0000000000000000           0.0000000000000000
          0.0000000000000000           0.0000000000000000           0.0000000000000000
          0.0000000000000000           0.0000000000000000           0.0000000000000000
          0.0000000000000000           0.0000000000000000           0.0000000000000000
          0.0000000000000000           0.0000000000000000           0.0000000000000000
          0.0000000000000000           0.0000000000000000           0.0000000000000000
          0.0000000000000000           0.0000000000000000           0.0000000000000000
