1  82   2   1   2   -6.541260   0.000000
  0 
./DATA/100/00/GA/G015/M020/
0
          4.6849632776188344
          3.2649969619138379
          2.2969720345873830
          1.4404136889298131
          0.7131013255348825
          0.2444418420952523
          0.0173414433612518
          0.0000876903182413
          2.1440309784066933
          5.8438502531414445
          0.9146709991712897
          4.6144902739060401
          1.5584132829285537
          4.2850211071165711
          0.6420114970720234
          3.3686193212600402
          2.5764608030450860
          2.0100260008343374
          1.3195978631325944
          1.0194830565870496
          0.6416198269308280
          0.1105319848149879
          0.5382439730685268
          0.4113395736898249
          0.2489105457475046
          0.0306157277147017
          0.1000204173368833
          0.0755344978374545
          0.0436837849922815
          0.0028904152975616
          6.0440861759337947
          4.1292211747373990
          2.7988234859631151
          1.6463825274120518
          0.7459552091335483
          0.2373909480913099
          0.0166880279319237
          0.0001006713760718
          7.6251974953060495
         19.4224222896605632
          3.0327587756010965
         14.8299835699556262
          5.4868508803272231
         13.9240353301041431
          2.1607140174418742
         10.5978984672187888
          8.0247224784739686
          6.0778248547970248
          3.8606335615467158
          2.9077574659832690
          1.7962335090395785
          0.2747182350945611
          1.4416932199320212
          1.0799698413579895
          0.6509642078639249
          0.0812068988174569
          0.2298464137925573
          0.1713994854361611
          0.1000025874366422
          0.0084764060324394
          3.1470642653504290
         10.3767456271328751
          1.1401357070824232
          8.3698170688648652
          2.2217571296699514
          7.4836859755457272
          0.7781808119239239
          6.0401096577997020
          4.3438024001519935
          3.5041459402261563
          2.0989211740193121
          1.6879389657054458
          1.1332918051160081
          0.1761480951014844
          0.7826113878586918
          0.6249309708706423
          0.4099253574675740
          0.0540241508906578
          0.1228974016097349
          0.0965801124763761
          0.0606831820723643
          0.0057911735316396
1
          4.6849632776188335
          3.2649969619138379
          2.2969720345873839
          1.4404136889298131
          0.7131013255348825
          0.2444418420952523
          0.0173414433612518
          0.0000876903182413
          2.1440309784066942
          5.8438502531414445
          0.9146709991712897
          4.6144902739060374
          1.5584132829285546
          4.2850211071165720
          0.6420114970720229
          3.3686193212600424
          2.5764608030450864
          2.0100260008343378
          1.3195978631325942
          1.0194830565870483
          0.6416198269308282
          0.1105319848149879
          0.5382439730685263
          0.4113395736898248
          0.2489105457475046
          0.0306157277147016
          0.1000204173368833
          0.0755344978374544
          0.0436837849922815
          0.0028904152975616
          6.0440861759337956
          4.1292211747373972
          2.7988234859631151
          1.6463825274120512
          0.7459552091335483
          0.2373909480913099
          0.0166880279319237
          0.0001006713760718
          7.6251974953060442
         19.4224222896605632
          3.0327587756010912
         14.8299835699556102
          5.4868508803272222
         13.9240353301041484
          2.1607140174418786
         10.5978984672187906
          8.0247224784739686
          6.0778248547970257
          3.8606335615467118
          2.9077574659832690
          1.7962335090395811
          0.2747182350945613
          1.4416932199320198
          1.0799698413579903
          0.6509642078639254
          0.0812068988174569
          0.2298464137925570
          0.1713994854361608
          0.1000025874366422
          0.0084764060324394
          3.1470642653504277
         10.3767456271328875
          1.1401357070824238
          8.3698170688648652
          2.2217571296699545
          7.4836859755457263
          0.7781808119239234
          6.0401096577996993
          4.3438024001519926
          3.5041459402261559
          2.0989211740193126
          1.6879389657054473
          1.1332918051160081
          0.1761480951014843
          0.7826113878586919
          0.6249309708706419
          0.4099253574675740
          0.0540241508906577
          0.1228974016097349
          0.0965801124763760
          0.0606831820723643
          0.0057911735316396
   0    2  0.304617  0.008348 -0.112727 
         -0.0000000000000001           0.0000000000000000          -0.0000000000000000
          0.0000000000000000          -0.0000000000000001          -0.0000000000000000
          0.0000000000000000           0.0000000000000000           0.0000000000000000
         -0.0000000000000000          -0.0000000000000000           0.0000000000000000
          0.0000000000000000           0.0000000000000000          -0.0000000000000000
          0.0000000000000000          -0.0000000000000000           0.0000000000000000
          0.0000000000000000           0.0000000000000000           0.0000000000000000
          0.0000000000000000           0.0000000000000000           0.0000000000000000
         -0.0000000000000000          -0.0000000000000001           0.0000000000000000
         -0.0000000000000002           0.0000000000000000           0.0000000000000001
          0.0000000000000000           0.0000000000000000          -0.0000000000000000
          0.0000000000000001           0.0000000000000004           0.0000000000000002
          0.0000000000000001          -0.0000000000000000           0.0000000000000000
          0.0000000000000004           0.0000000000000012           0.0000000000000002
          0.0000000000000000           0.0000000000000001          -0.0000000000000000
          0.0000000000000000          -0.0000000000000004          -0.0000000000000001
         -0.0000000000000000           0.0000000000000006          -0.0000000000000002
         -0.0000000000000000           0.0000000000000005           0.0000000000000001
          0.0000000000000001          -0.0000000000000001           0.0000000000000000
         -0.0000000000000000          -0.0000000000000001          -0.0000000000000000
          0.0000000000000000          -0.0000000000000001           0.0000000000000001
          0.0000000000000000          -0.0000000000000000          -0.0000000000000000
         -0.0000000000000001          -0.0000000000000000           0.0000000000000000
          0.0000000000000000           0.0000000000000000          -0.0000000000000000
         -0.0000000000000000          -0.0000000000000000           0.0000000000000000
          0.0000000000000000           0.0000000000000000          -0.0000000000000000
         -0.0000000000000000          -0.0000000000000000           0.0000000000000000
          0.0000000000000000           0.0000000000000000           0.0000000000000000
          0.0000000000000000           0.0000000000000000           0.0000000000000000
         -0.0000000000000000           0.0000000000000000           0.0000000000000000
          0.0296216681860856          -0.0015832664316318          -0.0039761921329306
         -0.0000547661964363           0.0084704177249542           0.0061681167052270
         -0.0172164044926929           0.0147061828384035           0.0153407082163910
         -0.0291351393125453           0.0209303733835218           0.0238478962764793
         -0.0348356989392801           0.0226147001345697           0.0270498803352413
         -0.0292540335127371           0.0139520530929320           0.0196277925106419
         -0.0075520362417975           0.0012896127125570           0.0037479790272326
         -0.0001604376268432           0.0000001371998337           0.0000552440625412
         -0.0821539318009953           0.0508929378414896           0.0618187283858766
          0.0060244304203572           0.0532683701376718           0.0295965312256950
         -0.0595607690776544           0.0429230704926650           0.0490494120340266
          0.0286175931436951           0.0452985027888511           0.0168272148738463
         -0.0747656527103876           0.0435920014908306           0.0545379214800983
         -0.0297674197102751           0.0562649808974903           0.0436292900452246
         -0.0492747861783868           0.0333122544548916           0.0389937605401767
         -0.0042765531782737           0.0459852338615522           0.0280851291053023
         -0.0538368656251931           0.0562735942118738           0.0535717985387120
         -0.0281538482311237           0.0444449160293929           0.0366854896453222
         -0.0538133620423801           0.0505940660309730           0.0513689729649925
         -0.0320600390193797           0.0395353618672284           0.0362803805083645
         -0.0119001932929423           0.0185777992798241           0.0153820903343633
         -0.0005289841883941          -0.0136602998574703          -0.0086326380128268
         -0.0377592161906489           0.0377123222177157           0.0377063033662296
         -0.0230402199418707           0.0297501593758682           0.0271706100256598
         -0.0091376264684120           0.0158339732069095           0.0131506088517700
         -0.0015819606416795          -0.0052183348135120          -0.0026066110697069
         -0.0134644160655184           0.0153713328729962           0.0144671560473183
         -0.0081751264828188           0.0124140518792411           0.0106246515308024
         -0.0029744347100184           0.0073791808810101           0.0055615186877436
         -0.0003751097631842          -0.0006471242047706          -0.0001978971950931
         -0.0819117300214177           0.0713239655045445           0.0743097126698543
          0.0057822286407821           0.0328373424746195           0.0171055469417174
         -0.0441656924702395           0.0289371636245401           0.0336952206915253
          0.0435282661919604          -0.0095494594053859          -0.0235089450366104
         -0.0749170027749071           0.0643971204612761           0.0676979406910260
         -0.0296160696457547           0.0354598619270466           0.0304692708342954
         -0.0375352644045182           0.0258323828128640           0.0295743868904289
          0.0077656687246328          -0.0031048757213649          -0.0076542829663014
         -0.0540094701761086           0.0361916305001137           0.0408780565992936
         -0.0208331665037490           0.0040979847919273           0.0083397492518699
         -0.0547890529321543           0.0335466661681959           0.0409761120939543
         -0.0294195279155138           0.0096546957569610           0.0165373118082409
         -0.0061427537420406          -0.0073325089917501          -0.0027388561409985
         -0.0006210537256630           0.0071564665058602           0.0041502404091154
         -0.0391847427224435           0.0261128038943164           0.0310355261819964
         -0.0234332243115527           0.0113589021427654           0.0159870236050661
         -0.0079758726455831          -0.0013366056910838           0.0023237919866764
         -0.0009889215930880           0.0014184761089386           0.0011669920422190
         -0.0142874554345432           0.0113439611390602           0.0123523656131773
         -0.0090854149159378           0.0064649944462488           0.0074275263111555
         -0.0036178345790538           0.0015144680495548           0.0023714073862661
         -0.0002532666219057          -0.0000643848387842           0.0000621652298625
   1
          0.0000000000000000           0.0000000000000000           0.0000000000000000
          0.0000000000000000           0.0000000000000000           0.0000000000000000
          0.0000000000000000           0.0000000000000000           0.0000000000000000
          0.0000000000000000           0.0000000000000000           0.0000000000000000
          0.0000000000000000           0.0000000000000000           0.0000000000000000
          0.0000000000000000           0.0000000000000000           0.0000000000000000
          0.0000000000000000           0.0000000000000000           0.0000000000000000
          0.0000000000000000           0.0000000000000000           0.0000000000000000
          0.0000000000000000           0.0000000000000000           0.0000000000000000
          0.0000000000000000           0.0000000000000000           0.0000000000000000
          0.0000000000000000           0.0000000000000000           0.0000000000000000
          0.0000000000000000           0.0000000000000000           0.0000000000000000
          0.0000000000000000           0.0000000000000000           0.0000000000000000
          0.0000000000000000           0.0000000000000000           0.0000000000000000
          0.0000000000000000           0.0000000000000000           0.0000000000000000
          0.0000000000000000           0.0000000000000000           0.0000000000000000
          0.0000000000000000           0.0000000000000000           0.0000000000000000
          0.0000000000000000           0.0000000000000000           0.0000000000000000
          0.0000000000000000           0.0000000000000000           0.0000000000000000
          0.0000000000000000           0.0000000000000000           0.0000000000000000
          0.0000000000000000           0.0000000000000000           0.0000000000000000
          0.0000000000000000           0.0000000000000000           0.0000000000000000
          0.0000000000000000           0.0000000000000000           0.0000000000000000
          0.0000000000000000           0.0000000000000000           0.0000000000000000
          0.0000000000000000           0.0000000000000000           0.0000000000000000
          0.0000000000000000           0.0000000000000000           0.0000000000000000
          0.0000000000000000           0.0000000000000000           0.0000000000000000
          0.0000000000000000           0.0000000000000000           0.0000000000000000
          0.0000000000000000           0.0000000000000000           0.0000000000000000
          0.0000000000000000           0.0000000000000000           0.0000000000000000
          0.0296216681860857          -0.0015832664316318          -0.0039761921329306
         -0.0000547661964363           0.0084704177249541           0.0061681167052271
         -0.0172164044926929           0.0147061828384035           0.0153407082163911
         -0.0291351393125454           0.0209303733835218           0.0238478962764793
         -0.0348356989392800           0.0226147001345697           0.0270498803352413
         -0.0292540335127371           0.0139520530929319           0.0196277925106419
         -0.0075520362417975           0.0012896127125570           0.0037479790272326
         -0.0001604376268432           0.0000001371998337           0.0000552440625412
          0.0032496800990575           0.0218065936545373           0.0118157143922628
         -0.1555086828603278           0.1865160223037893           0.1710148048308791
         -0.0154276183720236           0.0330191943469971           0.0273104605831430
         -0.1741859813314083           0.1977286229962517           0.1865095510217597
         -0.0224902684554425           0.0207094487423284           0.0190055567596764
         -0.1865758763858817           0.1790045160343161           0.1773288662909664
         -0.0234161517477849           0.0231783900696959           0.0219634039854993
         -0.1875017596782246           0.1814734573616846           0.1802867135167892
         -0.1909694939071748           0.1595557636671297           0.1686325416084057
         -0.1773394387045172           0.1522695109650842           0.1592704056717756
         -0.1582185105001033           0.1279150952879904           0.1384548694448006
         -0.1398498609632317           0.1149752947717062           0.1233494219670644
         -0.1185353920430681           0.0830740610775733           0.0951750007680687
         -0.0421216824247680           0.0004952715718694           0.0153893666221876
         -0.1028323954281531           0.0855151062254988           0.0917360242349425
         -0.0876462643126606           0.0729299604669588           0.0780658297904623
         -0.0687718238826071           0.0484709226328457           0.0557576521785400
         -0.0182005382682692          -0.0008073142364180           0.0063574869013826
         -0.0351766273699367           0.0311805073168306           0.0323326543765928
         -0.0288802762496591           0.0253096202556452           0.0263586493585115
         -0.0205561633863201           0.0156183574430286           0.0173827898113530
         -0.0034064609936670          -0.0001660918848760           0.0012675661009214
         -0.0819117300214173           0.0713239655045452           0.0743097126698539
          0.0057822286407806           0.0328373424746198           0.0171055469417179
         -0.0441656924702395           0.0289371636245402           0.0336952206915255
          0.0435282661919604          -0.0095494594053867          -0.0235089450366108
         -0.0749170027749060           0.0643971204612766           0.0676979406910264
         -0.0296160696457560           0.0354598619270472           0.0304692708342971
         -0.0375352644045183           0.0258323828128640           0.0295743868904288
          0.0077656687246328          -0.0031048757213619          -0.0076542829663018
         -0.0540094701761090           0.0361916305001168           0.0408780565992936
         -0.0208331665037494           0.0040979847919268           0.0083397492518700
         -0.0547890529321537           0.0335466661681946           0.0409761120939544
         -0.0294195279155142           0.0096546957569609           0.0165373118082411
         -0.0061427537420405          -0.0073325089917501          -0.0027388561409983
         -0.0006210537256630           0.0071564665058600           0.0041502404091155
         -0.0391847427224431           0.0261128038943166           0.0310355261819968
         -0.0234332243115527           0.0113589021427652           0.0159870236050662
         -0.0079758726455832          -0.0013366056910839           0.0023237919866764
         -0.0009889215930880           0.0014184761089386           0.0011669920422190
         -0.0142874554345432           0.0113439611390602           0.0123523656131773
         -0.0090854149159377           0.0064649944462488           0.0074275263111555
         -0.0036178345790538           0.0015144680495548           0.0023714073862661
         -0.0002532666219057          -0.0000643848387842           0.0000621652298625
   0
          0.0000000000000001          -0.0000000000000000           0.0000000000000000
          0.0000000000000000           0.0000000000000001           0.0000000000000000
          0.0000000000000000           0.0000000000000000          -0.0000000000000000
          0.0000000000000000           0.0000000000000000           0.0000000000000000
          0.0000000000000000           0.0000000000000000           0.0000000000000000
         -0.0000000000000000           0.0000000000000000           0.0000000000000000
          0.0000000000000000          -0.0000000000000000           0.0000000000000000
         -0.0000000000000000           0.0000000000000000           0.0000000000000000
          0.0000000000000001          -0.0000000000000000           0.0000000000000005
         -0.0000000000000003          -0.0000000000000009          -0.0000000000000001
          0.0000000000000001          -0.0000000000000002          -0.0000000000000002
          0.0000000000000002          -0.0000000000000007          -0.0000000000000001
          0.0000000000000001           0.0000000000000002           0.0000000000000001
         -0.0000000000000003          -0.0000000000000005           0.0000000000000002
          0.0000000000000001          -0.0000000000000000           0.0000000000000001
          0.0000000000000000           0.0000000000000004          -0.0000000000000001
          0.0000000000000004           0.0000000000000001           0.0000000000000000
         -0.0000000000000003           0.0000000000000002           0.0000000000000000
          0.0000000000000000          -0.0000000000000001          -0.0000000000000001
          0.0000000000000000           0.0000000000000001           0.0000000000000001
          0.0000000000000000          -0.0000000000000000          -0.0000000000000000
          0.0000000000000000          -0.0000000000000000           0.0000000000000000
         -0.0000000000000000          -0.0000000000000001           0.0000000000000000
          0.0000000000000001          -0.0000000000000000           0.0000000000000000
          0.0000000000000000          -0.0000000000000000           0.0000000000000000
          0.0000000000000000          -0.0000000000000000           0.0000000000000000
         -0.0000000000000000           0.0000000000000000          -0.0000000000000000
         -0.0000000000000000           0.0000000000000000          -0.0000000000000000
          0.0000000000000000          -0.0000000000000000           0.0000000000000000
         -0.0000000000000000          -0.0000000000000000           0.0000000000000000
          0.0000000000000000           0.0000000000000000           0.0000000000000000
          0.0000000000000000           0.0000000000000000           0.0000000000000000
          0.0000000000000000           0.0000000000000000           0.0000000000000000
          0.0000000000000000           0.0000000000000000           0.0000000000000000
          0.0000000000000000           0.0000000000000000           0.0000000000000000
          0.0000000000000000           0.0000000000000000           0.0000000000000000
          0.0000000000000000           0.0000000000000000           0.0000000000000000
          0.0000000000000000           0.0000000000000000           0.0000000000000000
          0.0854036119000507          -0.0290863441869524          -0.0500030139936134
         -0.1615331132806853           0.1332476521661165           0.1414182736051844
          0.0441331507056326          -0.0099038761456682          -0.0217389514508838
         -0.2028035744751035           0.1524301202074030           0.1696823361479148
          0.0522753842549455          -0.0228825527485044          -0.0355323647204217
         -0.1568084566756073           0.1227395351368249           0.1336995762457427
          0.0258586344306020          -0.0101338643851959          -0.0170303565546774
         -0.1832252064999515           0.1354882235001353           0.1522015844114865
         -0.1371326282819805           0.1032821694552574           0.1150607430696939
         -0.1491855904733939           0.1078245949356915           0.1225849160264542
         -0.1044051484577234           0.0773210292570176           0.0870858964798083
         -0.1077898219438525           0.0754399329044776           0.0870690414586998
         -0.1066351987501262           0.0644962617977496           0.0797929104337054
         -0.0415926982363738           0.0141555714293397           0.0240220046350144
         -0.0650731792375041           0.0478027840077831           0.0540297208687130
         -0.0646060443707899           0.0431798010910907           0.0508952197648028
         -0.0596341974141951           0.0326369494259367           0.0426070433267699
         -0.0166185776265897           0.0044110205770940           0.0089640979710895
         -0.0217122113044184           0.0158091744438344           0.0178654983292745
         -0.0207051497668403           0.0128955683764041           0.0157339978277092
         -0.0175817286763018           0.0082391765620185           0.0118212711236095
         -0.0030313512304828           0.0004810323198946           0.0014654632960145
          0.0000000000000000           0.0000000000000000           0.0000000000000000
          0.0000000000000000           0.0000000000000000           0.0000000000000000
          0.0000000000000000           0.0000000000000000           0.0000000000000000
          0.0000000000000000           0.0000000000000000           0.0000000000000000
          0.0000000000000000           0.0000000000000000           0.0000000000000000
          0.0000000000000000           0.0000000000000000           0.0000000000000000
          0.0000000000000000           0.0000000000000000           0.0000000000000000
          0.0000000000000000           0.0000000000000000           0.0000000000000000
          0.0000000000000000           0.0000000000000000           0.0000000000000000
          0.0000000000000000           0.0000000000000000           0.0000000000000000
          0.0000000000000000           0.0000000000000000           0.0000000000000000
          0.0000000000000000           0.0000000000000000           0.0000000000000000
          0.0000000000000000           0.0000000000000000           0.0000000000000000
          0.0000000000000000           0.0000000000000000           0.0000000000000000
          0.0000000000000000           0.0000000000000000           0.0000000000000000
          0.0000000000000000           0.0000000000000000           0.0000000000000000
          0.0000000000000000           0.0000000000000000           0.0000000000000000
          0.0000000000000000           0.0000000000000000           0.0000000000000000
          0.0000000000000000           0.0000000000000000           0.0000000000000000
          0.0000000000000000           0.0000000000000000           0.0000000000000000
          0.0000000000000000           0.0000000000000000           0.0000000000000000
          0.0000000000000000           0.0000000000000000           0.0000000000000000
