-12.12506211
  in kB     -72.14773   -72.14773   -72.14773    -0.00000    -0.00000    -0.00000
 POSITION                                       TOTAL-FORCE (eV/Angst)
 -----------------------------------------------------------------------------------
      0.00000      0.00000      0.00000         0.000000      0.000000      0.000000
      0.00000      2.08919      2.08919         0.000000      0.000000      0.000000
      2.08919      2.08919      0.00000         0.000000      0.000000      0.000000
      2.08919      0.00000      2.08919         0.000000      0.000000      0.000000
 -----------------------------------------------------------------------------------
    total drift:                                0.000000      0.000000     -0.000000
