-11.15293505
  in kB     345.97539   301.62758   273.44171    42.24736    21.85311   -40.62538
 POSITION                                       TOTAL-FORCE (eV/Angst)
 -----------------------------------------------------------------------------------
     -0.83864      1.88707      2.62035         0.803156      0.156438      0.534535
      0.20888     -0.31101      2.52036        -1.914940      0.268530      0.369242
     -3.39605      2.96439     -0.19754        -0.416413     -0.651070      0.449988
     -1.88761      0.83513      0.84804         1.528197      0.226102     -1.353765
 -----------------------------------------------------------------------------------
    total drift:                                0.001443      0.002039      0.001069
