-9.39938812
  in kB    -118.70788  -118.70788  -118.70788     0.00000     0.00000     0.00000
 POSITION                                       TOTAL-FORCE (eV/Angst)
 -----------------------------------------------------------------------------------
      0.00000      0.00000      0.00000         0.000000      0.000000      0.000000
      0.00000      2.39920      2.39920         0.000000      0.000000      0.000000
      2.39920      2.39920      0.00000         0.000000      0.000000      0.000000
      2.39920      0.00000      2.39920         0.000000      0.000000      0.000000
 -----------------------------------------------------------------------------------
    total drift:                                0.000000      0.000000      0.000000
