-14.03989200
  in kB      37.08525    31.04466     9.28647    12.85426   -31.32680    12.33645
 POSITION                                       TOTAL-FORCE (eV/Angst)
 -----------------------------------------------------------------------------------
      2.76286      1.86790      1.08370         0.239799     -0.120087     -0.361649
      1.50483     -0.29481      0.50377         0.195070      0.288005     -0.739114
      3.09833     -0.65100      3.73903        -0.554574     -0.378096      0.450732
      4.71218      1.19947      3.20917         0.119705      0.210177      0.650031
 -----------------------------------------------------------------------------------
    total drift:                                0.000940      0.002346     -0.005502
