1  82   4   1   4   -11.927574   0.000000
  0 
./DATA/2947/108/M023/
0
          5.0536191049194734
          6.2313158643193685
          3.3612826846005111
          4.4326219507371381
          2.2210406475282913
          3.1601178469222662
          1.2621709084596446
          2.0124439539529315
          0.5403608706395875
          1.0362990825744047
          0.1561174641114593
          0.3970011306124879
          0.0084019127448852
          0.0427160077048430
          0.0000282634688256
          0.0006181820819281
          2.0186460395250867
          7.4627333662813555
          5.0685840591176534
          5.6504753359162292
         23.8728068884140576
         10.5991894684124244
          1.4632041442206956
          5.6419777983570594
          4.5421592249070191
          8.7268627370029819
         38.4621248426225222
         15.6033700434965681
          1.3766334862402068
          5.3955536917848637
          3.7052547624919572
          3.8663079267031364
         17.4228026822826649
          7.7039463515499298
          0.9837079039684891
          4.0005916323026183
          3.2882221607902791
          5.9630567848943494
         28.0550896132982359
         11.2856053389062172
          2.0596180211792219
         10.3327717385540652
          4.5428772718607373
          3.1685626961707785
         16.6157258495332307
          6.5996921094872016
          0.8928513063081533
          5.1541490979323257
          2.2544064158351089
          1.3686824434017195
          8.2679549024832575
          3.2399288037582461
          3.4209105424790742
         22.6446322431128699
          7.3937237811851952
       1939.2723950322920246
      19415.4452595066577487
       3852.0937022968564634
          0.2913678005727925
          2.0161535235557584
          0.8798441359387593
          0.4445824875854004
          3.2218788368104967
          1.2483799146328678
          1.0893601277944105
          8.6655243097749146
          2.7403081511586538
        509.8176031399106023
       6411.0488085820043125
       1133.7112591407967557
          0.0367316677670390
          0.3507729564269143
          0.1542584825872292
          0.0556811180136304
          0.5568475082471661
          0.2153549226470265
          0.1325137290391523
          1.4537101452144370
          0.4461856503506095
         44.0146455809645119
        812.9547428578488280
        113.7745256846592099
0
          5.0536191049194734
          6.2170058482127555
          3.3612826846005115
          4.4352515604895126
          2.2210406475282913
          3.1742472951146512
          1.2621709084596449
          2.0336927758430323
          0.5403608706395875
          1.0565188922881119
          0.1561174641114593
          0.4090441482289325
          0.0084019127448852
          0.0452213541539797
          0.0000282634688256
          0.0007237025938528
          2.0186460395250854
          7.5124131857240597
          5.1663332083891893
          5.6504753359162248
         23.8598934159306388
         10.5830432876341547
          1.4632041442206962
          5.6850892915645099
          4.7005324348198982
          8.7268627370029765
         38.3800497519777650
         15.5339525933098273
          1.3766334862402081
          5.4374263967046810
          3.7892624775581489
          3.8663079267031377
         17.4331827170423850
          7.7113916998410623
          0.9837079039684893
          4.0309478068375606
          3.4162977923477293
          5.9630567848943450
         28.0224604475129091
         11.2605562369135583
          2.0596180211792210
         10.3623600857465039
          4.5676416093712229
          3.1685626961707785
         16.6295785165564070
          6.6125908448523161
          0.8928513063081540
          5.1880989980233316
          2.2808727717677701
          1.3686824434017180
          8.3024569468400404
          3.2662400283974344
          3.4209105424790724
         22.6278494396397853
          7.4310415365028888
       1939.2723950322913424
      19542.5004145939274167
       3924.3145212277313476
          0.2913678005727925
          2.0414888784608927
          0.8972344956701793
          0.4445824875854006
          3.2526095556924592
          1.2690486296145467
          1.0893601277944089
          8.6966138208769603
          2.7782742744497884
        509.8176031399102044
       6485.9464260347622258
       1164.4080100730755021
          0.0367316677670390
          0.3593243867784456
          0.1587084110375410
          0.0556811180136304
          0.5679418778666717
          0.2213261986337998
          0.1325137290391522
          1.4707391482186618
          0.4589464800078377
         44.0146455809644550
        826.9039050353137554
        118.9463574101752386
1
          6.2167833911599368
          5.0547501916766695
          4.4316606130038148
          3.3669364778359263
          3.1687058745454704
          2.2268982760471516
          2.0266886968322106
          1.2655567886732344
          1.0487463599630122
          0.5407112883582098
          0.4022208395992746
          0.1560306651517001
          0.0428005376569757
          0.0087420754527963
          0.0006127980541966
          0.0000375064435504
          5.1370144882133646
          7.4942970240905176
          2.0373308327378581
         10.5363526669209477
         23.9088160638378824
          5.7029202718882273
          4.6885389881911088
          5.6162597230532754
          1.4745552147465606
         15.4872153456062644
         38.4452978025479979
          8.8057340930472954
          3.7597249473446555
          5.4240284627925339
          1.3915361993919544
          7.6670029393021526
         17.4831068487043666
          3.9075298205794784
          3.3996800009265327
          3.9769782416731578
          0.9933814394060108
         11.2142359848415190
         28.0951350134967619
          6.0253686817810559
          4.5296943133482435
         10.4079817033681437
          2.0840053680158679
          6.5706865240109895
         16.7006077906808521
          3.2058153615401896
          2.2528508520901380
          5.2228789141171701
          0.9022196640574592
          3.2333999673854144
          8.3584776722482967
          1.3833451120479530
          7.4008167985830520
         22.7228495616217536
          3.4677898319712934
       3966.9900861845417239
      19250.5667680239166657
       1969.3071987589003129
          0.8806744888477136
          2.0617659457312838
          0.2919895446460969
          1.2484590635182120
          3.2856283907516346
          0.4458752721495695
          2.7474749809085979
          8.7648199556529374
          1.0988117813025371
       1162.1191717443568905
       6393.2749722765975093
        529.5192284089995383
          0.1537641222595516
          0.3647222897102690
          0.0355097043158518
          0.2147370435975439
          0.5766178346582851
          0.0539249287670521
          0.4459144066581032
          1.4904983989790628
          0.1297478162185132
        113.9765789439935162
        816.9620057826953143
         47.7614016570137636
1
          6.2315383213721844
          5.0547501916766686
          4.4362128982228368
          3.3669364778359272
          3.1656592674914470
          2.2268982760471516
          2.0194480329637541
          1.2655567886732342
          1.0440716148995044
          0.5407112883582098
          0.4038244392421457
          0.1560306651517001
          0.0451368242018470
          0.0087420754527963
          0.0007290866215843
          0.0000375064435504
          5.0950131494691293
          7.4968143815729480
          2.0373308327378576
         10.5855431235716395
         23.9343725776054512
          5.7029202718882246
          4.6201545962319992
          5.6399035902412598
          1.4745552147465615
         15.6012145444370152
         38.5150199823063062
          8.8057340930472954
          3.7232117299651746
          5.4257859190394759
          1.3915361993919551
          7.6945431272953062
         17.4867893523458555
          3.9075298205794802
          3.3453387644903358
          4.0026739832561944
          0.9933814394060103
         11.2880015591505920
         28.1246808498689411
          6.0253686817810603
          4.5371279943784240
         10.3915767087375066
          2.0840053680158657
          6.6032388860604012
         16.6908709920864844
          3.2058153615401865
          2.2507617623352130
          5.1990476022294434
          0.9022196640574597
          3.2413041096602404
          8.3305375357969123
          1.3833451120479516
          7.4473796158300027
         22.7430739684302310
          3.4677898319712952
       3904.9064474306715056
      19294.6470149524066073
       1969.3071987589003129
          0.8776327605545371
          2.0427418496732930
          0.2919895446460973
          1.2475185362244428
          3.2606803804646436
          0.4458752721495693
          2.7556051656245026
          8.7418736083172259
          1.0988117813025349
       1146.3424337441715579
       6395.6822623169646249
        529.5192284089997656
          0.1535111789474017
          0.3584897464324732
          0.0355097043158518
          0.2142848179458842
          0.5683286249002178
          0.0539249287670521
          0.4446724877532490
          1.4788393511994686
          0.1297478162185131
        113.0943229627840196
        818.5269822722405024
         47.7614016570136997
   0    4 -0.294507 -0.597526  1.286240 
          0.0502273203285160           0.0259212763818648           0.0315794508262912
          0.0084183179047254           0.0127342838914183          -0.0108692158784161
          0.0115182328843357           0.0266805154202756           0.0094300174823569
         -0.0074634671309932           0.0344401888969940          -0.0150284588714318
         -0.0009560842019929           0.0109367892326859           0.0011160098993983
         -0.0104483142719263           0.0782570012726658          -0.0214235015087919
         -0.0038580173020220          -0.0107711279283751           0.0059045122390324
         -0.0058558138134206           0.1251356783575381          -0.0361058571587080
         -0.0059648722345988          -0.0218703066804783           0.0190017219505915
          0.0041354868155068           0.1369877568774252          -0.0597557728767243
         -0.0080595833368133          -0.0119285945690732           0.0193603296188320
          0.0120817616216940           0.0914078494957131          -0.0678812520972813
         -0.0023434341377140           0.0002304321155756           0.0032567336690102
          0.0066005235915963           0.0167816436044814          -0.0265242758558178
         -0.0000303748197702           0.0000241116793325           0.0000231321214273
          0.0001575110137763           0.0002519158228923          -0.0011862625039197
         -0.0091874005634280           0.0626019844645674          -0.0024692606757605
         -0.0055770473578804           0.1578690796958302          -0.0592658446596003
         -0.0556191444973205           0.5331370464504285          -0.1334195105942264
          0.0591575412799547           0.1416747346536484           0.0634889749561638
         -0.0592347872753637           0.5221849956272741          -0.0713233811207742
         -0.0486487679532183          -0.0224016442201153          -0.0476837166727304
         -0.0105036888196667           0.0778183330445172          -0.0043976548039063
          0.1163024649250149           0.0079002718413635           0.0308528269168468
         -0.1403095112216874           0.7796160717203781          -0.2675066268295330
          0.1261861948670977           0.2359638334226798           0.1275188164599429
          0.0089869850900472           0.7365321037042534           0.0067377539945002
         -0.1263687581334810          -0.3314613096207081          -0.0960350389865409
         -0.0096523200343860           0.0340697143609774           0.0025451312514041
         -0.0145461936473551           0.1491204441074525          -0.0624401138895656
         -0.0351228972823086           0.4736272704493765          -0.1163157849743975
          0.0211678503753069           0.0922068219250647           0.0257835304919617
         -0.0968370137275362           0.5216497577979913          -0.0962963212955692
         -0.0427027100522345           0.0443359318918476          -0.0401826720634577
         -0.0122684442102115           0.0538343057365308           0.0065537425390321
          0.0841009215830493           0.0058455122643141           0.0106895854964962
         -0.0990355717580406           0.6538601610760574          -0.2289014429774558
          0.0493718966091739           0.1701085208647055           0.0530305410201467
         -0.0804807185773142           0.7509041396453910          -0.0570228293155098
         -0.1141951972978961          -0.2047225160390011          -0.0766352171555763
         -0.0012227953550984           0.0278338991926482          -0.0076222649467247
         -0.1060388133718641           0.4891238108467259          -0.0953669644080699
         -0.0203974426082305           0.1171960756339609          -0.0312361203808870
         -0.0000916245278312           0.0740182471580530          -0.0150528780791822
         -0.1206915185740645           0.7229385377555402          -0.0832574086848166
         -0.0725224184604432          -0.0377418523547983          -0.0509145173557551
         -0.0020043572149263          -0.0185181158640262          -0.0206426449108285
         -0.0863538886180323           0.4029403302813248          -0.0639798655549998
          0.0071261598746434           0.1483863700298888          -0.0254869643470905
         -0.0070251657112976          -0.0042926345967925          -0.0430542212868711
         -0.1044757605810542           0.6093972354769426          -0.0557890736751116
         -0.0193655663812322           0.0828589969672962          -0.0319381627210455
         -0.0526127128767660           0.1859874034445480          -0.0638633951722900
         -0.0724774226730908           1.1433347031219978          -0.0672891866849076
         -0.2457198243821158          -0.1721179805019883          -0.1283666269397443
        102.2962006610356696         116.0185626036114428         525.1699662210451152
        279.0269847043863933       -1459.6968666570317055       -1320.3794709405399317
       -610.6364902193081434          26.2784211790723496          -8.3576047868046572
          0.0035633054772575          -0.0324373004596059          -0.0167450499260486
         -0.0579065374344524           0.2668403960118544          -0.0250049243467188
          0.0237227320138640           0.1245553640812898          -0.0216708456526889
          0.0018246194992296          -0.0369403042179428          -0.0359131635257269
         -0.0707848034962814           0.4106999133440823          -0.0117616116235345
          0.0181318339475091           0.1167188831992357          -0.0222974322465764
         -0.0234850284278699           0.0052177114899648          -0.0932724702933101
         -0.0683968227601713           0.8772690978484278           0.0272085742518301
         -0.0612485763325234           0.0658487868743889          -0.0545885498745218
          3.6742459065092872          84.7816686054380995         178.2713373810887845
         64.3658899359941330        -483.1572720262872167        -678.7458793323614827
       -263.9862938357493931         -80.2157349612581072         -50.8222224577168475
          0.0038038421446128          -0.0152161638881913          -0.0045488918507274
         -0.0244703150157070           0.0917314827947617           0.0003160108668572
          0.0180955241910101           0.0508574552820966          -0.0128329958335006
          0.0047697697990617          -0.0206592061175578          -0.0102941085050722
         -0.0313263168311912           0.1431688086623158           0.0106263034646079
          0.0214186258813022           0.0601177397145450          -0.0135563591794370
          0.0040022115403552          -0.0315248243959797          -0.0332260966116529
         -0.0433566920890580           0.3357100671221841           0.0566524939278861
          0.0220730495854040           0.0864578219800774          -0.0183813273739343
         -5.5468037515639983          15.9413430716956324          13.7206756761356257
         16.7913951067589622         -22.2426692321879109        -117.0513274971622053
        -42.8295685489803688         -21.0631301368781259         -14.8231078396185652
   2
         -0.0173006949057213           0.0032424249514537          -0.0041496342520117
          0.0000000000000000           0.0000000000000000           0.0000000000000000
         -0.0142744447992357           0.0364932048624803          -0.0128974628684151
          0.0000000000000000           0.0000000000000000           0.0000000000000000
         -0.0092422009610015           0.0592777941844950          -0.0161721471774516
          0.0000000000000000           0.0000000000000000           0.0000000000000000
         -0.0000755210176212           0.0726820494432753          -0.0203801947707275
          0.0000000000000000           0.0000000000000000           0.0000000000000000
          0.0125818725177409           0.0663002283986336          -0.0309054520892962
          0.0000000000000000           0.0000000000000000           0.0000000000000000
          0.0187818975249319           0.0400393485947048          -0.0393834476050737
          0.0000000000000000           0.0000000000000000           0.0000000000000000
          0.0072554409080756           0.0066941782401856          -0.0194152740517690
          0.0000000000000000           0.0000000000000000           0.0000000000000000
          0.0001486706634428           0.0000663208116780          -0.0010621155774960
          0.0000000000000000           0.0000000000000000           0.0000000000000000
          0.0519813325996916           0.3629624761896217          -0.0532367618240156
         -0.0476589351903948           0.0509438741372499          -0.0826664874127959
          0.0000000000000000           0.0000000000000000           0.0000000000000000
         -0.1496652196559644           0.1788865181488993          -0.0661286383204683
         -0.1264424149924391           0.6314811182751385          -0.1516064142725518
          0.0000000000000000           0.0000000000000000           0.0000000000000000
          0.1800892143476944           0.2900079302120650          -0.0623130793721045
         -0.1054459334669640           0.2222485332701859          -0.1728263866042491
          0.0000000000000000           0.0000000000000000           0.0000000000000000
         -0.2232038901636175          -0.0781439858693800          -0.0880968323650120
         -0.2630128930710515           1.3833230215459640          -0.3107062403237619
          0.0000000000000000           0.0000000000000000           0.0000000000000000
          0.0326090357490989           0.3190533066786647          -0.0639077661244919
         -0.0353319478929470           0.0415116367676704          -0.0657660988223664
          0.0000000000000000           0.0000000000000000           0.0000000000000000
         -0.1365521070551801           0.1947717810143090          -0.0645705156879929
         -0.0842538140892345           0.6100034651472563          -0.1323373310626120
          0.0000000000000000           0.0000000000000000           0.0000000000000000
          0.1297692290126650           0.2581456490131527          -0.0774615235658284
         -0.0870318217987394           0.1384678802026702          -0.1469114593149826
          0.0000000000000000           0.0000000000000000           0.0000000000000000
         -0.2085530565958932           0.0095825976844419          -0.0787870226928306
         -0.1848755541913146           1.2754515369618433          -0.2800539237954719
          0.0000000000000000           0.0000000000000000           0.0000000000000000
         -0.1163575129935836           0.1947700821404561          -0.0479297529441710
         -0.0285868022191206           0.5288674245077312          -0.1033538462421396
          0.0000000000000000           0.0000000000000000           0.0000000000000000
         -0.1869263120907265           0.0988105948119182          -0.0492302165798578
         -0.0835613726671108           1.0465246326605140          -0.2259418174360707
          0.0000000000000000           0.0000000000000000           0.0000000000000000
         -0.0920552667684193           0.1650040314490598          -0.0231930840071260
          0.0162738141532300           0.3940425984529601          -0.0744415037381849
          0.0000000000000000           0.0000000000000000           0.0000000000000000
         -0.1562504623125707           0.1375875938604926          -0.0141925585767238
         -0.0004352676345991           0.7414098534852459          -0.1630621383163501
          0.0000000000000000           0.0000000000000000           0.0000000000000000
         -0.3379388413253439          -0.1885304411196561           0.1379621283801157
         -0.1512650294306789           2.5516851953214128          -0.9382494472527120
          0.0000000000000000           0.0000000000000000           0.0000000000000000
        409.8499117559911156        -849.9092048831080319        1013.2457137936139588
       -568.2443862963774563        3006.7883210871959818       -3884.5290051971073808
          0.0000000000000000           0.0000000000000000           0.0000000000000000
         -0.0627745452301470           0.1096692039349384          -0.0033820799271162
          0.0373801709307528           0.2365379450363453          -0.0481434457538783
          0.0000000000000000           0.0000000000000000           0.0000000000000000
         -0.1106022585525158           0.1167878686210834           0.0080793323214227
          0.0442964908965065           0.4248571208274382          -0.1005191709075760
          0.0000000000000000           0.0000000000000000           0.0000000000000000
         -0.2724768193096681           0.0678022101317448           0.0903873982322258
          0.0446068706041840           1.3434234334109474          -0.5042699461337484
          0.0000000000000000           0.0000000000000000           0.0000000000000000
        124.7107803088313318        -234.0333423558565471         308.1497878101106949
       -141.8298195463571574        1144.7131847470870980       -1761.5384451707884637
          0.0000000000000000           0.0000000000000000           0.0000000000000000
         -0.0239128455675954           0.0369912783328066           0.0037313708002106
          0.0271724956876797           0.0752511027862343          -0.0192566402395622
          0.0000000000000000           0.0000000000000000           0.0000000000000000
         -0.0426052201585218           0.0465187131394468           0.0090894791352999
          0.0389391491368478           0.1281650043175515          -0.0356799370098455
          0.0000000000000000           0.0000000000000000           0.0000000000000000
         -0.1121566613393118           0.0738347216156520           0.0332543312431448
          0.0845902097756672           0.3678560071502045          -0.1388328632711842
          0.0000000000000000           0.0000000000000000           0.0000000000000000
          5.1503517278767159         -10.9450366044307543          31.2144086964837797
          9.8291864571015388         197.8375753381182562        -345.0356693322625006
          0.0000000000000000           0.0000000000000000           0.0000000000000000
   0
          0.0000000000000000           0.0000000000000000           0.0000000000000000
          0.0000000000000000           0.0000000000000000           0.0000000000000000
         -0.0000000000000000          -0.0000000000000000           0.0000000000000000
          0.0000000000000000           0.0000000000000000           0.0000000000000000
          0.0000000000000000           0.0000000000000000           0.0000000000000001
          0.0000000000000000           0.0000000000000000           0.0000000000000000
         -0.0000000000000000           0.0000000000000000           0.0000000000000000
          0.0000000000000000           0.0000000000000000           0.0000000000000000
         -0.0000000000000000           0.0000000000000000           0.0000000000000000
          0.0000000000000000           0.0000000000000000           0.0000000000000000
          0.0000000000000000          -0.0000000000000000          -0.0000000000000000
          0.0000000000000000           0.0000000000000000           0.0000000000000000
         -0.0000000000000000           0.0000000000000000           0.0000000000000000
          0.0000000000000000           0.0000000000000000           0.0000000000000000
          0.0000000000000000           0.0000000000000000           0.0000000000000000
          0.0000000000000000           0.0000000000000000           0.0000000000000000
          0.0308666243046431           0.0251349569806167           0.0479574632551257
         -0.0084035140402548          -0.0681717238327290          -0.0420833828202595
          0.0000000000000000           0.0000000000000000           0.0000000000000000
         -0.0058815539463797           0.0770034025784913          -0.0174476061149235
         -0.0167759768239949           0.2174934407388935          -0.0299427645835847
          0.0000000000000000           0.0000000000000000           0.0000000000000000
          0.0525687147159882          -0.0041081148880673           0.1158335817199699
          0.0359127098960688          -0.0345487971793078          -0.1415297906723191
          0.0000000000000000           0.0000000000000000           0.0000000000000000
         -0.0209276417860580           0.0996287763076812          -0.0149765570201292
          0.0191677843285920           0.5367815319639362          -0.1172485541989700
          0.0000000000000000           0.0000000000000000           0.0000000000000000
          0.0140098525153538           0.0239210314892457           0.0260615295755751
         -0.0137560488635676          -0.0564024219809399          -0.0305059050099897
          0.0000000000000000           0.0000000000000000           0.0000000000000000
         -0.0082520873448929           0.0392172366537753          -0.0118971987038926
         -0.0125235453632332           0.2146307903042103          -0.0319973897270123
          0.0000000000000000           0.0000000000000000           0.0000000000000000
          0.0276263636330612           0.0078880411789689           0.0806472091827569
          0.0211470974618836          -0.0456169448316524          -0.1213750495988750
          0.0000000000000000           0.0000000000000000           0.0000000000000000
         -0.0168975160874329           0.0384804515080277           0.0047297526238217
          0.0236121044625537           0.4964494797386479          -0.1243580190329182
          0.0000000000000000           0.0000000000000000           0.0000000000000000
         -0.0058247810874325          -0.0007601758697904          -0.0040531015669359
         -0.0043186064717037           0.1948115743586349          -0.0316775667571611
          0.0000000000000000           0.0000000000000000           0.0000000000000000
         -0.0081001905996263          -0.0211961267789121           0.0230646080427141
          0.0300798763038586           0.4139502232582865          -0.1224015982117868
          0.0000000000000000           0.0000000000000000           0.0000000000000000
         -0.0004177983862294          -0.0226250411809311           0.0016681816689224
          0.0049117831924067           0.1525469238755179          -0.0262569446260551
          0.0000000000000000           0.0000000000000000           0.0000000000000000
          0.0013205088408774          -0.0484112161231699           0.0283169954998041
          0.0351336595975345           0.2990819637839127          -0.1026736069731285
          0.0000000000000000           0.0000000000000000           0.0000000000000000
         -0.0125937001883629          -0.1419637664420628           0.2069349773924159
          0.2426331350351043           1.0423352729322422          -0.6756585335834991
          0.0000000000000000           0.0000000000000000           0.0000000000000000
       -314.9164789149509716         151.4795293398240119         104.6111746296875964
         14.3374417235317555        1708.1639173952510191       -1680.7132020669150734
          0.0000000000000000           0.0000000000000000           0.0000000000000000
          0.0033152589085729          -0.0236768944225826           0.0033795615327224
          0.0109777691022718           0.0943664439540206          -0.0165104527951521
          0.0000000000000000           0.0000000000000000           0.0000000000000000
          0.0064379623650476          -0.0427939987808660           0.0209541157041668
          0.0340783878496567           0.1721087196418300          -0.0672043293607956
          0.0000000000000000           0.0000000000000000           0.0000000000000000
          0.0087459406172965          -0.1142728243589955           0.1233849794594539
          0.1747044331360912           0.5416114089559945          -0.4134025480008118
          0.0000000000000000           0.0000000000000000           0.0000000000000000
       -122.1812621855292349          68.1676170418100895          41.4161219765761217
         70.2876655320567068         600.7880576953650689        -813.5244517359147949
          0.0000000000000000           0.0000000000000000           0.0000000000000000
          0.0024483254066558          -0.0091115062901827           0.0015976164543571
          0.0088572359651102           0.0289088400810856          -0.0047032166942810
          0.0000000000000000           0.0000000000000000           0.0000000000000000
          0.0041249043191675          -0.0150671384495040           0.0064648305333388
          0.0195297652601119           0.0487952198407453          -0.0214946472552176
          0.0000000000000000           0.0000000000000000           0.0000000000000000
          0.0092342317636856          -0.0378783380117865           0.0320197413235322
          0.0771960323042960           0.1370695108390611          -0.1272566261025869
          0.0000000000000000           0.0000000000000000           0.0000000000000000
        -14.9917184389188680           7.3053318180961524          10.4585795241619639
         42.0853706277086914          87.9614679722865418        -193.5956280622312420
          0.0000000000000000           0.0000000000000000           0.0000000000000000
   1
          0.0502273203285159           0.0259212763818648           0.0315794508262911
          0.0000000000000000           0.0000000000000000           0.0000000000000000
          0.0115182328843356           0.0266805154202755           0.0094300174823569
          0.0000000000000000           0.0000000000000000           0.0000000000000000
         -0.0009560842019929           0.0109367892326859           0.0011160098993984
          0.0000000000000000           0.0000000000000000           0.0000000000000000
         -0.0038580173020220          -0.0107711279283751           0.0059045122390324
          0.0000000000000000           0.0000000000000000           0.0000000000000000
         -0.0059648722345988          -0.0218703066804783           0.0190017219505916
          0.0000000000000000           0.0000000000000000           0.0000000000000000
         -0.0080595833368133          -0.0119285945690732           0.0193603296188320
          0.0000000000000000           0.0000000000000000           0.0000000000000000
         -0.0023434341377140           0.0002304321155756           0.0032567336690102
          0.0000000000000000           0.0000000000000000           0.0000000000000000
         -0.0000303748197702           0.0000241116793325           0.0000231321214273
          0.0000000000000000           0.0000000000000000           0.0000000000000000
          0.0216792237412149           0.0877369414451842           0.0454882025793655
         -0.0142271378361120          -0.2635707319435229           0.0759427756031930
          0.0000000000000000           0.0000000000000000           0.0000000000000000
          0.0532759873335741           0.2186781372321391           0.0460413688412404
         -0.0254052059328862           0.7943030903604607          -0.1345058539797254
          0.0000000000000000           0.0000000000000000           0.0000000000000000
          0.0420650258963217           0.0737102181564495           0.1114359269160633
          0.0719716438036999          -0.4371823774078402           0.1100069850352687
          0.0000000000000000           0.0000000000000000           0.0000000000000000
          0.1052585530810406           0.3355926097303606           0.1125422594398138
          0.0496155076101496           1.6785652672001279          -0.3108902741305688
          0.0000000000000000           0.0000000000000000           0.0000000000000000
          0.0043575324809680           0.0579907458502233           0.0286066608269792
         -0.0246114996529550          -0.2094316511509867           0.0719014124459460
          0.0000000000000000           0.0000000000000000           0.0000000000000000
          0.0129157630304130           0.1314240585788404           0.0138863317880699
         -0.0604921134951347           0.7219734847331595          -0.1681345528940800
          0.0000000000000000           0.0000000000000000           0.0000000000000000
          0.0153579194228493           0.0617223469154999           0.0872009517217888
          0.0401663293737818          -0.3677951195532521           0.1029906492466869
          0.0000000000000000           0.0000000000000000           0.0000000000000000
          0.0324743805217406           0.2085889723727338           0.0577602936439690
         -0.0315948983105797           1.4950151522150401          -0.3770812814333648
          0.0000000000000000           0.0000000000000000           0.0000000000000000
         -0.0070475764425306           0.0270737233228575          -0.0116753665136605
         -0.0792641306210897           0.5866306234677786          -0.1738222908365644
          0.0000000000000000           0.0000000000000000           0.0000000000000000
         -0.0081918151274581           0.0528221203791405           0.0080117299635322
         -0.0869993738109674           1.1740811831968421          -0.3869712687018103
          0.0000000000000000           0.0000000000000000           0.0000000000000000
         -0.0024221556011557          -0.0411431570449572          -0.0189744632419061
         -0.0770547175776217           0.4159771697301078          -0.1377653204852384
          0.0000000000000000           0.0000000000000000           0.0000000000000000
         -0.0057046568704203          -0.0527038507199626          -0.0147372257870666
         -0.1004631162017799           0.7974136447842437          -0.3091285590712940
          0.0000000000000000           0.0000000000000000           0.0000000000000000
         -0.0652064130651285           0.0440236370024850           0.1430715822201264
         -0.0758573526170745           2.5247116689263458          -1.2870773017683761
          0.0000000000000000           0.0000000000000000           0.0000000000000000
       -212.6202782539150178         267.4980919434358952         629.7811408507313899
       1772.4032347786574064        1705.0717966750632968       -2503.1951690846044585
          0.0000000000000000           0.0000000000000000           0.0000000000000000
          0.0068785643858303          -0.0561141948821885          -0.0133654883933261
         -0.0629786211566224           0.2402828060545744          -0.0794449812916630
          0.0000000000000000           0.0000000000000000           0.0000000000000000
          0.0082625818642771          -0.0797343029988086          -0.0149590478215600
         -0.0885722330102716           0.4379242367914706          -0.1810508333115872
          0.0000000000000000           0.0000000000000000           0.0000000000000000
         -0.0147390878105736          -0.1090551128690308           0.0301125091661444
         -0.1371442741813580           1.3139584843090524          -0.7480009088739171
          0.0000000000000000           0.0000000000000000           0.0000000000000000
       -118.5070162790199504         152.9492856472481037         219.6874593576643520
        653.6705059312107551         749.3694835756508610       -1229.7128138429134196
          0.0000000000000000           0.0000000000000000           0.0000000000000000
          0.0062521675512687          -0.0243276701783739          -0.0029512753963703
         -0.0323275515532776           0.0727189180923768          -0.0201688848608580
          0.0000000000000000           0.0000000000000000           0.0000000000000000
          0.0088946741182292          -0.0357263445670617          -0.0038292779717335
         -0.0477302200155950           0.1237326477851771          -0.0471336082597135
          0.0000000000000000           0.0000000000000000           0.0000000000000000
          0.0132364433040409          -0.0694031624077663          -0.0012063552881206
         -0.0973476711050954           0.3434439907264245          -0.1946124594755499
          0.0000000000000000           0.0000000000000000           0.0000000000000000
        -20.5385221904828548          23.2466748897917732          24.1792552002976002
         85.2559483624816892         157.5677028964885551        -262.0902270455633243
          0.0000000000000000           0.0000000000000000           0.0000000000000000
   3
          0.0257190128104465           0.0094918589399646          -0.0067195816264044
          0.0000000000000000           0.0000000000000000           0.0000000000000000
          0.0068109776682425          -0.0020530159654863          -0.0021309960030167
          0.0000000000000000           0.0000000000000000           0.0000000000000000
         -0.0012061133109247           0.0189792070881708          -0.0052513543313403
          0.0000000000000000           0.0000000000000000           0.0000000000000000
         -0.0057802927957994           0.0524536289142628          -0.0157256623879805
          0.0000000000000000           0.0000000000000000           0.0000000000000000
         -0.0084463857022342           0.0706875284787917          -0.0288503207874280
          0.0000000000000000           0.0000000000000000           0.0000000000000000
         -0.0067001359032380           0.0513685009010083          -0.0284978044922077
          0.0000000000000000           0.0000000000000000           0.0000000000000000
         -0.0006549173164793           0.0100874653642958          -0.0071090018040488
          0.0000000000000000           0.0000000000000000           0.0000000000000000
          0.0000088403503335           0.0001855950112143          -0.0001241469264238
          0.0000000000000000           0.0000000000000000           0.0000000000000000
          0.0086127422362519           0.3023198196509220          -0.0461604939331583
         -0.0153012130171807          -0.0483312834731476          -0.0265718547822551
          0.0000000000000000           0.0000000000000000           0.0000000000000000
          0.0242593101867761          -0.1641147386663395           0.0349366682972668
         -0.0191332617010630           0.3873770955213854          -0.1013616980663121
          0.0000000000000000           0.0000000000000000           0.0000000000000000
          0.0142273675224004           0.3030940818841439          -0.0185890194691041
         -0.0484790644896207           0.0396619513021011          -0.0834551098329105
          0.0000000000000000           0.0000000000000000           0.0000000000000000
          0.0455205034234503          -0.6297750347503778           0.1436053049917469
         -0.0561431618573834           0.9110787092911659          -0.2330347964010216
          0.0000000000000000           0.0000000000000000           0.0000000000000000
         -0.0070014514544057           0.2836793163745591          -0.0649642964660140
         -0.0200835913273042          -0.0176141349637645          -0.0230076927668530
          0.0000000000000000           0.0000000000000000           0.0000000000000000
         -0.0004386846144038          -0.1267342021620892           0.0347061430933644
         -0.0159818613596006           0.4020254377312864          -0.0918857914238801
          0.0000000000000000           0.0000000000000000           0.0000000000000000
         -0.0106144355545664           0.2921057351196447          -0.0495222168826903
         -0.0448476561105604           0.0122190255058485          -0.0682336099865884
          0.0000000000000000           0.0000000000000000           0.0000000000000000
          0.0025110981254373          -0.5287213019536510           0.1498186622360643
         -0.0366441961751548           0.8514981708959513          -0.2059898073006430
          0.0000000000000000           0.0000000000000000           0.0000000000000000
         -0.0178123807061775          -0.0544694821912255           0.0323773939331046
          0.0025744559914043           0.3932929383968264          -0.0831567472765388
          0.0000000000000000           0.0000000000000000           0.0000000000000000
         -0.0314505068706320          -0.3361672428814840           0.1408869910681478
          0.0084421927174046           0.7447098682772885          -0.1767193022237587
          0.0000000000000000           0.0000000000000000           0.0000000000000000
         -0.0229034526588458           0.0146924664064123           0.0261801411633879
          0.0243783830004757           0.3308811868026832          -0.0742038043064635
          0.0000000000000000           0.0000000000000000           0.0000000000000000
         -0.0434716618789944          -0.1352972890460719           0.1102542045999777
          0.0513332425072066           0.5781825891529826          -0.1476510183753676
          0.0000000000000000           0.0000000000000000           0.0000000000000000
         -0.1654006064004933          -0.8907075820328729           0.5155427840974939
          0.1365798110918111           1.6880808957905140          -0.6502075683895792
          0.0000000000000000           0.0000000000000000           0.0000000000000000
       -144.0418070308798804        -505.9435478758936142         589.5785693357440778
       -692.0856502794284779        1461.1140421549296207       -1893.6040477237902451
          0.0000000000000000           0.0000000000000000           0.0000000000000000
         -0.0206480756868785           0.0472929934761700           0.0161936562700360
          0.0332711669721986           0.2176669080496454          -0.0585320292208597
          0.0000000000000000           0.0000000000000000           0.0000000000000000
         -0.0388888737785118          -0.0025196261251672           0.0654968298652482
          0.0648836634234100           0.3606815510344970          -0.1094215733948956
          0.0000000000000000           0.0000000000000000           0.0000000000000000
         -0.1323567101744772          -0.2671854940720264           0.2910588439426393
          0.1972255670047001           0.9724899328968898          -0.4142577597142328
          0.0000000000000000           0.0000000000000000           0.0000000000000000
        -97.1783958612874557        -215.6900390546778397         230.3537556227298353
       -249.2125233253509009         565.4936734887039620        -831.7694149013207152
          0.0000000000000000           0.0000000000000000           0.0000000000000000
         -0.0112185145802910           0.0300742163045808           0.0041382018111924
          0.0195952110101713           0.0709568053865554          -0.0273684263759077
          0.0000000000000000           0.0000000000000000           0.0000000000000000
         -0.0194029661650625           0.0303108544188006           0.0172149643667784
          0.0358549916796836           0.1129540969056482          -0.0480464672742208
          0.0000000000000000           0.0000000000000000           0.0000000000000000
         -0.0546285115275097           0.0195263136064128           0.0744888679251302
          0.1094725511063401           0.2864558386465455          -0.1539806879172388
          0.0000000000000000           0.0000000000000000           0.0000000000000000
        -24.7076959971303438         -26.6762461943038893          36.0468075559651808
         -7.6180884131566033         110.1195123301447865        -174.7044839250295070
          0.0000000000000000           0.0000000000000000           0.0000000000000000
