1  82   4   1   0   -11.806969   0.000000

./DATA/2947/200/39/
0
          1.0570744766126856
          6.5409386035045438
          0.5856976775020107
          4.5938117347139267
          0.3039127799513037
          3.1906841971345274
          0.1135957687685031
          1.9018001363090642
          0.0220318419856854
          0.8271861583860854
          0.0015971755493796
          0.2220948441067523
          0.0000022599938928
          0.0083525821235427
          0.0000000000045250
          0.0000118188503088
          0.0000000000000000
          0.8430914201969461
          4.8053469637197956
          0.0000000000000000
          4.1846726678394450
         11.8408915993110888
          0.0000000000000000
          0.3654317286265889
          3.5540442864061399
          0.0000000000000000
          7.0485942239115680
         17.6251335575887040
          0.0000000000000000
          0.5497406311732529
          3.4111420427835952
          0.0000000000000000
          2.7971477694857865
          8.4963341743806549
          0.0000000000000000
          0.2275339186119867
          2.4541006087616442
          0.0000000000000000
          4.7223481952370445
         12.6244848719558114
          0.0000000000000000
          1.4089034198879855
          4.8690692120178882
          0.0000000000000000
          2.3859819742415556
          7.2206375632068935
          0.0000000000000000
          0.5467344778086282
          2.2902222782583199
          0.0000000000000000
          0.9286267548896051
          3.3929647384569979
          0.0000000000000000
          2.6995964079177619
          7.7562759988982704
          0.0000000000000000
       1712.3120469575969764
       2522.9562377527886383
          0.0000000000000000
          0.1438412560446957
          0.8065952912507880
          0.0000000000000000
          0.2449091866695607
          1.1958551526020942
          0.0000000000000000
          0.7128562370526791
          2.6994793115473623
          0.0000000000000000
        444.9257517762536054
        641.0638078687904908
          0.0000000000000000
          0.0102399274705535
          0.1064586333650972
          0.0000000000000000
          0.0174683177911535
          0.1584401327856135
          0.0000000000000000
          0.0508905709736750
          0.3550103493637853
          0.0000000000000000
         31.3348092008792740
         56.7567950102754963
1
          2.1803128678348487
          5.4177002122823819
          1.5312705782379754
          3.6482388339779614
          1.0635613990448427
          2.4310355780409889
          0.6339333787696880
          1.3814625263078792
          0.2757287194620285
          0.5734892809097425
          0.0740316147022507
          0.1496604049538811
          0.0027841940411809
          0.0055706480762547
          0.0000039396167696
          0.0000078792380642
          0.3842158389869029
          2.7161634379050428
          2.5480591070248035
          0.4537448423524956
          8.3813289374488722
          7.1904904873491517
          0.3697759543301909
          1.7516215251525755
          1.7980785355499642
          0.5088339610613759
         13.0819525242402470
         11.0829412961986602
          0.2595400624184535
          1.9382614474099080
          1.7630811641284858
          0.2982746710247198
          6.0000560306995947
          4.9951512421421320
          0.2514728246277030
          1.2089660627896872
          1.2211956399562411
          0.3289420418402355
          9.3325552293690919
          7.6853357959835362
          0.1467918835118914
          3.4220968476174720
          2.7090839007765117
          0.1580238118204891
          5.2930380765774707
          4.1555576490504871
          0.0556660928880583
          1.5977274923323057
          1.1835631708465821
          0.0584430102655637
          2.4546327234034022
          1.8085157596776340
          0.0697681506902945
          5.9311798338575095
          4.4549244222682276
          4.6779317561499489
       2243.3856439754245002
       1987.2047089788081848
          0.0143581834330670
          0.5569609126492888
          0.3791174512131262
          0.0147397789061656
          0.8493936061455858
          0.5766309542199051
          0.0162937139544316
          2.0046841921402727
          1.3913576425053404
          0.6398316769313092
        574.4047924840812129
        510.9449354840297133
          0.0010058055644788
          0.0723741202712917
          0.0433186349998802
          0.0010131559028169
          0.1094232159818265
          0.0654720786921237
          0.0010430515307508
          0.2515509868389131
          0.1533068819677954
          0.0129019786788904
         48.2569957831189527
         39.8217064493568316
1
          2.1803128678348473
          5.4177002122823810
          1.5312705782379747
          3.6482388339779614
          1.0635613990448429
          2.4310355780409880
          0.6339333787696880
          1.3814625263078790
          0.2757287194620286
          0.5734892809097425
          0.0740316147022507
          0.1496604049538811
          0.0027841940411809
          0.0055706480762547
          0.0000039396167696
          0.0000078792380642
          0.3842158389869028
          2.7161634379050446
          2.5480591070248062
          0.4537448423524955
          8.3813289374488811
          7.1904904873491411
          0.3697759543301909
          1.7516215251525760
          1.7980785355499671
          0.5088339610613758
         13.0819525242402435
         11.0829412961986851
          0.2595400624184535
          1.9382614474099071
          1.7630811641284876
          0.2982746710247197
          6.0000560306995965
          4.9951512421421400
          0.2514728246277029
          1.2089660627896861
          1.2211956399562414
          0.3289420418402353
          9.3325552293690848
          7.6853357959835327
          0.1467918835118914
          3.4220968476174725
          2.7090839007765108
          0.1580238118204890
          5.2930380765774681
          4.1555576490504853
          0.0556660928880583
          1.5977274923323053
          1.1835631708465826
          0.0584430102655637
          2.4546327234034062
          1.8085157596776342
          0.0697681506902945
          5.9311798338575112
          4.4549244222682320
          4.6779317561499409
       2243.3856439754226813
       1987.2047089788090943
          0.0143581834330670
          0.5569609126492884
          0.3791174512131261
          0.0147397789061656
          0.8493936061455858
          0.5766309542199055
          0.0162937139544316
          2.0046841921402727
          1.3913576425053393
          0.6398316769313076
        574.4047924840808719
        510.9449354840299975
          0.0010058055644788
          0.0723741202712916
          0.0433186349998802
          0.0010131559028169
          0.1094232159818265
          0.0654720786921237
          0.0010430515307508
          0.2515509868389132
          0.1533068819677953
          0.0129019786788904
         48.2569957831189456
         39.8217064493568600
1
          2.1803128678348482
          5.4177002122823827
          1.5312705782379752
          3.6482388339779623
          1.0635613990448429
          2.4310355780409880
          0.6339333787696880
          1.3814625263078797
          0.2757287194620286
          0.5734892809097428
          0.0740316147022507
          0.1496604049538811
          0.0027841940411809
          0.0055706480762547
          0.0000039396167696
          0.0000078792380642
          0.3842158389869029
          2.7161634379050459
          2.5480591070248035
          0.4537448423524957
          8.3813289374488811
          7.1904904873491384
          0.3697759543301910
          1.7516215251525760
          1.7980785355499671
          0.5088339610613759
         13.0819525242402435
         11.0829412961986780
          0.2595400624184536
          1.9382614474099065
          1.7630811641284891
          0.2982746710247198
          6.0000560306996000
          4.9951512421421356
          0.2514728246277029
          1.2089660627896863
          1.2211956399562420
          0.3289420418402355
          9.3325552293690848
          7.6853357959835291
          0.1467918835118914
          3.4220968476174725
          2.7090839007765108
          0.1580238118204890
          5.2930380765774698
          4.1555576490504897
          0.0556660928880583
          1.5977274923323048
          1.1835631708465828
          0.0584430102655637
          2.4546327234034049
          1.8085157596776338
          0.0697681506902944
          5.9311798338575148
          4.4549244222682276
          4.6779317561499507
       2243.3856439754240455
       1987.2047089788079575
          0.0143581834330670
          0.5569609126492884
          0.3791174512131260
          0.0147397789061656
          0.8493936061455857
          0.5766309542199050
          0.0162937139544316
          2.0046841921402727
          1.3913576425053396
          0.6398316769313089
        574.4047924840810992
        510.9449354840298838
          0.0010058055644788
          0.0723741202712916
          0.0433186349998802
          0.0010131559028169
          0.1094232159818264
          0.0654720786921238
          0.0010430515307508
          0.2515509868389132
          0.1533068819677953
          0.0129019786788904
         48.2569957831189384
         39.8217064493568458
