1  82   4   1   0   -9.946050   0.000000

./DATA/2947/200/54/
0
          0.6265485825476110
          4.9111818055568621
          0.3089278189370498
          3.4147470343938600
          0.1408112372009970
          2.2933315303324289
          0.0433319026125156
          1.2683043070419713
          0.0060779692501670
          0.4744495167173644
          0.0002623491628956
          0.0985532872736487
          0.0000001015506350
          0.0019389607173563
          0.0000000000000152
          0.0000007505367628
          0.0000000000000000
          0.2841805993095967
          2.2596288535464346
          0.0000000000000000
          1.6157295432952259
          5.8126650860980060
          0.0000000000000000
          0.0900334392288834
          1.4132875443540194
          0.0000000000000000
          2.7531313272001392
          8.5193600094571931
          0.0000000000000000
          0.1786384971343117
          1.5595368727725560
          0.0000000000000000
          1.0207312211036406
          4.0683090405480611
          0.0000000000000000
          0.0557504381813670
          0.9560227053234378
          0.0000000000000000
          1.7399358861200227
          5.9735670408744355
          0.0000000000000000
          0.4631542434841185
          2.2097166621916129
          0.0000000000000000
          0.7898690819185117
          3.2542739448447011
          0.0000000000000000
          0.1535645725600243
          0.9475174285855238
          0.0000000000000000
          0.2620010141433178
          1.4006393284835696
          0.0000000000000000
          0.7633347093981006
          3.1115131443653272
          0.0000000000000000
        469.5508187554009965
        476.6199840803038228
          0.0000000000000000
          0.0318105173252903
          0.2856153021804696
          0.0000000000000000
          0.0542897766226317
          0.4240169608742821
          0.0000000000000000
          0.1581939858632840
          0.9446549096135923
          0.0000000000000000
         97.0868993828438249
        132.3877880584509228
          0.0000000000000000
          0.0013703843501753
          0.0264771879474442
          0.0000000000000000
          0.0023392655644577
          0.0395199024758569
          0.0000000000000000
          0.0068169589499571
          0.0884620888410454
          0.0000000000000000
          4.1772888485119122
         11.6424812413627823
1
          1.6370606018522884
          3.9006697862521862
          1.1382490114646200
          2.5854258418662899
          0.7644438434441430
          1.6696989240892830
          0.4227681023473239
          0.8888681073071631
          0.1581498389057882
          0.3223776470617433
          0.0328510957578829
          0.0659645406786614
          0.0006463202391188
          0.0012927420288725
          0.0000002501789209
          0.0000005003578571
          0.1564085366074823
          1.2883290289191895
          1.0990718873293599
          0.1602431538266547
          4.0932002641771144
          3.1749512113894811
          0.1556002539473404
          0.6610023347509589
          0.6867183948846027
          0.1632694883856851
          6.2707448052667925
          4.8384770430048372
          0.0989819564492242
          0.9012735013280272
          0.7379199121296184
          0.1009129965904343
          2.8506237742190530
          2.1375034908422137
          0.0985747106306579
          0.4587825283480982
          0.4544159045260486
          0.1024367909130780
          4.3574830741301476
          3.2535830619512409
          0.0456041692630022
          1.5363208507631094
          1.0909458856496193
          0.0460715369655061
          2.3406625832716292
          1.6574089065260866
          0.0150665964562911
          0.6527332836644409
          0.4332821210248141
          0.0151560976973798
          0.9907810283087254
          0.6567032166207805
          0.0155200899433468
          2.2977468194895572
          1.5615809443305277
          0.1597900370855235
        473.9440155644978745
        472.0669972341215725
          0.0031126813118793
          0.1947883446049847
          0.1195247935888959
          0.0031211385049676
          0.2945322891137969
          0.1806533098781494
          0.0031555260845645
          0.6761902161943605
          0.4235031531979517
          0.0167590410382755
        120.5873070845054684
        108.8706213157513361
          0.0001338546633253
          0.0178405440883706
          0.0098731735459236
          0.0001339303955444
          0.0268584960476351
          0.0148667415971352
          0.0001342382869889
          0.0609785689700382
          0.0341662405339755
          0.0002558822368509
          9.1535720126054532
          6.6659421950323816
1
          1.6370606018522886
          3.9006697862521862
          1.1382490114646202
          2.5854258418662899
          0.7644438434441430
          1.6696989240892828
          0.4227681023473239
          0.8888681073071633
          0.1581498389057882
          0.3223776470617432
          0.0328510957578829
          0.0659645406786614
          0.0006463202391188
          0.0012927420288725
          0.0000002501789209
          0.0000005003578571
          0.1564085366074822
          1.2883290289191907
          1.0990718873293586
          0.1602431538266547
          4.0932002641771152
          3.1749512113894816
          0.1556002539473404
          0.6610023347509590
          0.6867183948846021
          0.1632694883856852
          6.2707448052667925
          4.8384770430048354
          0.0989819564492242
          0.9012735013280274
          0.7379199121296177
          0.1009129965904343
          2.8506237742190534
          2.1375034908422146
          0.0985747106306579
          0.4587825283480983
          0.4544159045260481
          0.1024367909130780
          4.3574830741301449
          3.2535830619512391
          0.0456041692630022
          1.5363208507631094
          1.0909458856496197
          0.0460715369655061
          2.3406625832716328
          1.6574089065260869
          0.0150665964562911
          0.6527332836644399
          0.4332821210248138
          0.0151560976973798
          0.9907810283087252
          0.6567032166207811
          0.0155200899433468
          2.2977468194895616
          1.5615809443305260
          0.1597900370855235
        473.9440155644978176
        472.0669972341206062
          0.0031126813118793
          0.1947883446049846
          0.1195247935888957
          0.0031211385049676
          0.2945322891137968
          0.1806533098781492
          0.0031555260845645
          0.6761902161943606
          0.4235031531979512
          0.0167590410382755
        120.5873070845054968
        108.8706213157512792
          0.0001338546633253
          0.0178405440883706
          0.0098731735459236
          0.0001339303955444
          0.0268584960476351
          0.0148667415971351
          0.0001342382869889
          0.0609785689700382
          0.0341662405339756
          0.0002558822368509
          9.1535720126054443
          6.6659421950323745
1
          1.6370606018522886
          3.9006697862521862
          1.1382490114646202
          2.5854258418662890
          0.7644438434441430
          1.6696989240892828
          0.4227681023473239
          0.8888681073071633
          0.1581498389057882
          0.3223776470617432
          0.0328510957578829
          0.0659645406786614
          0.0006463202391188
          0.0012927420288725
          0.0000002501789209
          0.0000005003578571
          0.1564085366074822
          1.2883290289191907
          1.0990718873293588
          0.1602431538266547
          4.0932002641771161
          3.1749512113894798
          0.1556002539473404
          0.6610023347509589
          0.6867183948846022
          0.1632694883856852
          6.2707448052667925
          4.8384770430048345
          0.0989819564492242
          0.9012735013280276
          0.7379199121296179
          0.1009129965904343
          2.8506237742190530
          2.1375034908422150
          0.0985747106306579
          0.4587825283480985
          0.4544159045260480
          0.1024367909130780
          4.3574830741301449
          3.2535830619512400
          0.0456041692630022
          1.5363208507631094
          1.0909458856496199
          0.0460715369655061
          2.3406625832716328
          1.6574089065260871
          0.0150665964562911
          0.6527332836644402
          0.4332821210248138
          0.0151560976973798
          0.9907810283087251
          0.6567032166207811
          0.0155200899433468
          2.2977468194895616
          1.5615809443305249
          0.1597900370855235
        473.9440155644977608
        472.0669972341206062
          0.0031126813118793
          0.1947883446049845
          0.1195247935888957
          0.0031211385049676
          0.2945322891137968
          0.1806533098781492
          0.0031555260845645
          0.6761902161943606
          0.4235031531979512
          0.0167590410382755
        120.5873070845055537
        108.8706213157513218
          0.0001338546633253
          0.0178405440883706
          0.0098731735459236
          0.0001339303955444
          0.0268584960476351
          0.0148667415971351
          0.0001342382869889
          0.0609785689700382
          0.0341662405339756
          0.0002558822368509
          9.1535720126054496
          6.6659421950323763
