1  82   4   0   0   -12.280146   0.000000

./DATA/2947/200/31/
0
          1.3673298543773456
          7.7086602964166913
          0.7923193584061794
          5.4279883057637486
          0.4347797513956038
          3.8117330338509188
          0.1778782132727142
          2.3398690228877204
          0.0403858748033956
          1.0895205967395876
          0.0037839220674199
          0.3314138574747416
          0.0000101896669779
          0.0171869030695030
          0.0000000000739054
          0.0000462865644216
          0.0082501343497392
          1.4696676035531886
          7.2034941840063782
          0.0229655022989647
          6.7507913027101720
         17.4899355155469181
          0.0060948004496836
          0.7279964998337080
          5.7394001624832311
          0.0355255363481346
         11.2902438981477005
         26.3122828255643668
          0.0041528617391949
          0.9745428842635655
          5.1823527289186124
          0.0115600729401034
          4.6159227776180769
         12.6816699407504121
          0.0030679871399015
          0.4614037478382321
          4.0239050424179439
          0.0178824095417186
          7.7441635345472601
         19.0225394660814757
          0.0035398477432735
          2.4290289494005135
          7.4300013690340752
          0.0054758416727243
          4.0930974245872553
         11.0995187413320053
          0.0006752080077021
          1.0100210714835136
          3.6326226465771385
          0.0010444904390116
          1.7094350153744118
          5.4064143631536918
          0.0027510527269707
          4.9660596444485314
         12.6777878975132730
          1.5915299265848344
       3341.3507999047687917
       5784.7257950478751809
          0.0000633184781567
          0.2964984419113418
          1.3689918416704225
          0.0000979484724546
          0.5037483142961308
          2.0329693448919692
          0.0002579844788492
          1.4658012558909919
          4.6625174597008279
          0.1492506176139746
        948.7436486736230563
       1535.8253272557533364
          0.0000005568430815
          0.0268254570264140
          0.2126330010953109
          0.0000008613906496
          0.0457272415674890
          0.3161411444041599
          0.0000022688022819
          0.1332051537316230
          0.7114661370411690
          0.0013125681888356
         83.0573980104266383
        139.7331991473833170
1
          2.5695534321388975
          6.5064367186551397
          1.8093294352545835
          4.4109782289153454
          1.2705776779503055
          2.9759351072962161
          0.7799563409625736
          1.7377908951978607
          0.3631735322465294
          0.7667329392964540
          0.1104712858249139
          0.2247264937172477
          0.0057289676898343
          0.0114681250466465
          0.0000154288548072
          0.0000308577835198
          0.6000598900928110
          4.0920988770030240
          3.9892531548134644
          0.7700165942844157
         12.3701875893658464
         11.1234881369057756
          0.5722616082835268
          2.9244090583663498
          2.9768207961167663
          0.9121750166667354
         19.4805864830919511
         17.2452907603014403
          0.4161860336576824
          2.9473773800515621
          2.7974850612121278
          0.5155582433225905
          8.9619710663944296
          7.8316234815915262
          0.3999423273046526
          2.0365199562820679
          2.0519144938093539
          0.5986867466344687
         14.0657073289677861
         12.1201913345681938
          0.2630818052480409
          5.2368469519934768
          4.3626414089363443
          0.2962733612174080
          8.1714982466489570
          6.7303203997256471
          0.1058722319577720
          2.5466776576303873
          1.9907690364801962
          0.1151604135778819
          3.9437670867381676
          3.0579663686510625
          0.1531347300436281
          9.8009423530711022
          7.6925215115740473
         15.9605701997750486
       4938.3463229339376994
       4173.3612317454990261
          0.0301454796570547
          0.9512030824366196
          0.6842050399662469
          0.0316764567287091
          1.4598760879026045
          1.0452630630292390
          0.0379205947234824
          3.5211042023172494
          2.5695519030299314
          2.5799995515968299
       1334.9714352918517761
       1147.1667917035447317
          0.0026525952580828
          0.1453919625561795
          0.0914144571505438
          0.0026955007904868
          0.2206121752109624
          0.1385615713608487
          0.0028701055200407
          0.5129722648979057
          0.3288311891571281
          0.0724989735841996
        120.6962674878959234
        102.0231432645184384
1
          2.5695534321388975
          6.5064367186551371
          1.8093294352545832
          4.4109782289153454
          1.2705776779503051
          2.9759351072962161
          0.7799563409625736
          1.7377908951978609
          0.3631735322465294
          0.7667329392964540
          0.1104712858249138
          0.2247264937172477
          0.0057289676898343
          0.0114681250466465
          0.0000154288548072
          0.0000308577835198
          0.6000598900928112
          4.0920988770030213
          3.9892531548134684
          0.7700165942844158
         12.3701875893658411
         11.1234881369058272
          0.5722616082835269
          2.9244090583663480
          2.9768207961167596
          0.9121750166667354
         19.4805864830919582
         17.2452907603014438
          0.4161860336576824
          2.9473773800515644
          2.7974850612121234
          0.5155582433225905
          8.9619710663944279
          7.8316234815915386
          0.3999423273046527
          2.0365199562820639
          2.0519144938093494
          0.5986867466344685
         14.0657073289677932
         12.1201913345681938
          0.2630818052480409
          5.2368469519934742
          4.3626414089363390
          0.2962733612174079
          8.1714982466489570
          6.7303203997256356
          0.1058722319577720
          2.5466776576303896
          1.9907690364802002
          0.1151604135778819
          3.9437670867381676
          3.0579663686510576
          0.1531347300436281
          9.8009423530710968
          7.6925215115740180
         15.9605701997750486
       4938.3463229339431564
       4173.3612317454981167
          0.0301454796570547
          0.9512030824366191
          0.6842050399662454
          0.0316764567287091
          1.4598760879026045
          1.0452630630292394
          0.0379205947234824
          3.5211042023172485
          2.5695519030299292
          2.5799995515968308
       1334.9714352918526856
       1147.1667917035460960
          0.0026525952580828
          0.1453919625561797
          0.0914144571505444
          0.0026955007904868
          0.2206121752109623
          0.1385615713608487
          0.0028701055200407
          0.5129722648979063
          0.3288311891571276
          0.0724989735841996
        120.6962674878958808
        102.0231432645186374
1
          2.5695534321388975
          6.5064367186551459
          1.8093294352545832
          4.4109782289153463
          1.2705776779503053
          2.9759351072962126
          0.7799563409625736
          1.7377908951978616
          0.3631735322465294
          0.7667329392964537
          0.1104712858249138
          0.2247264937172478
          0.0057289676898343
          0.0114681250466465
          0.0000154288548072
          0.0000308577835198
          0.6000598900928112
          4.0920988770030222
          3.9892531548134675
          0.7700165942844159
         12.3701875893658322
         11.1234881369058325
          0.5722616082835268
          2.9244090583663462
          2.9768207961167588
          0.9121750166667355
         19.4805864830919546
         17.2452907603014083
          0.4161860336576825
          2.9473773800515648
          2.7974850612121229
          0.5155582433225905
          8.9619710663944296
          7.8316234815915386
          0.3999423273046527
          2.0365199562820653
          2.0519144938093583
          0.5986867466344685
         14.0657073289678003
         12.1201913345681973
          0.2630818052480410
          5.2368469519934733
          4.3626414089363497
          0.2962733612174079
          8.1714982466489552
          6.7303203997256373
          0.1058722319577720
          2.5466776576303891
          1.9907690364802011
          0.1151604135778819
          3.9437670867381676
          3.0579663686510563
          0.1531347300436281
          9.8009423530710951
          7.6925215115740126
         15.9605701997750486
       4938.3463229339395184
       4173.3612317454953882
          0.0301454796570547
          0.9512030824366193
          0.6842050399662450
          0.0316764567287091
          1.4598760879026054
          1.0452630630292405
          0.0379205947234824
          3.5211042023172512
          2.5695519030299292
          2.5799995515968308
       1334.9714352918522309
       1147.1667917035435948
          0.0026525952580828
          0.1453919625561796
          0.0914144571505444
          0.0026955007904868
          0.2206121752109622
          0.1385615713608486
          0.0028701055200407
          0.5129722648979059
          0.3288311891571275
          0.0724989735841996
        120.6962674878958950
        102.0231432645186374
