1  82   4   1   4   -13.321331   0.000000
  0 
./DATA/2947/110/M025/
0
          7.5177174250204422
          2.9534305902871174
          5.1747277605318622
          2.0238213435848915
          3.5701379019837653
          1.3675632547987719
          2.1774646031414178
          0.7939699195436837
          1.0551710788805380
          0.3497740310817179
          0.3738532749854944
          0.1089632430358559
          0.0351965926244042
          0.0086130557283993
          0.0004371125306058
          0.0000862610714004
          6.1449415808340291
          5.3476127631961345
          0.5953168538105189
         16.0371109662258249
         16.2938359704952518
          1.4178660630046926
          5.2242850983546933
          3.8385197466314596
          0.4879684698173660
         25.0086238691383009
         25.7309661612296772
          2.1330668882057147
          4.3964867350489634
          3.8391950340141632
          0.3982529974745274
         11.4916028328578204
         11.7622754151826161
          0.9819264183591938
          3.6984281648298358
          2.7133530056297190
          0.3177400667671156
         17.8886603604475596
         18.5595137679666315
          1.4850869085364473
          6.6185623474801609
          6.8496007722457124
          0.5314748285068438
         10.2703911462814261
         10.7907889283073271
          0.8098017130364085
          3.1824223532642262
          3.3407584300031195
          0.2330191306550248
          4.9175131202349158
          5.2503187988468163
          0.3575217463316639
         12.9342755148302402
         13.7417728950560836
          0.8841323645114841
      11892.3589211629241618
       9347.8157056369636848
        362.8328537365151192
          1.1890012180362612
          1.2769576464837802
          0.0757153749976687
          1.8284077426973329
          1.9997298502877701
          0.1166766748112375
          4.7210111679755302
          5.1478307503686533
          0.2864127222193860
       3830.8645816194757572
       3022.3006254482515942
        102.4063297378108786
          0.1916379318040026
          0.2198335291589296
          0.0090230405698153
          0.2934357331624765
          0.3419099936138483
          0.0138762799857991
          0.7387171127216262
          0.8546420365019142
          0.0333355590169539
        471.8705299233257051
        374.8794856072547077
          9.1968839497204300
0
          7.5205736876915923
          2.9145716452882970
          5.1106347598017123
          2.0890746568992293
          3.4748430927706182
          1.5031716097288645
          2.0790289557703860
          0.9720294479991414
          0.9884786773915549
          0.5142023034114734
          0.3516144899205495
          0.2047777288827271
          0.0376320266405867
          0.0234672861227671
          0.0007221348808962
          0.0003643170225458
          5.5239891490841639
          6.2578527655668248
          0.8445249255937359
         15.8819183252273763
         16.0863499744383525
          1.4610543754333949
          4.3443168188252628
          5.1215948287665958
          0.9005860529259299
         25.0601751711116698
         24.7785892465096751
          2.1336449526052479
          3.9150580195707798
          4.5984329967660358
          0.6017927594904484
         11.3223415025485412
         11.6860202999054721
          1.0543704303651089
          3.0343257733195541
          3.7471755150796491
          0.6328179967502676
         17.8488927392750938
         17.9223501213585230
          1.5379733384995884
          6.4831687246555818
          6.8787510071027658
          0.6144361821912934
         10.1969529779083903
         10.4716211814295601
          0.8928973280243606
          3.1101513046618612
          3.4035935379105444
          0.2997940067861696
          4.8712524739441960
          5.1310128075680597
          0.4321626015327180
         12.8367418016692074
         12.8865670669026766
          0.9774774078971032
      10389.5854116700083978
      10296.9010558618883806
        428.3071277990827070
          1.1685890957566993
          1.3257139328159844
          0.1138495004849348
          1.8175006240122804
          1.9749405631598000
          0.1617450420055153
          4.6874442136370060
          4.8007085949972863
          0.3503821146818724
       3343.7533089602848122
       3241.1746513389848587
        122.9814080136356438
          0.1932138489909678
          0.2356949636248982
          0.0186593354034076
          0.2961771605997575
          0.3456240084624367
          0.0257325317200897
          0.7337421476203508
          0.7963130270546311
          0.0513424175240442
        412.0280688275946659
        368.3715761092088314
         11.2836273608526607
0
          7.5287982280054413
          2.9250053366150839
          5.1550002565799469
          2.0439579036326343
          3.5386530099271929
          1.4155366887274363
          2.1476046839272356
          0.8532733664360538
          1.0413082101787381
          0.3968980794713065
          0.3780899192848849
          0.1304985392276946
          0.0414899645275715
          0.0102779841929899
          0.0008221624234182
          0.0000817984748588
          5.9141334393397660
          5.6924225179822407
          0.6751844067742522
         16.0065703658916973
         16.2011734521623012
          1.4308452566619623
          4.8800849743578940
          4.3455803253682364
          0.6232863734645752
         25.0649588274617408
         25.3630821937283812
          2.1346080732399955
          4.2223393617453411
          4.1156363218064467
          0.4617311110339920
         11.4566338611316390
         11.7300060876853447
          1.0084025095394258
          3.4464368830562533
          3.1053550825411458
          0.4159268078394143
         17.9150258818288535
         18.3340946142989161
          1.5092696048502818
          6.6042245328865885
          6.8583835736204231
          0.5622736291469103
         10.2991841095935026
         10.6904766559410707
          0.8450759799182863
          3.1963310608885096
          3.3556959610990882
          0.2566094847328841
          4.9645210172094467
          5.2111864476909906
          0.3869195422060052
         12.9717942421186212
         13.5595287629963757
          0.9320830832929082
      10104.8421541949719540
      10316.3767166010075016
        374.8380960247952203
          1.2145261841467228
          1.2825218912606884
          0.0879958253071002
          1.8760606737939491
          1.9813171044652491
          0.1327779081620170
          4.8010962501838099
          5.0561590586266707
          0.3146536322741541
       3207.8927467958601483
       3386.7063093040715103
        105.7626893305511402
          0.2044396238386859
          0.2184374059785522
          0.0115635072225435
          0.3131191156920565
          0.3339245701152871
          0.0173631135370927
          0.7749584097369110
          0.8205388818446832
          0.0398997403102525
        388.6825034085774746
        423.0341485236756967
          9.4935602975873419
1
          8.7930075721904952
          1.6819218471102735
          6.1568539041167538
          1.0508267348939400
          4.2862715532550713
          0.6598013815755150
          2.6192727339788791
          0.3570211674501478
          1.2608744139644974
          0.1451676919901436
          0.4442395111462777
          0.0382769644890232
          0.0423583260441563
          0.0014668112880983
          0.0005323765688050
          0.0000021743048284
          9.0176149157738674
          3.0489878585346037
          0.0495487416568321
         23.9220088061466782
          9.8005959040225044
          0.1403554795029346
          7.3326550098473806
          2.2085560019844075
          0.0307156379865097
         37.1414427905930467
         15.7117720929602207
          0.2123291136787148
          6.4715823714665959
          2.1511353601144512
          0.0273287037346340
         17.3942007062134358
          6.8618170924109423
          0.0773551127782441
          5.1738508709887352
          1.5472482569852808
          0.0169829809641565
         27.0190875404824382
         10.9686117215782666
          0.1170357990513768
         10.2447955705064704
          3.7972453363051382
          0.0278808942591499
         15.9181129050048487
          6.0402030909960338
          0.0421895977709711
          5.0636864753131725
          1.7294167333248853
          0.0067581454076152
          7.8645562448491368
          2.7340376444235059
          0.0102280979986986
         20.4200027723502728
          7.3839486974258302
          0.0252205811809706
      14231.0253677068958496
       7349.0287314777324355
         19.0066783666932047
          1.9634138843937754
          0.6011482066941818
          0.0009074671943144
          3.0450411743808941
          0.9440433239859960
          0.0013735904291708
          7.8017661899953321
          2.4945565909598408
          0.0033911663602078
       4814.6546200808143112
       2145.7944478550834901
          2.5784955870004111
          0.3440648373525940
          0.0850980885153864
          0.0000169539447934
          0.5319506064111618
          0.1328456834575450
          0.0000256651551377
          1.3310066961827263
          0.3407919018080430
          0.0000634126072876
        641.4666631170240407
        216.5160873079856856
          0.0483766383643295
   0    4 -0.040847 -0.465597 -1.313866 
          0.0119832497313505          -0.0258871481377464           0.0032590817377885
         -0.0019322047267620           0.0391279352086813          -0.0679316988427239
          0.0409701485472640           0.0008316479401174           0.0043477876769532
         -0.0124593207746950           0.0165657232459224          -0.0107243713174856
          0.0580302771026089           0.0121735583085673          -0.0056591193798702
          0.0022879163758376           0.0084977338302231           0.0291778447369679
          0.0660662225755757           0.0140061085488086          -0.0158214231033629
          0.0316502975907645           0.0210187873386522           0.0597908063033525
          0.0534257986058101           0.0069904430333099          -0.0078167151203526
          0.0571661742617379           0.0497055518457966           0.0731715214721358
          0.0195862117334911           0.0003348309569942           0.0185940895652077
          0.0506370857423871           0.0541294357152832           0.0604327013065151
         -0.0063559219309061          -0.0006860401868200           0.0192862640073813
          0.0122724268957892           0.0139297688105832           0.0168048877926161
         -0.0006400642032962          -0.0000854052209488           0.0011739301143568
          0.0002933722303666           0.0003074785243021           0.0004471561636473
          0.2432237323963923           0.0551477230428711          -0.0142196340146699
          0.2818364300124505           0.1749725853655601           0.2191868030816599
         -0.0035028280078092          -0.0319074348117511           0.0382510699400399
          0.3046280518101143           0.0005265119369851           0.0582762459563586
         -0.0846832017422127           0.0313086294605493          -0.1307643293971174
         -0.0402793958441484           0.0966453855113760          -0.0243579799387909
          0.0803111253450728           0.0352395566634332           0.1476875675493979
          0.5476364248952815           0.2869091289032315           0.1707066230031728
         -0.0368150195229331          -0.0154777632580224           0.0497183668307466
          0.2031197641725186          -0.0740028655483410           0.2926793274914530
         -0.1854028386140434          -0.0004187829067897          -0.5291956419543800
         -0.1103681551956118           0.2416278773882318          -0.0754997329269152
          0.2074575259350977           0.0466981264869755          -0.0246284469577462
          0.2585726318210607           0.1626535985049128           0.2106871330381493
          0.0062842726148955          -0.0280072745266266           0.0375108137497455
          0.3361441116666472           0.0491742169507262           0.0154361514138989
         -0.0540144925208468          -0.0197556507047454           0.0168614425828053
         -0.0228865759323436           0.0665765019152643           0.0025393844928349
          0.0553382571326406           0.0233683627454049           0.1198296460664921
          0.4543801406286647           0.2605803154593913           0.1571578913402834
         -0.0176338455474141          -0.0142452204142325           0.0414025281774166
          0.3127114285957401           0.0283205436729092           0.1999588428097839
         -0.1707941080551482          -0.1042381829599252          -0.2304934895704055
         -0.0759755426418922           0.1749223324695493          -0.0285403303364046
          0.3446867684247135           0.0820002792900862          -0.0441552674541106
         -0.0040857883076419          -0.0428501729428620           0.1425749364881316
          0.0009335099085082           0.0321103655878535           0.0225040658475324
          0.3997577188511893           0.1074286100866025           0.0631493003051829
         -0.1098234207846366          -0.1578633686846984           0.0449525054111478
         -0.0277095893510828           0.0950212407084433           0.0112009353878170
          0.3073078617810811           0.0787609721719642          -0.0860931880968664
          0.0391414242386973          -0.0209668093579913           0.1847113166656487
          0.0160190368792651           0.0085034293668515           0.0255987009658917
          0.4033144916958662           0.1196022273356605          -0.0513483120785770
         -0.0291666683236046          -0.1174754855971474           0.1754072295671372
          0.0074051825216641           0.0359648515087300           0.0253597557225333
          0.2586596398213399           0.2440599070323329           0.4713560279255748
         -0.1876361093375123          -0.4843959568354081          -0.1480146929694912
         -0.0710238732789095           0.1807939939938370           0.0099949244023369
      -2791.5512123711141612        -464.6292763930468368        1199.1244945492451279
       1333.1558062443962172        1240.4960254556958716       -1177.1767968987778659
        -42.0544233312264879          62.4570719592643826          -7.6997812180951151
          0.2247289539554862           0.0495974747655258          -0.0888310301471574
          0.0569144239065178           0.0155053203343062           0.1552663866198835
          0.0163813316246751          -0.0015296393771923           0.0174469417678848
          0.3181317905337864           0.0800124328897278          -0.0986708617604451
          0.0314935035536165          -0.0326168964541580           0.1789373371218340
          0.0175808002936971           0.0058703561383032           0.0204265574121536
          0.4565489199638610           0.2018313715086651           0.0432609931494452
         -0.0800525211871435          -0.2592469553540601           0.1447791444387963
          0.0050026029922398           0.0508633055400712           0.0242822323791426
      -1161.6872828834871143         -37.4375155139995215         626.0429959313631798
        297.4076184221336803         286.8168836923475169        -372.9764479514935260
        -18.2213844189497323          40.3039032245235944           1.3920327255470695
          0.0937776609279790           0.0108282751824799          -0.0434794788513829
          0.0381483034699675           0.0269050423809234           0.0710071688557141
          0.0056088564247132          -0.0015878726281423           0.0050407594475113
          0.1407291440135245           0.0180534157426024          -0.0595299752886870
          0.0424337789462298           0.0246367504627698           0.0897985233726069
          0.0072953140202505          -0.0014140147046741           0.0065053827727297
          0.2818118295170466           0.0520544279251713          -0.0862897958439494
          0.0375528064871623          -0.0055310659299545           0.1307806042926075
          0.0112651284893875           0.0015307388174823           0.0103742926266823
       -185.3402583854806664          41.4674325645472521         125.7392945388979086
        -27.5478502186113126         -10.2209759557241391         -40.0934433617702624
         -1.7476411531771034           6.2149190113315997           0.6049095341181873
   2
         -0.0024108720822106          -0.0215222244575960          -0.0066245387216889
          0.0000000000000000           0.0000000000000000           0.0000000000000000
          0.0275038391109273           0.0015734456805834           0.0083783967695246
          0.0000000000000000           0.0000000000000000           0.0000000000000000
          0.0582654994355142           0.0160463248091556           0.0187988642462822
          0.0000000000000000           0.0000000000000000           0.0000000000000000
          0.0843310008511879           0.0211832218602082           0.0307090729768176
          0.0000000000000000           0.0000000000000000           0.0000000000000000
          0.0813881980065701           0.0114405183056828           0.0469638481514625
          0.0000000000000000           0.0000000000000000           0.0000000000000000
          0.0402801735113955          -0.0031382015111720           0.0564459474225630
          0.0000000000000000           0.0000000000000000           0.0000000000000000
         -0.0013989875397498          -0.0042538037813049           0.0267824491054030
          0.0000000000000000           0.0000000000000000           0.0000000000000000
         -0.0004391546355160          -0.0002007341511723           0.0013539915989915
          0.0000000000000000           0.0000000000000000           0.0000000000000000
          0.2739353512320184           0.0288432766670591           0.2338512249389643
          0.1233232163426623           0.0535835748945377          -0.0879845586451156
          0.0000000000000000           0.0000000000000000           0.0000000000000000
          0.3164629185002275           0.0367846528759959          -0.0920617682412257
          0.0887112804664741           0.0549585082785319           0.2000771234906974
          0.0000000000000000           0.0000000000000000           0.0000000000000000
          0.1398581391751715          -0.0965782335040138           0.4419225303681438
          0.4809791425910983           0.2075393534547906          -0.1373271819364691
          0.0000000000000000           0.0000000000000000           0.0000000000000000
          0.2249132737115903          -0.0806954810861438          -0.2099034559922360
          0.4117552708387211           0.2102892202227788           0.4387961823351572
          0.0000000000000000           0.0000000000000000           0.0000000000000000
          0.2628699213472506           0.0421093212893537           0.1958242209073850
          0.0841492987529085           0.0189882064277140          -0.0389834410455834
          0.0000000000000000           0.0000000000000000           0.0000000000000000
          0.3599751292916311           0.0837007343951331          -0.0829547223959789
          0.1148460849276375           0.0691290968561184           0.2079564443958380
          0.0000000000000000           0.0000000000000000           0.0000000000000000
          0.1357811637228969          -0.0656773039248112           0.3839803830749242
          0.3418231798732005           0.1361245057169153          -0.0806559337912543
          0.0000000000000000           0.0000000000000000           0.0000000000000000
          0.3299915796116553           0.0175055222867495          -0.1735775035318040
          0.4032167522226580           0.2364062865737243           0.4132238370915892
          0.0000000000000000           0.0000000000000000           0.0000000000000000
          0.3893934244768508           0.1169054464320042          -0.0879070198301753
          0.1229229449606704           0.0818142712180099           0.2001730975334076
          0.0000000000000000           0.0000000000000000           0.0000000000000000
          0.4363666590521529           0.1047956527847592          -0.1548623993870016
          0.3496865458476028           0.2452606367516249           0.3593363400611987
          0.0000000000000000           0.0000000000000000           0.0000000000000000
          0.3644573343143506           0.1119856091128446          -0.0976868624711256
          0.1005986034688102           0.0806502935461885           0.1716941533839185
          0.0000000000000000           0.0000000000000000           0.0000000000000000
          0.4627868572153595           0.1308823327961461          -0.1508896240720244
          0.2533386226007831           0.2140819478844262           0.2858667497410630
          0.0000000000000000           0.0000000000000000           0.0000000000000000
          0.5641539360674972           0.1186444136041647          -0.2334236690014131
          1.2850645940419620           1.0683998208734002           0.9321401785072216
          0.0000000000000000           0.0000000000000000           0.0000000000000000
      -2172.9966360810112747        -133.6822627554969642         721.4372259264902141
       2455.7248239023979295        2012.7198869995802397        2121.2234786532453654
          0.0000000000000000           0.0000000000000000           0.0000000000000000
          0.2739707383132303           0.0751074996928787          -0.0895155778848664
          0.0603707362053465           0.0620217508533071           0.1256937081667279
          0.0000000000000000           0.0000000000000000           0.0000000000000000
          0.3769918760479942           0.0990520462134549          -0.1300268529434901
          0.1419905886946349           0.1465678908061072           0.1992418265724530
          0.0000000000000000           0.0000000000000000           0.0000000000000000
          0.6497687527716927           0.1747249410255995          -0.2049838029452253
          0.6368433251141020           0.6250797394563136           0.5631161317089908
          0.0000000000000000           0.0000000000000000           0.0000000000000000
       -936.6825706105706786           9.7620640385826079         319.9291409054383166
        947.8049752447215042         822.4502090222383686         776.7297696173927761
          0.0000000000000000           0.0000000000000000           0.0000000000000000
          0.1128974479283414           0.0210518702936990          -0.0433866713845704
          0.0170647748920639           0.0258000023627438           0.0564897116448568
          0.0000000000000000           0.0000000000000000           0.0000000000000000
          0.1650880840901802           0.0306098175045751          -0.0613494829862575
          0.0386130992809123           0.0527960400255384           0.0869242299543298
          0.0000000000000000           0.0000000000000000           0.0000000000000000
          0.3437369103030410           0.0725976445896488          -0.1081063578168697
          0.1542634816183546           0.1866851896083976           0.2172511899844932
          0.0000000000000000           0.0000000000000000           0.0000000000000000
       -140.5192865159123414          26.8921865605101722          45.9395435907236944
        149.9298051795850029         142.3415352409322168         120.4477555715798331
          0.0000000000000000           0.0000000000000000           0.0000000000000000
   0
          0.0000000000000000           0.0000000000000000          -0.0000000000000000
          0.0000000000000000           0.0000000000000000           0.0000000000000000
          0.0000000000000000           0.0000000000000000          -0.0000000000000000
          0.0000000000000000           0.0000000000000000           0.0000000000000000
         -0.0000000000000000           0.0000000000000000          -0.0000000000000000
          0.0000000000000000           0.0000000000000000           0.0000000000000000
          0.0000000000000000           0.0000000000000000           0.0000000000000000
          0.0000000000000000           0.0000000000000000           0.0000000000000000
          0.0000000000000000           0.0000000000000000           0.0000000000000000
          0.0000000000000000           0.0000000000000000           0.0000000000000000
          0.0000000000000000           0.0000000000000000           0.0000000000000000
          0.0000000000000000           0.0000000000000000           0.0000000000000000
         -0.0000000000000000          -0.0000000000000000          -0.0000000000000000
          0.0000000000000000           0.0000000000000000           0.0000000000000000
         -0.0000000000000000           0.0000000000000000           0.0000000000000000
          0.0000000000000000           0.0000000000000000           0.0000000000000000
         -0.0400418203671115          -0.0340992549673807           0.0349532631190234
         -0.0259641112674329           0.0636521362374294          -0.0602833935033129
          0.0000000000000000           0.0000000000000000           0.0000000000000000
          0.1781289362043817           0.0412345237027240          -0.0027898882317508
         -0.0178181125845248           0.0010858144621953           0.0741764835045617
          0.0000000000000000           0.0000000000000000           0.0000000000000000
         -0.0135765932109639          -0.0635143903871694          -0.0450795775259038
         -0.0378909889103810           0.1533558015332039          -0.0692219927248381
          0.0000000000000000           0.0000000000000000           0.0000000000000000
          0.4227649199320208           0.0871531669530410          -0.1205658802274529
         -0.0215989915445648           0.0282231579827365           0.1996977612909111
          0.0000000000000000           0.0000000000000000           0.0000000000000000
         -0.0251779056636764          -0.0167955584568769           0.0356036199327661
         -0.0210137430794209           0.0357820323370534          -0.0358213641289149
          0.0000000000000000           0.0000000000000000           0.0000000000000000
          0.1464879470730451           0.0344651587034385          -0.0171497389861145
          0.0044114397619729           0.0027871950515841           0.0758715623714952
          0.0000000000000000           0.0000000000000000           0.0000000000000000
         -0.0086163673047508          -0.0383984834746258          -0.0177634719772454
         -0.0317971210035141           0.1081112394805830          -0.0451752938627616
          0.0000000000000000           0.0000000000000000           0.0000000000000000
          0.3347153381686916           0.0641229508460064          -0.1232701898150067
          0.0190532446792737           0.0421215649096445           0.1782105591380581
          0.0000000000000000           0.0000000000000000           0.0000000000000000
          0.1018105082552505           0.0231688494686251          -0.0331247452183103
          0.0256162272513991           0.0047934044039283           0.0666617043317609
          0.0000000000000000           0.0000000000000000           0.0000000000000000
          0.2214481297604803           0.0353267922362964          -0.1201741056451121
          0.0520544844932938           0.0504827615725286           0.1378105789294116
          0.0000000000000000           0.0000000000000000           0.0000000000000000
          0.0593790854517791           0.0118238343476214          -0.0401483769329098
          0.0316813170541346           0.0051474321980563           0.0475963246301321
          0.0000000000000000           0.0000000000000000           0.0000000000000000
          0.1230688096141071           0.0132434596123269          -0.1039171466832001
          0.0562953137603947           0.0443523069919445           0.0899064175115918
          0.0000000000000000           0.0000000000000000           0.0000000000000000
          0.4738350866111910           0.0073224855844870          -0.4003873677138328
          0.1967455700961536           0.3373155960242182           0.3253716150551734
          0.0000000000000000           0.0000000000000000           0.0000000000000000
        663.8336963928097703          48.2418004309963351        1203.6882708518448908
        782.3255112395958122         692.3961329981575545         870.6708736389650767
          0.0000000000000000           0.0000000000000000           0.0000000000000000
          0.0269615244737417           0.0038375373766670          -0.0337225153521813
          0.0228383951585348           0.0035653210980001           0.0258470488799233
          0.0000000000000000           0.0000000000000000           0.0000000000000000
          0.0533734467959698           0.0018478982516767          -0.0721103486428521
          0.0374976265660150           0.0272879665625942           0.0457878345403636
          0.0000000000000000           0.0000000000000000           0.0000000000000000
          0.1894045275718232          -0.0121223529958670          -0.2413379768862634
          0.1114843775786597           0.1834417199976664           0.1510411482481666
          0.0000000000000000           0.0000000000000000           0.0000000000000000
        156.4291486820982584         -10.2277020361137936         439.5374334320789558
        271.5455343261645567         267.7607375047015239         314.4371624391975502
          0.0000000000000000           0.0000000000000000           0.0000000000000000
          0.0057253508203428           0.0001673785513778          -0.0134032590985977
          0.0064050881121645           0.0010190264087709           0.0063626311464975
          0.0000000000000000           0.0000000000000000           0.0000000000000000
          0.0107121347236682          -0.0006357272037233          -0.0250397103320775
          0.0098090523459759           0.0069595498599866           0.0106451623680041
          0.0000000000000000           0.0000000000000000           0.0000000000000000
          0.0340157005755017          -0.0042565912118454          -0.0754237163635276
          0.0251165476355880           0.0422272990686029           0.0316927225121228
          0.0000000000000000           0.0000000000000000           0.0000000000000000
          5.0720821895125381          -5.8848617052395840          45.2415226285204710
         34.0047232191701170          45.4270506155498239          44.7876782410921592
          0.0000000000000000           0.0000000000000000           0.0000000000000000
   1
          0.0143941218135610          -0.0043649236801504           0.0098836204594774
          0.0000000000000000           0.0000000000000000           0.0000000000000000
          0.0134663094363368          -0.0007417977404659          -0.0040306090925715
          0.0000000000000000           0.0000000000000000           0.0000000000000000
         -0.0002352223329054          -0.0038727665005884          -0.0244579836261524
          0.0000000000000000           0.0000000000000000           0.0000000000000000
         -0.0182647782756122          -0.0071771133113996          -0.0465304960801805
          0.0000000000000000           0.0000000000000000           0.0000000000000000
         -0.0279623994007601          -0.0044500752723729          -0.0547805632718151
          0.0000000000000000           0.0000000000000000           0.0000000000000000
         -0.0206939617779044           0.0034730324681663          -0.0378518578573553
          0.0000000000000000           0.0000000000000000           0.0000000000000000
         -0.0049569343911562           0.0035677635944849          -0.0074961850980217
          0.0000000000000000           0.0000000000000000           0.0000000000000000
         -0.0002009095677802           0.0001153289302236          -0.0001800614846347
          0.0000000000000000           0.0000000000000000           0.0000000000000000
         -0.1715590354630906          -0.0504217549630173          -0.1389445891608546
         -0.1496144812871479          -0.0200413528308775          -0.3004186257521578
          0.0000000000000000           0.0000000000000000           0.0000000000000000
          0.5387772183065900           0.0890070266443276           0.0531049814592224
          0.1785154366002095           0.0530425337842921           0.2628554445898695
          0.0000000000000000           0.0000000000000000           0.0000000000000000
         -0.5580141711431009          -0.0755121454374939          -0.1819218599831144
         -0.0964472877000115           0.0575840887968943          -0.4153866951196162
          0.0000000000000000           0.0000000000000000           0.0000000000000000
          0.8626583363962627           0.2033454177771974           0.2021772812570420
          0.5598125480747025           0.2037518620272336           0.7111614455644373
          0.0000000000000000           0.0000000000000000           0.0000000000000000
         -0.1256058081833433          -0.0305732526558417          -0.1377281443257619
         -0.1478029216910312          -0.0380975371284675          -0.2323934418601233
          0.0000000000000000           0.0000000000000000           0.0000000000000000
          0.4686539913385844           0.0788382836001955          -0.0119798262199890
          0.1699679806281499           0.0543089542561645           0.2509188158882419
          0.0000000000000000           0.0000000000000000           0.0000000000000000
         -0.4400478777782564          -0.0461478258463791          -0.1579555706723659
         -0.1245646476229962           0.0301975530698474          -0.3253181588412701
          0.0000000000000000           0.0000000000000000           0.0000000000000000
          0.7484717212656002           0.1726752466656945           0.0935410655391790
          0.5109771570153662           0.2150105358391118           0.6413063566554600
          0.0000000000000000           0.0000000000000000           0.0000000000000000
          0.3632183158402008           0.0554652111148825          -0.0748084478376335
          0.1524722511442442           0.0647693529889750           0.2154913456235540
          0.0000000000000000           0.0000000000000000           0.0000000000000000
          0.5697129475030535           0.1171152236414983          -0.0228863435124894
          0.4228687671803620           0.2228819650447971           0.5163298437673971
          0.0000000000000000           0.0000000000000000           0.0000000000000000
          0.2545727706059231           0.0285292594531947          -0.0977957455043252
          0.1279671238245304           0.0741593685817615           0.1606070966867078
          0.0000000000000000           0.0000000000000000           0.0000000000000000
          0.3844913719252447           0.0595793207698548          -0.0868289098812136
          0.3159035598831468           0.2069025862478346           0.3635450012194714
          0.0000000000000000           0.0000000000000000           0.0000000000000000
          0.6770515593282515           0.1792285505382523           0.2664520187011732
          1.1880133374811734           1.0545388330170375           1.3791700521674775
          0.0000000000000000           0.0000000000000000           0.0000000000000000
       -969.0992139847420503        -739.0666892630878237        3677.4843526758004373
        883.6991976995609548        2079.6973378357365618        1674.2921384001494971
          0.0000000000000000           0.0000000000000000           0.0000000000000000
          0.1566404890849723           0.0073856802136771          -0.0800544314476034
          0.0955904618832358           0.0672946191291352           0.0975483434093191
          0.0000000000000000           0.0000000000000000           0.0000000000000000
          0.2246337405409100           0.0170921457180707          -0.0900641819917253
          0.2044800422891478           0.1553268631638713           0.2095009396282901
          0.0000000000000000           0.0000000000000000           0.0000000000000000
          0.3581720011488864           0.0595920030567346           0.0313790541180317
          0.6792639305169021           0.6510438209692662           0.7695219970600172
          0.0000000000000000           0.0000000000000000           0.0000000000000000
       -556.9054140755617937        -268.4253666132071316        1814.7787361732475802
        395.6906083782128576         865.2583208946313107         796.3470701746555278
          0.0000000000000000           0.0000000000000000           0.0000000000000000
          0.0607023328626487          -0.0033815824874719          -0.0326258117668585
          0.0454679715961048           0.0329894437560689           0.0325832587047930
          0.0000000000000000           0.0000000000000000           0.0000000000000000
          0.0825647518944292          -0.0043423698795346          -0.0430597926287042
          0.0814525242745971           0.0632883992601435           0.0652404042548356
          0.0000000000000000           0.0000000000000000           0.0000000000000000
          0.1261674070428753          -0.0040333513187848          -0.0468641502324769
          0.2266026863176067           0.2114165960567685           0.2247245923683014
          0.0000000000000000           0.0000000000000000           0.0000000000000000
       -145.0546611125683398         -30.5474696823836851         376.6280903195776091
         81.2737825914154826         154.5321906016938840         170.6663080970880912
          0.0000000000000000           0.0000000000000000           0.0000000000000000
   3
         -0.0019322047267620           0.0391279352086813          -0.0679316988427239
          0.0000000000000000           0.0000000000000000           0.0000000000000000
         -0.0124593207746950           0.0165657232459225          -0.0107243713174856
          0.0000000000000000           0.0000000000000000           0.0000000000000000
          0.0022879163758376           0.0084977338302231           0.0291778447369679
          0.0000000000000000           0.0000000000000000           0.0000000000000000
          0.0316502975907645           0.0210187873386522           0.0597908063033525
          0.0000000000000000           0.0000000000000000           0.0000000000000000
          0.0571661742617378           0.0497055518457966           0.0731715214721358
          0.0000000000000000           0.0000000000000000           0.0000000000000000
          0.0506370857423871           0.0541294357152832           0.0604327013065151
          0.0000000000000000           0.0000000000000000           0.0000000000000000
          0.0122724268957892           0.0139297688105832           0.0168048877926161
          0.0000000000000000           0.0000000000000000           0.0000000000000000
          0.0002933722303666           0.0003074785243021           0.0004471561636473
          0.0000000000000000           0.0000000000000000           0.0000000000000000
          0.1387190532298500           0.0463627138014540           0.3051912329832868
         -0.0306823802861859           0.1160732198242375          -0.0131700799112921
          0.0000000000000000           0.0000000000000000           0.0000000000000000
          0.0584341750403867           0.1599185010246555          -0.2167687592987432
         -0.0568820674177297           0.0134026815750122           0.0409562599137899
          0.0000000000000000           0.0000000000000000           0.0000000000000000
          0.4070792298277949           0.1632974746233420           0.3572607855568385
         -0.0151340961593954           0.1875628173656466           0.0151831241158340
          0.0000000000000000           0.0000000000000000           0.0000000000000000
          0.2465094734488681           0.3904090490697448          -0.6866591990072208
         -0.0675334704224831          -0.0177782591328039           0.1234358037659982
          0.0000000000000000           0.0000000000000000           0.0000000000000000
          0.1382172451623893           0.0550733884832164           0.2810943995034662
         -0.0193552830074925           0.0856076625103161           0.0039879290120121
          0.0000000000000000           0.0000000000000000           0.0000000000000000
          0.0663408941378248           0.0878245593169504          -0.0535458238825103
         -0.0138493236274035          -0.0084692077330411           0.0761124674731485
          0.0000000000000000           0.0000000000000000           0.0000000000000000
          0.3303447829561562           0.1486705296505684           0.3139785905429741
         -0.0108761636541515           0.1515873531617458           0.0196319995286135
          0.0000000000000000           0.0000000000000000           0.0000000000000000
          0.1865920809070269           0.2141728713180370          -0.3553018562289809
          0.0001357551060261          -0.0365663873249683           0.1638810764508865
          0.0000000000000000           0.0000000000000000           0.0000000000000000
          0.0839029278069958           0.0342493845510335           0.1022091946738185
          0.0341506758113008          -0.0260139288150295           0.0916632969146191
          0.0000000000000000           0.0000000000000000           0.0000000000000000
          0.1444650185892454           0.0629368782198605          -0.0125056709548260
          0.0711146140314531          -0.0495650714159038           0.1709369078493205
          0.0000000000000000           0.0000000000000000           0.0000000000000000
          0.0940853068219579           0.0252342005185292           0.1751897876468780
          0.0552988682221142          -0.0288548410144719           0.0767255636094033
          0.0000000000000000           0.0000000000000000           0.0000000000000000
          0.1245336775839039           0.0112661067462086           0.1860804608544622
          0.0970654068816460          -0.0465054994180007           0.1339144742227707
          0.0000000000000000           0.0000000000000000           0.0000000000000000
          0.3188890472679078          -0.0440720131408793           0.1854123086809235
          0.2913963588459291           0.0576982250109817           0.4402570968768608
          0.0000000000000000           0.0000000000000000           0.0000000000000000
        403.7384337445300275         785.9688299146355348        -584.2131413629066401
        423.3677418991323975        1278.8539441532432193         676.3799986510009603
          0.0000000000000000           0.0000000000000000           0.0000000000000000
          0.0833513446353546           0.0361956339530605           0.1641457363231709
          0.0441106111520054          -0.0197562744225873           0.0456590459944067
          0.0000000000000000           0.0000000000000000           0.0000000000000000
          0.1028299761009464           0.0240759462494632           0.2241675892637572
          0.0730950230715483          -0.0301724810703688           0.0765972412679513
          0.0000000000000000           0.0000000000000000           0.0000000000000000
          0.1463735278745366          -0.0545970927087845           0.4838344355023717
          0.2042393993132749          -0.0061861444463219           0.2331844103336491
          0.0000000000000000           0.0000000000000000           0.0000000000000000
       -133.4507898069110752         203.5617884525582042          89.1480166006441408
        191.1138316027035842         427.6769237567050368         284.8321773744832512
          0.0000000000000000           0.0000000000000000           0.0000000000000000
          0.0433380460634427           0.0303278095615095           0.0798535832118016
          0.0132175932568934          -0.0052783672697341           0.0119976050508063
          0.0000000000000000           0.0000000000000000           0.0000000000000000
          0.0556314925403747           0.0339878833394114           0.1201859040929856
          0.0210839058813646          -0.0079262422519793           0.0194354160650002
          0.0000000000000000           0.0000000000000000           0.0000000000000000
          0.0747229765206043           0.0306080930973293           0.2957584443081180
          0.0555724808054693          -0.0098659076954077           0.0547464439017344
          0.0000000000000000           0.0000000000000000           0.0000000000000000
       -113.8911783147311780          -2.1207919930339938         131.0745401791857887
         36.2543877246453192          47.9379939878795938          49.8514587138502279
          0.0000000000000000           0.0000000000000000           0.0000000000000000
