1  82   2   0   0   -6.231056   0.000000

./DATA/2947/100/M021/
0
          4.8311295803038403
          6.1093430648361107
          3.2410846639133637
          4.2973402629517210
          2.1809174924043826
          3.0146617233735316
          1.2849747892359371
          1.8689268960392580
          0.5871101104108876
          0.9216469799991108
          0.1867138442662225
          0.3324872049000565
          0.0125340924422969
          0.0313004269192157
          0.0000667418963874
          0.0003504979571223
          1.9025306644839293
          7.3711176004636947
          4.2633507230133878
          5.2443921450653113
         21.6818445840727492
         10.2631303692548261
          1.4895495232856637
          5.6656081254109667
          3.6625665125198670
          8.1732724844484324
         34.2870620926290925
         15.6621258050027627
          1.3240005473700478
          5.3314534914794551
          3.0625322536106263
          3.6661510054283042
         15.6883359776388751
          7.4473624809485433
          1.0181571436486101
          4.0452791867446116
          2.5831469648614447
          5.7024580597651280
         24.7590441590634498
         11.3528074195372781
          2.0366592477298915
          9.1794999800692327
          4.3739349484959780
          3.1565851876813156
         14.4364228908060177
          6.6495097103085321
          0.9399441912714921
          4.5075674867903421
          2.1544702629780770
          1.4496976638570451
          7.0559811741970906
          3.2590576050397706
          3.6997195369719673
         18.5966926113913935
          8.0425067114155375
       2463.5063710029285176
      14628.2608465674911713
       4672.4361861678771675
          0.3335992482882363
          1.7349763831762604
          0.8303842995305960
          0.5114888817794422
          2.7001404526880228
          1.2461222697831349
          1.2767937528672415
          6.9540307048412870
          2.9890477241675542
        694.4951306356459781
       4598.8056325614215893
       1445.4779878391530019
          0.0476506317371194
          0.2971965063876520
          0.1419523905206334
          0.0725112668206499
          0.4587457317031103
          0.2100117641790542
          0.1758015968697673
          1.1390432791446690
          0.4795088232470747
         69.5688446437608974
        532.6012293276738774
        156.7170028332314473
1
          6.1093430648361107
          4.8311295803038403
          4.2973402629517210
          3.2410846639133633
          3.0146617233735311
          2.1809174924043830
          1.8689268960392587
          1.2849747892359369
          0.9216469799991108
          0.5871101104108876
          0.3324872049000565
          0.1867138442662225
          0.0313004269192157
          0.0125340924422969
          0.0003504979571223
          0.0000667418963874
          4.2633507230133851
          7.3711176004636938
          1.9025306644839293
         10.2631303692548261
         21.6818445840727492
          5.2443921450653130
          3.6625665125198652
          5.6656081254109703
          1.4895495232856635
         15.6621258050027627
         34.2870620926290712
          8.1732724844484324
          3.0625322536106205
          5.3314534914794587
          1.3240005473700474
          7.4473624809485370
         15.6883359776388733
          3.6661510054283037
          2.5831469648614447
          4.0452791867446054
          1.0181571436486099
         11.3528074195372746
         24.7590441590634711
          5.7024580597651253
          4.3739349484959789
          9.1794999800692327
          2.0366592477298915
          6.6495097103085250
         14.4364228908060390
          3.1565851876813156
          2.1544702629780783
          4.5075674867903484
          0.9399441912714919
          3.2590576050397710
          7.0559811741970870
          1.4496976638570449
          8.0425067114155411
         18.5966926113913900
          3.6997195369719678
       4672.4361861678762580
      14628.2608465675093612
       2463.5063710029294270
          0.8303842995305960
          1.7349763831762612
          0.3335992482882367
          1.2461222697831351
          2.7001404526880211
          0.5114888817794422
          2.9890477241675546
          6.9540307048412862
          1.2767937528672413
       1445.4779878391523198
       4598.8056325614215893
        694.4951306356463192
          0.1419523905206335
          0.2971965063876522
          0.0476506317371193
          0.2100117641790542
          0.4587457317031106
          0.0725112668206499
          0.4795088232470749
          1.1390432791446679
          0.1758015968697673
        156.7170028332314473
        532.6012293276736500
         69.5688446437609116
