1  82   4   1   0   -12.181929   0.000000

./DATA/2947/200/34/
0
          1.2333031385242128
          7.2472965980099122
          0.7058328352588652
          5.0965838600879243
          0.3804410327986212
          3.5650992652823250
          0.1508538477773130
          2.1659511221803256
          0.0323537658643514
          0.9841120965986768
          0.0027585120359793
          0.2859702943781214
          0.0000058586840193
          0.0131730921054263
          0.0000000000264283
          0.0000279783540111
          0.0019778771147613
          1.1946789672158780
          6.1851952995645449
          0.0055056490814261
          5.6325761466841708
         15.1094961755939003
          0.0014612398346710
          0.5656299297109059
          4.7950680664172172
          0.0085167837680007
          9.4414242886475019
         22.6436698184757681
          0.0009686005460125
          0.7873896358811721
          4.4284401782586018
          0.0026962102593879
          3.8230324947419669
         10.9125842921936282
          0.0007155955495542
          0.3557887013858021
          3.3428464539865055
          0.0041708149763049
          6.4270744191073774
         16.3111346818565721
          0.0007873686933898
          1.9823267282389661
          6.3418641944614382
          0.0012179946723080
          3.3460163100841314
          9.4467210629695444
          0.0001405316506597
          0.8046837061535583
          3.0575790232312916
          0.0002173909430526
          1.3636122368454622
          4.5418034153580900
          0.0005725821734830
          3.9606599898882617
         10.5437972050862800
          0.3312550420534334
       2577.3065959702094005
       4278.0839032779986155
          0.0000119847004023
          0.2271643085792964
          1.1245254291155464
          0.0000185393502169
          0.3862550250960062
          1.6685739208532351
          0.0000488304822398
          1.1237643828886044
          3.8015008251720195
          0.0282498582087860
        712.4059916086771409
       1110.4178796781211531
          0.0000000871635132
          0.0188379553621842
          0.1646526407527170
          0.0000001348348212
          0.0321211220428392
          0.2448769530916121
          0.0000003551392039
          0.0935658616176343
          0.5499530728428229
          0.0002054584920890
         57.9153168015657869
         99.2586442718390316
1
          2.4157655326699707
          6.0648342038641490
          1.6988612866959754
          4.1035554086508164
          1.1883664217607746
          2.7571738763201710
          0.7219837073934416
          1.5948212625641971
          0.3280373655328920
          0.6884284969301359
          0.0953234314593738
          0.1934053749547270
          0.0043910307018088
          0.0087879200876369
          0.0000093261180037
          0.0000186522624357
          0.5058063200046027
          3.5100772154391215
          3.3659686084514693
          0.6320695323120732
         10.6863837679998284
          9.4291246710475800
          0.4816411657243743
          2.4219730227330341
          2.4585450475053920
          0.7341675903393150
         16.7745861278544304
         14.5848571726976139
          0.3479298577389390
          2.5188969486549149
          2.3499716082919329
          0.4204738306982490
          7.7084526983132395
          6.6093864681834900
          0.3340125079056626
          1.6791355206416083
          1.6862027223745819
          0.4791004538242821
         12.0582470199582676
         10.2050324421577052
          0.2118310251524318
          4.4650229887490873
          3.6481242774922866
          0.2345056820879737
          6.9441414478318189
          5.6153082378062216
          0.0834612633345388
          2.1396913908696442
          1.6392506068313337
          0.0895236903304516
          3.3033589751929768
          2.5127503776231706
          0.1142849834522821
          8.1208481664490257
          6.2698966272466805
         10.3281429444293540
       3690.5018482865411897
       3154.8917630592823116
          0.0229346812369387
          0.7795356931295846
          0.5492313480287195
          0.0238693260348413
          1.1933956368644747
          0.8375825224001400
          0.0276788452071380
          2.8535643206632808
          2.0440708726724544
          1.5693052023684597
        974.6086399169017795
        846.6741760257358465
          0.0018576601146629
          0.1123324253932136
          0.0693005977705379
          0.0018804795567995
          0.1701973836284219
          0.1049203467840511
          0.0019733208693326
          0.3938773606957625
          0.2476686080345681
          0.0389107980531752
         85.3997135189752044
         71.7355422148688007
1
          2.4157655326699707
          6.0648342038641534
          1.6988612866959754
          4.1035554086508137
          1.1883664217607748
          2.7571738763201710
          0.7219837073934418
          1.5948212625641969
          0.3280373655328921
          0.6884284969301359
          0.0953234314593738
          0.1934053749547270
          0.0043910307018088
          0.0087879200876369
          0.0000093261180037
          0.0000186522624357
          0.5058063200046029
          3.5100772154391180
          3.3659686084514653
          0.6320695323120733
         10.6863837679998213
          9.4291246710475978
          0.4816411657243744
          2.4219730227330358
          2.4585450475053912
          0.7341675903393151
         16.7745861278544304
         14.5848571726975802
          0.3479298577389390
          2.5188969486549131
          2.3499716082919351
          0.4204738306982489
          7.7084526983132422
          6.6093864681834766
          0.3340125079056624
          1.6791355206416070
          1.6862027223745830
          0.4791004538242821
         12.0582470199582659
         10.2050324421577088
          0.2118310251524318
          4.4650229887490980
          3.6481242774922937
          0.2345056820879736
          6.9441414478318197
          5.6153082378062242
          0.0834612633345389
          2.1396913908696393
          1.6392506068313371
          0.0895236903304516
          3.3033589751929751
          2.5127503776231688
          0.1142849834522822
          8.1208481664490257
          6.2698966272466841
         10.3281429444293416
       3690.5018482865416445
       3154.8917630592836758
          0.0229346812369387
          0.7795356931295843
          0.5492313480287204
          0.0238693260348413
          1.1933956368644736
          0.8375825224001389
          0.0276788452071380
          2.8535643206632821
          2.0440708726724517
          1.5693052023684579
        974.6086399169018932
        846.6741760257347096
          0.0018576601146629
          0.1123324253932135
          0.0693005977705378
          0.0018804795567995
          0.1701973836284219
          0.1049203467840507
          0.0019733208693326
          0.3938773606957627
          0.2476686080345686
          0.0389107980531751
         85.3997135189751049
         71.7355422148687154
1
          2.4157655326699707
          6.0648342038641552
          1.6988612866959754
          4.1035554086508172
          1.1883664217607748
          2.7571738763201736
          0.7219837073934419
          1.5948212625641958
          0.3280373655328921
          0.6884284969301355
          0.0953234314593738
          0.1934053749547271
          0.0043910307018088
          0.0087879200876369
          0.0000093261180037
          0.0000186522624357
          0.5058063200046028
          3.5100772154391158
          3.3659686084514644
          0.6320695323120733
         10.6863837679998213
          9.4291246710475729
          0.4816411657243743
          2.4219730227330349
          2.4585450475053849
          0.7341675903393151
         16.7745861278544375
         14.5848571726975855
          0.3479298577389390
          2.5188969486549140
          2.3499716082919337
          0.4204738306982490
          7.7084526983132458
          6.6093864681834766
          0.3340125079056624
          1.6791355206416061
          1.6862027223745837
          0.4791004538242821
         12.0582470199582623
         10.2050324421576981
          0.2118310251524318
          4.4650229887490971
          3.6481242774922937
          0.2345056820879737
          6.9441414478318197
          5.6153082378062278
          0.0834612633345389
          2.1396913908696402
          1.6392506068313375
          0.0895236903304516
          3.3033589751929737
          2.5127503776231697
          0.1142849834522822
          8.1208481664490328
          6.2698966272466850
         10.3281429444293504
       3690.5018482865434635
       3154.8917630592823116
          0.0229346812369387
          0.7795356931295848
          0.5492313480287185
          0.0238693260348413
          1.1933956368644736
          0.8375825224001388
          0.0276788452071380
          2.8535643206632839
          2.0440708726724663
          1.5693052023684597
        974.6086399169021206
        846.6741760257347096
          0.0018576601146629
          0.1123324253932135
          0.0693005977705375
          0.0018804795567995
          0.1701973836284220
          0.1049203467840507
          0.0019733208693326
          0.3938773606957631
          0.2476686080345686
          0.0389107980531752
         85.3997135189750907
         71.7355422148687012
