1  82   4   1   4   -12.114647   0.000000
  0 
./DATA/2947/108/M024/
0
          3.7128479565199712
          4.8240257938452178
          2.4776562609523674
          3.3586828144472363
          1.6473560910058906
          2.3257706805757992
          0.9526452739749491
          1.4063817506787299
          0.4296333624071926
          0.6568698624146505
          0.1410289420636439
          0.2147004074670329
          0.0118206150448407
          0.0165526172384616
          0.0001223446845894
          0.0001475006386720
          1.0404160630249408
          4.1263194927274176
          2.4109380792467534
          2.8445238768351890
         12.5233967587429724
          5.7901526890035759
          0.8322142726913083
          2.9478038103993853
          2.0149933527040460
          4.4404299003118037
         19.7419583424305181
          8.7734225722177008
          0.7147840499970113
          2.9618850734711746
          1.7000620687543435
          1.9553297811547528
          8.9696363711106457
          4.1265191386781455
          0.5708524832536842
          2.0833433401938977
          1.4035364116049827
          3.0519439455691639
         14.0988459354728430
          6.2564505514525921
          1.0456002200233274
          5.1506521454877987
          2.3474153735746022
          1.6311293284822352
          8.0535354741783376
          3.5642618181947698
          0.4510282698010191
          2.4616598684698827
          1.1047059767344318
          0.7027591701828109
          3.8206079400188275
          1.6819433068520693
          1.8798852660176457
          9.8075310106253220
          4.1958722988191237
       1587.8382483683342343
       6720.4741745906430879
       2142.8698423087171250
          0.1431367240072659
          0.9132454331058604
          0.3985860432880217
          0.2225464271909545
          1.4037553406729286
          0.6097089979350949
          0.5912978211726281
          3.5054452170057959
          1.5123201262510397
        471.8468276873893501
       2000.7729627657022320
        651.3845086682805459
          0.0161994767907647
          0.1470562075811519
          0.0593963364013591
          0.0250751866030960
          0.2229266787847543
          0.0917302454314015
          0.0656903121188461
          0.5338978215870057
          0.2266042397434732
         47.1184945136006306
        211.9550508895046619
         74.7659013854781023
0
          3.7128479565199703
          4.8022963858044410
          2.4776562609523678
          3.3907728812609053
          1.6473560910058909
          2.3813734136644316
          0.9526452739749491
          1.4659612198882186
          0.4296333624071925
          0.7014364789232411
          0.1410289420636439
          0.2372373439458785
          0.0118206150448407
          0.0195290614502770
          0.0001223446845894
          0.0001804499497609
          1.0404160630249411
          4.2149211795727268
          2.6450975544417483
          2.8445238768351877
         12.6274200986131309
          5.8482445379787737
          0.8322142726913082
          3.0847193720532657
          2.2389790987117246
          4.4404299003118091
         19.9097172101340867
          8.6452730657857728
          0.7147840499970106
          3.0271232438712024
          1.8952787371398014
          1.9553297811547523
          9.0809374320478078
          4.2142126312524280
          0.5708524832536844
          2.1769158536118702
          1.5839988088855688
          3.0519439455691662
         14.2845442299650855
          6.2218665971108233
          1.0456002200233281
          5.2443837943259961
          2.4419089778227838
          1.6311293284822357
          8.2135762488844630
          3.5994168592522677
          0.4510282698010191
          2.5191346240620072
          1.1773647624166821
          0.7027591701828103
          3.9199364286087466
          1.7330591943199483
          1.8798852660176439
         10.0870451304984474
          4.1121607071811166
       1587.8382483683337796
       6664.1773620376725376
       2201.7868944185574946
          0.1431367240072656
          0.9361149988855328
          0.4386772514869841
          0.2225464271909544
          1.4433243373195168
          0.6451007908400979
          0.5912978211726277
          3.6211089090474329
          1.5041016949336175
        471.8468276873890659
       2042.6902496062191403
        664.8915568420678710
          0.0161994767907647
          0.1493409015173143
          0.0698484885032563
          0.0250751866030960
          0.2266020646796268
          0.1026120048743339
          0.0656903121188462
          0.5446566774680405
          0.2328640328545141
         47.1184945136006021
        226.1926243989296665
         72.3670535035812605
1
          4.7995572185425237
          3.7241913056357774
          3.3966009669155026
          2.4783433706015878
          2.3876924578249454
          1.6367506238114520
          1.4678475471995835
          0.9319852309561529
          0.6965762860547592
          0.4060657029038514
          0.2299632652888046
          0.1246445654711416
          0.0173070485403927
          0.0084679530472216
          0.0001275361343867
          0.0000500479307634
          2.6298729105018603
          4.1327734574013837
          1.0250939447901808
          5.9351917258180258
         12.6823726749279064
          2.8531161574306734
          2.1899596616740995
          2.9727393074270902
          0.7575115009487531
          8.8005972923064260
         20.0719377424801699
          4.4135559262297370
          1.8884680977877697
          2.9519113557284422
          0.7042405021813618
          4.3027744224624334
          9.1013599177176712
          1.9616660782874302
          1.5483225158795890
          2.0868815289050353
          0.5188575333456111
          6.3769351652289084
         14.3857786528834950
          3.0337086855577486
          2.5209890650360207
          5.2287246230732807
          1.0506039558264519
          3.7347127894400511
          8.2439469133875001
          1.6236992610062058
          1.2358261804613058
          2.4855645748313067
          0.4552969748668535
          1.8310954310488454
          3.9042113588203335
          0.7028763661358235
          4.4020575975869871
         10.2266012153036439
          1.8228424581548670
       2630.5507121739569811
       6886.2718792731511712
       1183.5656439042713828
          0.4719456361182347
          0.9053122862488486
          0.1461351107221520
          0.7000940359467241
          1.4146042258168370
          0.2252281402967531
          1.6595808197614024
          3.6416669782586153
          0.5810099087202706
        817.6651176822505249
       2158.2368995849374187
        348.7495424331801814
          0.0785500315441370
          0.1371467823678992
          0.0171423692206318
          0.1169654103230270
          0.2125026972270190
          0.0263500101486314
          0.2726487814113391
          0.5321355506041661
          0.0673778977657598
         96.4626409926593311
        250.0737859023824399
         35.8541055833246602
1
          4.8267649611071359
          3.7241913056357761
          3.3528547287926393
          2.4783433706015883
          2.3194516364152853
          1.6367506238114526
          1.4044954233673648
          0.9319852309561532
          0.6617300552831324
          0.4060657029038513
          0.2219744861241068
          0.1246445654711415
          0.0187746301483460
          0.0084679530472216
          0.0002004144540462
          0.0000500479307634
          2.3408193473308589
          4.0881087606877911
          1.0250939447901810
          5.8401447811773828
         12.4856108283246083
          2.8531161574306738
          1.9463270300289472
          2.9212785379883250
          0.7575115009487530
          8.9449778977219978
         19.7162826732619507
          4.4135559262297361
          1.6512259995668903
          2.9219211363168762
          0.7042405021813610
          4.1773225404333276
          8.8969527418864462
          1.9616660782874304
          1.3533221929283703
          2.0589190434548428
          0.5188575333456110
          6.4055152746612416
         14.0089822545939722
          3.0337086855577478
          2.3969049864403922
          5.0540192775721318
          1.0506039558264517
          3.6837727158173283
          7.9153313411082822
          1.6236992610062071
          1.1471427039434079
          2.3705796000353891
          0.4552969748668537
          1.7694691030443457
          3.6834603892598721
          0.7028763661358234
          4.4920593235828479
          9.5304028634217257
          1.8228424581548668
       2419.6309634944104801
       6932.9923670501548258
       1183.5656439042713828
          0.4277311627843059
          0.8516216562914082
          0.1461351107221517
          0.6635402424265879
          1.3088838277389458
          0.2252281402967530
          1.6774613375172553
          3.2913115911547215
          0.5810099087202707
        762.5164220819572165
       2033.4364965231918632
        348.7495424331801246
          0.0698776723924556
          0.1276335108502334
          0.0171423692206319
          0.1095717292240747
          0.1928273196911729
          0.0263500101486314
          0.2766241486409876
          0.4626338233690053
          0.0673778977657598
         97.8180701892282798
        202.7215544117820798
         35.8541055833246460
   0    4  0.148022  0.732808 -0.124354 
         -0.1177057701652519           0.0525400550818774          -0.0368996928961141
          0.0238548561307052           0.0442328606232207           0.0151901358135660
          0.0425310371307075           0.0004496653040440          -0.0121968174894933
         -0.0281810281973095          -0.0080394051131566           0.0183317874855961
          0.1389186407614529          -0.0376091186459147           0.0305267754181228
         -0.0464642940001057          -0.0353878574482673           0.0043587060540717
          0.1868123396165587          -0.0662081706512491           0.0823120373352821
         -0.0412608171801692          -0.0555062271481681          -0.0142505000790137
          0.1632550795793301          -0.0723787442258540           0.1152341295957971
         -0.0175588034471833          -0.0679083555839781          -0.0249292822529921
          0.0895025780252290          -0.0506162463058208           0.0952986574680055
         -0.0003822011456418          -0.0588481417669173          -0.0198095211169574
          0.0133578430192091          -0.0121290764403329           0.0242482621502646
         -0.0003590433269421          -0.0164265370451622          -0.0042426139515820
          0.0002365104301991          -0.0003808688444289           0.0006567967439693
         -0.0001154950754329          -0.0004308216794780          -0.0000777274233205
          0.2588329171551458          -0.0694022764538757           0.0927354117277027
          0.5470082315212638          -0.3939894908977260           0.1986477817162099
         -0.1538197475591709          -0.0462985564505912          -0.0229359579075767
          0.0175605223888732           0.0710688023996854          -0.1407922721312494
          0.0757357979102885           0.0399712264952570           0.0010519455340717
         -0.1027666886479994          -0.1098569383845458           0.1136252944015913
          0.4155072484789718          -0.0600494953312548           0.2016386286185465
          0.5172614018634559          -0.5534538919696046           0.2583352527935840
         -0.1093136135535758          -0.0882594739549398          -0.1090785128795656
         -0.0670375410535741           0.2208926623758666          -0.2654167390993577
         -0.4252834653584962           0.3144675428163621          -0.1368564195706933
         -0.0072074957312317          -0.2153762378228489           0.1640439917387704
          0.2071455433925875          -0.0683686601118645           0.0819439457138542
          0.5011853740285156          -0.3459610268010584           0.1924119215904735
         -0.1236153355309245          -0.0464280297542369          -0.0245272898766833
          0.0818473209026167           0.0126275912337039          -0.1146402282357772
          0.2751622257411921          -0.0564044791561549           0.0719747453108925
         -0.1241448635162079          -0.1410243830489130           0.0828712647815725
          0.3103708804858851          -0.0590124928080995           0.1634937051438271
          0.4480858099966338          -0.4573995485003476           0.2255069054171948
         -0.0771049036956176          -0.0683417432272439          -0.0883193455455795
          0.0597744355059434           0.1029800098830370          -0.2296746427554350
         -0.0039604865780129           0.1217135467894570          -0.0153674471419716
         -0.0781639596661833          -0.2575344498165960           0.1264777637709319
          0.1064844589702688          -0.0370765325822065          -0.0744655392569355
          0.4278180445055065          -0.1211657893760908           0.1368028185583207
         -0.1196175542487715          -0.1487780509020851           0.0445859944298004
          0.1276293226822728          -0.0059128780937645          -0.1622779886941129
          0.3795108480483856          -0.0349209390636765           0.1077998619001187
         -0.1165684802667186          -0.2576587097551403           0.0732260241274251
          0.0811368237274944          -0.0512062941886743          -0.0365603625996999
          0.4292282145067184          -0.1238833049060356           0.1566591606656071
         -0.0873603565221243          -0.1224800501395472           0.0169756249878458
          0.1088983130526774          -0.0527140382846421          -0.0888204219343619
          0.5107650412035262          -0.0932693289001829           0.1688285606906922
         -0.1022768436334949          -0.2040902829302744           0.0306568735956234
          0.2709299831233293          -0.0565431502067023          -0.3116627457177982
          0.5035082220058521          -0.0246587414293982           0.1300689018693473
         -0.0305781380477847          -0.4577461153720474           0.0588405155487281
        378.9487757693534604         384.5671373012741583         219.5703083481160149
      -1768.6879948815046646        -855.5797060197406836          69.9583007232092910
        318.6266000699812935         329.1006078802273009         -98.4077451070426008
          0.0397187959026478          -0.0367937665313133          -0.0113967672720839
          0.3012037909387171          -0.0879623439388276           0.1278194964737589
         -0.0470045351797200          -0.0763733365812241           0.0038952895042294
          0.0558318561048404          -0.0464384200466439          -0.0332237797455086
          0.4035112088042213          -0.0845717697490649           0.1562246743959707
         -0.0615221071282842          -0.1232959171562906           0.0083425386814114
          0.1421411908212720          -0.0905735821605962          -0.1362881176464601
          0.6783786178869821          -0.0740056639229752           0.2184161920316667
         -0.0640401692496659          -0.2866491684993950           0.0179565489860003
        158.5092053055107044          94.3248501329126015           2.1670692982416524
       -587.0203389332688175        -253.9885384279191953          -0.6229028408695634
        138.8977025022941802          49.4190940873885012         -35.9072316186186526
          0.0070626303909628          -0.0099858833144136          -0.0006450067225801
          0.0981091276551729          -0.0330169669847774           0.0538745358902176
         -0.0120607477395073          -0.0231979961598546           0.0002158533670734
          0.0101537757776842          -0.0137629399293787          -0.0038696304889033
          0.1418849019425059          -0.0379001678282630           0.0716231992642191
         -0.0173761756930206          -0.0363704471073483           0.0008067579881967
          0.0258368746285351          -0.0311831632489310          -0.0211766564391219
          0.2950020784414799          -0.0511511717507900           0.1274068514347209
         -0.0290980747571989          -0.0852894741824277           0.0026203091259761
         23.6350596352852484          -0.5288337145852208         -14.4908773837814575
        -44.5462776034402879         -16.4569018697824809           0.8314363270930765
         20.4589869698981879          -6.0903051706541618          -5.3869603216943736
   1
         -0.1177057701652519           0.0525400550818774          -0.0368996928961141
          0.0000000000000000           0.0000000000000000           0.0000000000000000
          0.0425310371307076           0.0004496653040440          -0.0121968174894933
          0.0000000000000000           0.0000000000000000           0.0000000000000000
          0.1389186407614530          -0.0376091186459147           0.0305267754181230
          0.0000000000000000           0.0000000000000000           0.0000000000000000
          0.1868123396165587          -0.0662081706512492           0.0823120373352821
          0.0000000000000000           0.0000000000000000           0.0000000000000000
          0.1632550795793301          -0.0723787442258540           0.1152341295957970
          0.0000000000000000           0.0000000000000000           0.0000000000000000
          0.0895025780252290          -0.0506162463058208           0.0952986574680055
          0.0000000000000000           0.0000000000000000           0.0000000000000000
          0.0133578430192091          -0.0121290764403329           0.0242482621502646
          0.0000000000000000           0.0000000000000000           0.0000000000000000
          0.0002365104301991          -0.0003808688444289           0.0006567967439693
          0.0000000000000000           0.0000000000000000           0.0000000000000000
          0.1529122847876882          -0.0019695472902573           0.0334705835881041
          0.6140763852749632          -0.1734394383133401           0.3180241526310246
          0.0000000000000000           0.0000000000000000           0.0000000000000000
          0.2616778745283403           0.0044693362089717          -0.1055558741934237
          0.0908451272439551          -0.1649180649608652          -0.1515636334806283
          0.0000000000000000           0.0000000000000000           0.0000000000000000
          0.3329629098298310           0.0037118619260033           0.2517197699044271
          0.7322119828717224          -0.2641711149707844           0.4579009881186301
          0.0000000000000000           0.0000000000000000           0.0000000000000000
          0.5504940893111337           0.0165896289244612          -0.0263331456586280
         -0.3142505331902961          -0.2471283682658345          -0.4812745841046751
          0.0000000000000000           0.0000000000000000           0.0000000000000000
          0.1443370963401883          -0.0243837940385480           0.0246284191145293
          0.5223566201401518          -0.1752497813040413           0.2875693155832523
          0.0000000000000000           0.0000000000000000           0.0000000000000000
          0.2891522001026178          -0.0592278092786928          -0.0736728428974139
          0.3229156908272652          -0.2115224087396646          -0.0517590116262927
          0.0000000000000000           0.0000000000000000           0.0000000000000000
          0.2583134160641636          -0.0158439732073837           0.1811168938008489
          0.5658499749936479          -0.2423124227886545           0.3762201412064473
          0.0000000000000000           0.0000000000000000           0.0000000000000000
          0.5479436235890235          -0.0855320036876727          -0.0154856302230378
          0.1669681163678765          -0.3148576776599010          -0.3024365132126415
          0.0000000000000000           0.0000000000000000           0.0000000000000000
          0.2517799142125915          -0.1051991907490757          -0.0350413449755258
          0.4851445364884392          -0.2273834773556905           0.0551037528684722
          0.0000000000000000           0.0000000000000000           0.0000000000000000
          0.4432471542015782          -0.1599792468450199           0.0016270258714434
          0.5559991985975128          -0.3394451506299537          -0.0890233849392633
          0.0000000000000000           0.0000000000000000           0.0000000000000000
          0.1626122861974424          -0.1032894064374733          -0.0075424683507998
          0.4679026923231170          -0.1929960023055109           0.1125974712733088
          0.0000000000000000           0.0000000000000000           0.0000000000000000
          0.2743319490294636          -0.1588230141128864           0.0135916490360888
          0.6297016863898871          -0.2902734296268396           0.0579459782449933
          0.0000000000000000           0.0000000000000000           0.0000000000000000
          0.9074896343473786          -0.4527994945033202           0.2815006422791795
          1.0945258885560953          -0.9194411172413098          -0.4217573254052693
          0.0000000000000000           0.0000000000000000           0.0000000000000000
       1684.3927844541783543         -43.5187622439926898        1704.0136063061097502
      -1090.6823170014361040       -2290.6394820716468530       -1221.7791611768348048
          0.0000000000000000           0.0000000000000000           0.0000000000000000
          0.0729477564514761          -0.0661207534458263           0.0037659519913169
          0.3142657969925208          -0.1260016104585311           0.1090701756677913
          0.0000000000000000           0.0000000000000000           0.0000000000000000
          0.1197231037913564          -0.1020063629908870           0.0139619984161843
          0.4495015334884512          -0.1909157859483040           0.1066835149819201
          0.0000000000000000           0.0000000000000000           0.0000000000000000
          0.3716936846760188          -0.2813344571098884           0.1165608232765754
          0.9230062870058947          -0.5513056142219670          -0.0272113533566013
          0.0000000000000000           0.0000000000000000           0.0000000000000000
        566.1209796005285853        -101.5883167925176167         579.5809770273364165
       -125.8837223265964269        -918.8092815471654831        -498.5264866576292775
          0.0000000000000000           0.0000000000000000           0.0000000000000000
          0.0122045734471890          -0.0168397991652109           0.0024324659926935
          0.0964341644121322          -0.0429656839451151           0.0497628113102509
          0.0000000000000000           0.0000000000000000           0.0000000000000000
          0.0195408457876980          -0.0259875945548963           0.0046005287390146
          0.1410508437415828          -0.0653208538497422           0.0602709489172596
          0.0000000000000000           0.0000000000000000           0.0000000000000000
          0.0570506520661607          -0.0697234928486667           0.0206238522239386
          0.3049846560644781          -0.1727857766735639           0.0734004341237974
          0.0000000000000000           0.0000000000000000           0.0000000000000000
         67.5786093082725614         -35.9587295979840107          70.0915207587443660
         47.7326814566231192        -157.8041156016672062         -81.4609678335808525
          0.0000000000000000           0.0000000000000000           0.0000000000000000
   0
          0.0000000000000000           0.0000000000000000          -0.0000000000000000
          0.0000000000000000           0.0000000000000000           0.0000000000000000
          0.0000000000000000           0.0000000000000000           0.0000000000000000
          0.0000000000000000           0.0000000000000000           0.0000000000000000
          0.0000000000000000           0.0000000000000000          -0.0000000000000000
          0.0000000000000000           0.0000000000000000           0.0000000000000000
         -0.0000000000000000          -0.0000000000000000           0.0000000000000000
          0.0000000000000000           0.0000000000000000           0.0000000000000000
         -0.0000000000000000           0.0000000000000000           0.0000000000000000
          0.0000000000000000           0.0000000000000000           0.0000000000000000
          0.0000000000000000           0.0000000000000000           0.0000000000000000
          0.0000000000000000           0.0000000000000000           0.0000000000000000
          0.0000000000000000           0.0000000000000000          -0.0000000000000000
          0.0000000000000000           0.0000000000000000           0.0000000000000000
          0.0000000000000000           0.0000000000000000           0.0000000000000000
          0.0000000000000000           0.0000000000000000           0.0000000000000000
         -0.1059206323674577           0.0674327291636184          -0.0592648281395988
          0.0113522029462726           0.0172429111628185           0.0209594991225550
          0.0000000000000000           0.0000000000000000           0.0000000000000000
          0.2441173521394671          -0.0665994661907136           0.0352363979378253
         -0.0935296860336393          -0.0329036722910823           0.0122797089773293
          0.0000000000000000           0.0000000000000000           0.0000000000000000
         -0.0825443386491407           0.0637613572572581           0.0500811412858810
          0.0397542691868521           0.0031231634021155          -0.0319020610955127
          0.0000000000000000           0.0000000000000000           0.0000000000000000
          0.6175316303647094          -0.2043030334514059           0.2390835934407299
         -0.1700095087729734          -0.0971700035056867          -0.0492616413859646
          0.0000000000000000           0.0000000000000000           0.0000000000000000
         -0.0628084470523994           0.0439848660733163          -0.0573155265993248
         -0.0030658145479788           0.0096519113733928           0.0235420072911824
          0.0000000000000000           0.0000000000000000           0.0000000000000000
          0.2073048792000012          -0.0718554005123965           0.0409673853383632
         -0.0658588966497317          -0.0252452272868986           0.0050343556532245
          0.0000000000000000           0.0000000000000000           0.0000000000000000
         -0.0520574644217217           0.0431685196007159           0.0176231886570218
          0.0181049783304957          -0.0013007078491508          -0.0104429278449495
          0.0000000000000000           0.0000000000000000           0.0000000000000000
          0.4881691880830799          -0.1885120135707098           0.2141890125323976
         -0.1074811858730096          -0.0710949851697340          -0.0474582311208660
          0.0000000000000000           0.0000000000000000           0.0000000000000000
          0.1452954552423228          -0.0681226581668691           0.0394241942814098
         -0.0293590487490816          -0.0131497945139550          -0.0000743532506311
          0.0000000000000000           0.0000000000000000           0.0000000000000000
          0.3156178315193051          -0.1540663687512556           0.1639050145655567
         -0.0358588393045315          -0.0379156311186570          -0.0369632622351124
          0.0000000000000000           0.0000000000000000           0.0000000000000000
          0.0814754624699481          -0.0520831122487990           0.0290178942489002
         -0.0017661592652075          -0.0031042872696749          -0.0011802817251616
          0.0000000000000000           0.0000000000000000           0.0000000000000000
          0.1654336359767863          -0.1061089758282442           0.1024120709704507
          0.0101520979829996          -0.0126695703787943          -0.0217847692403936
          0.0000000000000000           0.0000000000000000           0.0000000000000000
          0.6365596512240494          -0.3962563442966179           0.5931633879969780
          0.0921292344308351          -0.1070561635064879          -0.1604935742414018
          0.0000000000000000           0.0000000000000000           0.0000000000000000
       1305.4440086848251212        -428.0858995452665567        1484.4432979579937637
       -130.5093900375671581        -804.5103246052844952        -299.0941211484460496
          0.0000000000000000           0.0000000000000000           0.0000000000000000
          0.0332289605488284          -0.0293269869145131           0.0151627192634007
          0.0090814414539113           0.0014231454374375          -0.0004886775705869
          0.0000000000000000           0.0000000000000000           0.0000000000000000
          0.0638912476865160          -0.0555679429442431           0.0471857781616928
          0.0225770299102051          -0.0003350311453544          -0.0087572675424559
          0.0000000000000000           0.0000000000000000           0.0000000000000000
          0.2295524938547469          -0.1907608749492923           0.2528489409230353
          0.0996868145521464          -0.0255137803044367          -0.0646467836437127
          0.0000000000000000           0.0000000000000000           0.0000000000000000
        407.6117742950178240        -195.9131669254301755         577.4139077290943760
         40.3710806324941842        -243.5593797909726845        -120.9740741696329138
          0.0000000000000000           0.0000000000000000           0.0000000000000000
          0.0051419430562262          -0.0068539158507972           0.0030774727152736
          0.0046889717327064           0.0010062171467007           0.0000705049168705
          0.0000000000000000           0.0000000000000000           0.0000000000000000
          0.0093870700100138          -0.0122246546255176           0.0084701592279179
          0.0092802201505695           0.0013052148107698          -0.0011498706554933
          0.0000000000000000           0.0000000000000000           0.0000000000000000
          0.0312137774376257          -0.0385403295997356           0.0418005086630605
          0.0333547980369800           0.0006985069242360          -0.0098530575612149
          0.0000000000000000           0.0000000000000000           0.0000000000000000
         43.9435496729872526         -35.4298958833987641          84.5823981425258182
         27.0437389860017561         -21.7184197569541837         -20.1628549677054671
          0.0000000000000000           0.0000000000000000           0.0000000000000000
   2
         -0.0143469746575560          -0.0148208745816515           0.0009324680733532
          0.0000000000000000           0.0000000000000000           0.0000000000000000
          0.0285824107800695           0.0020309557704782           0.0084003330868789
          0.0000000000000000           0.0000000000000000           0.0000000000000000
          0.0679392467470449           0.0209673567538530          -0.0040643920115982
          0.0000000000000000           0.0000000000000000           0.0000000000000000
          0.1080819514308575           0.0350028655112409          -0.0246413339906314
          0.0000000000000000           0.0000000000000000           0.0000000000000000
          0.1294541488334149           0.0319745771448210          -0.0400095205511311
          0.0000000000000000           0.0000000000000000           0.0000000000000000
          0.1002780510981686           0.0147646212326904          -0.0351979348988851
          0.0000000000000000           0.0000000000000000           0.0000000000000000
          0.0210822578600846           0.0008457440346330          -0.0090700222904590
          0.0000000000000000           0.0000000000000000           0.0000000000000000
          0.0003644658196540          -0.0000122711938758          -0.0002080153794793
          0.0000000000000000           0.0000000000000000           0.0000000000000000
          0.0227419579047982           0.1708298047317248          -0.1655830747418004
          0.2694067476728538           0.1473257676021887          -0.0658317049099839
          0.0000000000000000           0.0000000000000000           0.0000000000000000
          0.7396626644722814          -0.2121092748414738           0.2550464203773685
         -0.3241179298682973          -0.2773004189613542           0.1535364382301410
          0.0000000000000000           0.0000000000000000           0.0000000000000000
         -0.0423583059986039           0.1299238433678090          -0.1674908994423542
          0.4494496464719042           0.2066031319659340          -0.1581854614466321
          0.0000000000000000           0.0000000000000000           0.0000000000000000
          1.3914831071363609          -0.6359543157785877           0.6737680907959843
         -0.7375997086103986          -0.6426492411611520           0.2805508248336178
          0.0000000000000000           0.0000000000000000           0.0000000000000000
          0.1063192397120288           0.1412346954689392          -0.1368549761995533
          0.2051766831328546           0.1032371080131936          -0.0602024090946815
          0.0000000000000000           0.0000000000000000           0.0000000000000000
          0.7369613715565696          -0.1667017517051062           0.2481930823662167
         -0.2628667718973646          -0.2454213829679069           0.1221929094895252
          0.0000000000000000           0.0000000000000000           0.0000000000000000
          0.0336439528537823           0.1119859049543045          -0.1467065200693780
          0.3387944188750545           0.1462786967835604          -0.1292430979313581
          0.0000000000000000           0.0000000000000000           0.0000000000000000
          1.2949282165428646          -0.5038869893937873           0.6233895970621613
         -0.5972924911853844          -0.5510382851786401           0.2355475392370550
          0.0000000000000000           0.0000000000000000           0.0000000000000000
          0.6595960101480935          -0.1003248935023105           0.2130843471823254
         -0.1818719338623666          -0.1955552775913738           0.0802394657242669
          0.0000000000000000           0.0000000000000000           0.0000000000000000
          1.0808470212732200          -0.3184927695725582           0.5041009270109081
         -0.4158854323315905          -0.4184992150664579           0.1676508723288054
          0.0000000000000000           0.0000000000000000           0.0000000000000000
          0.5014055187447995          -0.0421528952699497           0.1564786653571761
         -0.1083464263762178          -0.1387641672085921           0.0444628596513672
          0.0000000000000000           0.0000000000000000           0.0000000000000000
          0.7807366840656409          -0.1543188826799512           0.3480460946554666
         -0.2524157719669056          -0.2809220552052340           0.1013097432633969
          0.0000000000000000           0.0000000000000000           0.0000000000000000
          2.0698907913229245          -0.8207928708718749           1.4106382086294862
         -0.9800164298450594          -1.0254857984888035           0.2962299941036308
          0.0000000000000000           0.0000000000000000           0.0000000000000000
       1952.8651575540916383       -2063.7507300674628823        2924.9863367190050667
      -1018.8511296983452894       -1936.7925675113785928        -449.0406773813173800
          0.0000000000000000           0.0000000000000000           0.0000000000000000
          0.3000135832940072          -0.0081549248920143           0.0938201163185960
         -0.0528094637834619          -0.0811943653840606           0.0198971600447051
          0.0000000000000000           0.0000000000000000           0.0000000000000000
          0.4517100158434687          -0.0488686735083307           0.1950187195711270
         -0.1263340722083848          -0.1550025544407375           0.0486747408845061
          0.0000000000000000           0.0000000000000000           0.0000000000000000
          1.1099941661387847          -0.2952045114242269           0.7220664913389150
         -0.4963052318854104          -0.5272465351079473           0.1632833481662387
          0.0000000000000000           0.0000000000000000           0.0000000000000000
        726.7868055998642376        -785.0550137923974034        1095.0680172173908886
       -392.6198753150494554        -761.5343235914210709         -68.2353496112007605
          0.0000000000000000           0.0000000000000000           0.0000000000000000
          0.0883117749812431           0.0012901928177496           0.0307308823127259
         -0.0139422443253488          -0.0242574664373757           0.0041555066431537
          0.0000000000000000           0.0000000000000000           0.0000000000000000
          0.1303636571141547          -0.0038252441036640           0.0584646627434079
         -0.0335705966667758          -0.0432354042848747           0.0106119358913591
          0.0000000000000000           0.0000000000000000           0.0000000000000000
          0.3014680779127818          -0.0366970491590868           0.1921295393394199
         -0.1323143842453773          -0.1340732136753252           0.0396895919734933
          0.0000000000000000           0.0000000000000000           0.0000000000000000
        118.1972265577553713        -111.8911126578980202         171.5796144702725599
        -82.4293372566694416        -129.1094774605464579          15.1617706734020778
          0.0000000000000000           0.0000000000000000           0.0000000000000000
   3
          0.0382018307882611           0.0590537352048723           0.0142576677402128
          0.0000000000000000           0.0000000000000000           0.0000000000000000
         -0.0567634389773791          -0.0100703608836348           0.0099314543987172
          0.0000000000000000           0.0000000000000000           0.0000000000000000
         -0.1144035407471506          -0.0563552142021204           0.0084230980656698
          0.0000000000000000           0.0000000000000000           0.0000000000000000
         -0.1493427686110267          -0.0905090926594089           0.0103908339116177
          0.0000000000000000           0.0000000000000000           0.0000000000000000
         -0.1470129522805982          -0.0998829327287991           0.0150802382981390
          0.0000000000000000           0.0000000000000000           0.0000000000000000
         -0.1006602522438104          -0.0736127629996077           0.0153884137819277
          0.0000000000000000           0.0000000000000000           0.0000000000000000
         -0.0214413011870268          -0.0172722810797953           0.0048274083388769
          0.0000000000000000           0.0000000000000000           0.0000000000000000
         -0.0004799608950868          -0.0004185504856022           0.0001302879561588
          0.0000000000000000           0.0000000000000000           0.0000000000000000
         -0.7402410878370504          -0.0326562885853483          -0.1599368672284093
         -0.2807614842964934          -0.2422426082318872           0.1125945411154513
          0.0000000000000000           0.0000000000000000           0.0000000000000000
          0.6005804948915229          -0.2800825057073705           0.2701732488431208
         -0.1777002059224059           0.0599062699207787          -0.0189206014475790
          0.0000000000000000           0.0000000000000000           0.0000000000000000
         -1.0528675306636575          -0.1893352556765142          -0.1073712943788891
         -0.3002669799907038          -0.2804249079963211           0.0486143041133376
          0.0000000000000000           0.0000000000000000           0.0000000000000000
          1.6287756347934883          -0.6841876899205592           0.7528489377641713
         -0.0941444232425291           0.3238728483090123          -0.2144159810127227
          0.0000000000000000           0.0000000000000000           0.0000000000000000
         -0.5510294292235638          -0.0460171907093968          -0.1204559401275922
         -0.2455862327810402          -0.2193080734338246           0.0967187163382897
          0.0000000000000000           0.0000000000000000           0.0000000000000000
          0.4840964177246728          -0.3308812590116478           0.2735045008622964
         -0.1922440765487169          -0.0134124772177618          -0.0420212669233550
          0.0000000000000000           0.0000000000000000           0.0000000000000000
         -0.7939204182297764          -0.1427506943501353          -0.0885602980536945
         -0.2400486721101817          -0.2460566800111019           0.0581546301366765
          0.0000000000000000           0.0000000000000000           0.0000000000000000
          1.2763312756666967          -0.7124788309546378           0.6993605839260825
         -0.1333643596455337           0.1657345124210240          -0.2193253363866127
          0.0000000000000000           0.0000000000000000           0.0000000000000000
          0.3352658971648629          -0.3359167829169388           0.2558493016274073
         -0.1661068068839860          -0.0687601302268547          -0.0545281391345883
          0.0000000000000000           0.0000000000000000           0.0000000000000000
          0.8430915358687641          -0.6558232237910396           0.5904366407218866
         -0.1243979270996850           0.0212272190736477          -0.1939891622985259
          0.0000000000000000           0.0000000000000000           0.0000000000000000
          0.2005731109224254          -0.2742972375255434           0.2084193695631100
         -0.1077805972344130          -0.0785656681320422          -0.0463324831999004
          0.0000000000000000           0.0000000000000000           0.0000000000000000
          0.4757460772371940          -0.5035727963224060           0.4396726966218802
         -0.0741622103017393          -0.0470150639366500          -0.1370210930745424
          0.0000000000000000           0.0000000000000000           0.0000000000000000
          1.8050003082709367          -1.5608759709203195           1.6785515745729209
          0.2991407530850803           0.0682718226284219          -0.6219886683759167
          0.0000000000000000           0.0000000000000000           0.0000000000000000
       1559.4684140105446204        -483.6901488310015793        2040.4149505174591468
       1636.3851167648151659        -837.3638736423793034        -947.9921250588541852
          0.0000000000000000           0.0000000000000000           0.0000000000000000
          0.0953349276104849          -0.1725915040842811           0.1374029771702139
         -0.0492672568723238          -0.0561896821824103          -0.0261327480805165
          0.0000000000000000           0.0000000000000000           0.0000000000000000
          0.2120467387283803          -0.3038908717811768           0.2690756460729180
         -0.0246430379577597          -0.0523381774787537          -0.0701922874940105
          0.0000000000000000           0.0000000000000000           0.0000000000000000
          0.7743714029554565          -0.8989165703724042           0.9435461187417281
          0.1857495454123679          -0.0362487855618676          -0.3008232111402054
          0.0000000000000000           0.0000000000000000           0.0000000000000000
        604.0931214985878341        -327.6883091072562024         884.6722318203062514
        604.5098825724287508        -269.7760860223820032        -428.2442420743629441
          0.0000000000000000           0.0000000000000000           0.0000000000000000
          0.0205547280947082          -0.0550905150748582           0.0481395868923087
         -0.0091837326552709          -0.0184539709323239          -0.0056965476952036
          0.0000000000000000           0.0000000000000000           0.0000000000000000
          0.0425295537010729          -0.0935425342004079           0.0877870437068676
         -0.0002265558222038          -0.0210227269147823          -0.0145134456331687
          0.0000000000000000           0.0000000000000000           0.0000000000000000
          0.1491034819364110          -0.2645264530601112           0.2802624535870062
          0.0604931924382771          -0.0288116162137693          -0.0593023085320020
          0.0000000000000000           0.0000000000000000           0.0000000000000000
        102.0730462716267795        -104.4162378083403553         191.9993898057957438
         96.7067498178148526         -26.3514834954875710         -73.0821626945623706
          0.0000000000000000           0.0000000000000000           0.0000000000000000
