1  82   4   0   0   -11.892279   0.000000

./DATA/2947/200/24/
0
          1.7671726437911972
          1.0436258213494158
          0.5917011585149795
          0.2578606895927154
          0.0662159093542005
          0.0076598388318333
          0.0000352334504998
          0.0000000007463350
          0.0508685966263543
          0.1416264191186941
          0.0187753100711815
          0.1095331325635212
          0.0272307926720429
          0.0758109297772657
          0.0100529442408087
          0.0586330813460316
          0.0258206271142416
          0.0199704878645903
          0.0057191861244544
          0.0044234822914061
          0.0029125067227491
          0.0004112237777677
          0.0006643117902292
          0.0005138150493727
          0.0003383232308329
          0.0000477798491993
          0.0000089679161269
          0.0000069363115524
          0.0000045673449588
          0.0000006450943733
          8.8901800883187576
          6.2936784405157500
          4.4596210428437626
          2.7973364275227186
          1.3725154089244169
          0.4620102621874833
          0.0312915044496461
          0.0001440167515699
          2.3659892103829696
         10.3523773381183126
          0.6364694114086857
          8.6228575391440607
          1.5914973406820865
          7.1782720910559634
          0.4120453760939992
          5.9988201264678764
          3.8882004906216294
          3.2649546526263236
          1.6979769226440902
          1.4330245790507465
          1.0427550374219356
          0.1914126308112480
          0.5413739951603720
          0.4590475750997232
          0.3343813052286460
          0.0570109672925316
          0.0592418935090758
          0.0504527563829325
          0.0367622799799456
          0.0057730806587751
         10.2741086528872287
         24.5515530957479200
          4.3336508468057913
         18.6110952896664656
          7.4740875882429059
         17.9784329687573781
          3.0816766954221246
         13.5860220759366150
         10.7356143943613649
          8.0734615999928785
          5.4148866045393458
          4.0504511267753589
          2.4335045870227860
          0.3415992656945612
          2.1518853399057067
          1.6022917963612557
          0.9355751003652485
          0.0974534050673172
          0.3801156749138028
          0.2825207149324862
          0.1600924457692971
          0.0095838951977003
1
          7.6939593693370387
          5.2394114483599159
          3.5647818537441540
          2.1227516412745278
          0.9812261819704791
          0.3156666802901555
          0.0208962364169305
          0.0000960119140483
          5.9576925765346482
         16.4419951458398472
          2.3262299959705084
         12.8105325652757269
          4.2161473634225510
         11.6792090711419121
          1.6220953010128176
          9.0851570087321818
          6.6292860862056342
          5.1411091947569609
          3.1248879753889489
          2.4124938650077965
          1.5466359165434205
          0.2431166835677902
          1.1348716425907051
          0.8708356437292305
          0.5449076059365874
          0.0707685013938569
          0.1721122561756917
          0.1308512121252496
          0.0787211075006272
          0.0070525708715962
          2.9633933627729188
          2.0978928135052493
          1.4865403476145875
          0.9324454758409064
          0.4575051363081392
          0.1540034207291610
          0.0104305014832154
          0.0000480055838566
          5.8284789280046860
         17.3886289044187414
          2.2240741096235372
         13.7842240860375931
          4.2401125439596763
         12.7282344940405494
          1.5715598405088143
         10.0596817905896838
          7.5875557586684126
          5.9639291405829580
          3.8114727652636287
          2.9728350353522668
          1.8951510254256092
          0.2890758193647841
          1.5030557835406151
          1.1608246962881663
          0.7155970771232298
          0.0835147091546603
          0.2613508125477315
          0.1990936622541414
          0.1172939806809679
          0.0082964764737799
          0.9047949553572346
          1.2149328027263149
          0.4385914626916065
          0.7487293100606865
          0.6365558142148136
          0.8250724244081977
          0.3101198742353004
          0.4986364844286842
          0.4327936672231886
          0.2533484051438679
          0.1822219726553184
          0.1025702877574426
          0.0373851891984484
          0.0012306173510032
          0.0559962207249899
          0.0301928464929564
          0.0097900457649080
          0.0002289416605308
          0.0059034676155807
          0.0030355332475801
          0.0008442049126059
          0.0000085736054727
1
          7.6939593693370343
          5.2394114483599150
          3.5647818537441545
          2.1227516412745269
          0.9812261819704792
          0.3156666802901555
          0.0208962364169305
          0.0000960119140483
          5.9576925765346687
         16.4419951458398721
          2.3262299959705075
         12.8105325652757198
          4.2161473634225644
         11.6792090711419121
          1.6220953010128123
          9.0851570087321871
          6.6292860862056227
          5.1411091947569556
          3.1248879753889489
          2.4124938650077974
          1.5466359165434236
          0.2431166835677901
          1.1348716425907048
          0.8708356437292321
          0.5449076059365870
          0.0707685013938570
          0.1721122561756915
          0.1308512121252492
          0.0787211075006271
          0.0070525708715962
          2.9633933627729192
          2.0978928135052493
          1.4865403476145875
          0.9324454758409064
          0.4575051363081392
          0.1540034207291610
          0.0104305014832154
          0.0000480055838566
          5.8284789280046816
         17.3886289044187201
          2.2240741096235390
         13.7842240860375931
          4.2401125439596781
         12.7282344940405494
          1.5715598405088147
         10.0596817905896856
          7.5875557586684126
          5.9639291405829580
          3.8114727652636278
          2.9728350353522668
          1.8951510254256094
          0.2890758193647840
          1.5030557835406149
          1.1608246962881650
          0.7155970771232301
          0.0835147091546603
          0.2613508125477313
          0.1990936622541413
          0.1172939806809679
          0.0082964764737799
          0.9047949553572349
          1.2149328027263149
          0.4385914626916065
          0.7487293100606870
          0.6365558142148137
          0.8250724244081977
          0.3101198742353004
          0.4986364844286844
          0.4327936672231885
          0.2533484051438679
          0.1822219726553184
          0.1025702877574426
          0.0373851891984484
          0.0012306173510032
          0.0559962207249899
          0.0301928464929564
          0.0097900457649080
          0.0002289416605308
          0.0059034676155807
          0.0030355332475801
          0.0008442049126059
          0.0000085736054727
1
          7.6939593693370281
          5.2394114483599141
          3.5647818537441540
          2.1227516412745264
          0.9812261819704793
          0.3156666802901554
          0.0208962364169305
          0.0000960119140483
          5.9576925765346651
         16.4419951458398401
          2.3262299959705079
         12.8105325652757216
          4.2161473634225590
         11.6792090711419156
          1.6220953010128121
          9.0851570087322102
          6.6292860862056227
          5.1411091947569609
          3.1248879753889489
          2.4124938650077956
          1.5466359165434234
          0.2431166835677902
          1.1348716425907064
          0.8708356437292324
          0.5449076059365859
          0.0707685013938571
          0.1721122561756916
          0.1308512121252487
          0.0787211075006271
          0.0070525708715962
          2.9633933627729192
          2.0978928135052488
          1.4865403476145873
          0.9324454758409064
          0.4575051363081392
          0.1540034207291610
          0.0104305014832154
          0.0000480055838566
          5.8284789280046745
         17.3886289044187201
          2.2240741096235408
         13.7842240860375949
          4.2401125439596754
         12.7282344940405494
          1.5715598405088147
         10.0596817905896856
          7.5875557586684117
          5.9639291405829606
          3.8114727652636273
          2.9728350353522641
          1.8951510254256096
          0.2890758193647840
          1.5030557835406146
          1.1608246962881659
          0.7155970771232296
          0.0835147091546603
          0.2613508125477312
          0.1990936622541412
          0.1172939806809679
          0.0082964764737799
          0.9047949553572348
          1.2149328027263144
          0.4385914626916065
          0.7487293100606867
          0.6365558142148137
          0.8250724244081977
          0.3101198742353004
          0.4986364844286842
          0.4327936672231885
          0.2533484051438679
          0.1822219726553184
          0.1025702877574426
          0.0373851891984484
          0.0012306173510032
          0.0559962207249899
          0.0301928464929564
          0.0097900457649080
          0.0002289416605308
          0.0059034676155807
          0.0030355332475801
          0.0008442049126059
          0.0000085736054727
