1  82   4   0   0   -12.058274   0.000000

./DATA/2947/200/36/
0
          1.1564378497661143
          0.6545599775715670
          0.3479170428161357
          0.1348732070480435
          0.0278080535985025
          0.0022236042223732
          0.0000040208236038
          0.0000000000131472
          0.0002951235290863
          0.0008215093202804
          0.0001090180411225
          0.0006354038323166
          0.0001418553783179
          0.0003948702914482
          0.0000524010956682
          0.0003054160087986
          0.0001116621987547
          0.0000863661410043
          0.0000190519150179
          0.0000147358766294
          0.0000097031453718
          0.0000013704969261
          0.0000015234990933
          0.0000011783642067
          0.0000007759185006
          0.0000001095927065
          0.0000000097420280
          0.0000000075350600
          0.0000000049616175
          0.0000000007007915
          6.9552539233768291
          4.8882131822101549
          3.4100657861316734
          2.0566055504147354
          0.9186383321565472
          0.2587417447504482
          0.0109988071227710
          0.0000198886036381
          1.0397831866713554
          4.9985570668116557
          0.2380504554772361
          4.1968243356175385
          0.6824325216195575
          3.3735558672096246
          0.1490676318478634
          2.8401909774379397
          1.7302340702836676
          1.4620821578828618
          0.6903209971665671
          0.5854292694916235
          0.4251755579022980
          0.0665547155026706
          0.1896108385434393
          0.1612876643534085
          0.1173220950205612
          0.0179964111927579
          0.0148087384445282
          0.0126277790987107
          0.0091961516537834
          0.0013855252987623
          5.5896809607263522
         13.7047598360194556
          2.1265971708480431
         10.2416760461410430
          3.9887534230317172
          9.8723607599718761
          1.4769324479276156
          7.3605397848677621
          5.7058748508687378
          4.2418216479924657
          2.7245549820013042
          2.0212299678549095
          1.1655836891480189
          0.1060898650286049
          0.9852511525357874
          0.7306616764630549
          0.4145145964092535
          0.0272277603853608
          0.1385077924589957
          0.1030228372231623
          0.0577805608905084
          0.0024178341211787
1
          5.7932737986840008
          3.9133687657116711
          2.6212942335705844
          1.5059435739912004
          0.6402336083695342
          0.1747181007226721
          0.0073365589054511
          0.0000132590822393
          3.0092562595315973
          8.4552908501355297
          1.0836198044920642
          6.5296543950960011
          2.0939289986059624
          5.9069694454226456
          0.7404846872278945
          4.5535251340445821
          3.2386602847535939
          2.4889555418906615
          1.4394961722050343
          1.1018272622819689
          0.6837236001814078
          0.0799666261322650
          0.4738808948099497
          0.3609383026372656
          0.2191882858336025
          0.0211074679169649
          0.0574996506294745
          0.0434957637575882
          0.0255825061747911
          0.0017304006946971
          2.3184179744589439
          1.6294043940700518
          1.1366885953772237
          0.6855351834715784
          0.3062127773855160
          0.0862472482501493
          0.0036662690409237
          0.0000066295345460
          3.1679576534157099
          9.6950028777481272
          1.0651920806909037
          7.5922373050233016
          2.2681511469529236
          6.9725916417161438
          0.7368247447188082
          5.4412652394820133
          4.0144593398547439
          3.1148274422954145
          1.9043207306993231
          1.4670636868152376
          0.8953097212957826
          0.0924471679385796
          0.6819275249984018
          0.5211540939936373
          0.3098479337497353
          0.0240829825198940
          0.0943590055779821
          0.0714185690170116
          0.0412026648506361
          0.0020721876716977
          0.4525453579794905
          0.5538446842676787
          0.2159447591834356
          0.3172440854716238
          0.3092476544707035
          0.3667504103341619
          0.1487430489244455
          0.2062458047879038
          0.1831009587428183
          0.1002071878302603
          0.0710781281785352
          0.0377830241259551
          0.0117356287184979
          0.0002321569573568
          0.0190550947699680
          0.0098581225497678
          0.0028012477649768
          0.0000338307339662
          0.0014578844380956
          0.0007362910823335
          0.0001915464804820
          0.0000007717543378
1
          5.7932737986840035
          3.9133687657116716
          2.6212942335705853
          1.5059435739912010
          0.6402336083695344
          0.1747181007226721
          0.0073365589054511
          0.0000132590822393
          3.0092562595315937
          8.4552908501355173
          1.0836198044920669
          6.5296543950959771
          2.0939289986059610
          5.9069694454226589
          0.7404846872278972
          4.5535251340445910
          3.2386602847535917
          2.4889555418906588
          1.4394961722050361
          1.1018272622819696
          0.6837236001814070
          0.0799666261322650
          0.4738808948099495
          0.3609383026372657
          0.2191882858336029
          0.0211074679169649
          0.0574996506294744
          0.0434957637575881
          0.0255825061747911
          0.0017304006946971
          2.3184179744589444
          1.6294043940700518
          1.1366885953772237
          0.6855351834715783
          0.3062127773855160
          0.0862472482501493
          0.0036662690409237
          0.0000066295345460
          3.1679576534157072
          9.6950028777481077
          1.0651920806909054
          7.5922373050233007
          2.2681511469529188
          6.9725916417161384
          0.7368247447188081
          5.4412652394820142
          4.0144593398547448
          3.1148274422954132
          1.9043207306993235
          1.4670636868152369
          0.8953097212957817
          0.0924471679385796
          0.6819275249984019
          0.5211540939936368
          0.3098479337497356
          0.0240829825198940
          0.0943590055779821
          0.0714185690170116
          0.0412026648506361
          0.0020721876716977
          0.4525453579794905
          0.5538446842676786
          0.2159447591834356
          0.3172440854716238
          0.3092476544707035
          0.3667504103341619
          0.1487430489244454
          0.2062458047879038
          0.1831009587428183
          0.1002071878302603
          0.0710781281785352
          0.0377830241259551
          0.0117356287184979
          0.0002321569573568
          0.0190550947699680
          0.0098581225497678
          0.0028012477649768
          0.0000338307339662
          0.0014578844380956
          0.0007362910823335
          0.0001915464804820
          0.0000007717543378
1
          5.7932737986839964
          3.9133687657116725
          2.6212942335705836
          1.5059435739912019
          0.6402336083695334
          0.1747181007226721
          0.0073365589054511
          0.0000132590822393
          3.0092562595315941
          8.4552908501355386
          1.0836198044920629
          6.5296543950959762
          2.0939289986059615
          5.9069694454226589
          0.7404846872278974
          4.5535251340445928
          3.2386602847535917
          2.4889555418906628
          1.4394961722050361
          1.1018272622819738
          0.6837236001814068
          0.0799666261322651
          0.4738808948099495
          0.3609383026372657
          0.2191882858336028
          0.0211074679169649
          0.0574996506294744
          0.0434957637575880
          0.0255825061747911
          0.0017304006946971
          2.3184179744589444
          1.6294043940700516
          1.1366885953772237
          0.6855351834715783
          0.3062127773855160
          0.0862472482501493
          0.0036662690409237
          0.0000066295345460
          3.1679576534157050
          9.6950028777481112
          1.0651920806909054
          7.5922373050233016
          2.2681511469529201
          6.9725916417161331
          0.7368247447188082
          5.4412652394820160
          4.0144593398547439
          3.1148274422954119
          1.9043207306993239
          1.4670636868152367
          0.8953097212957811
          0.0924471679385796
          0.6819275249984021
          0.5211540939936368
          0.3098479337497355
          0.0240829825198940
          0.0943590055779821
          0.0714185690170116
          0.0412026648506361
          0.0020721876716977
          0.4525453579794906
          0.5538446842676786
          0.2159447591834356
          0.3172440854716238
          0.3092476544707035
          0.3667504103341620
          0.1487430489244454
          0.2062458047879038
          0.1831009587428183
          0.1002071878302603
          0.0710781281785352
          0.0377830241259551
          0.0117356287184979
          0.0002321569573568
          0.0190550947699680
          0.0098581225497678
          0.0028012477649768
          0.0000338307339662
          0.0014578844380956
          0.0007362910823335
          0.0001915464804820
          0.0000007717543378
