1  82   7   1   7   -23.604593   0.000000
  0 
./DATA/2947/114/M022/
0
          9.8902503971713021
          1.8897186492500169
          6.8197341088774319
          1.3342525456733103
          4.7133616026920686
          0.9348935711396296
          2.8876189240131009
          0.5706364140512844
          1.4240907247112067
          0.2653279975417003
          0.5344007551160765
          0.0829466435187834
          0.0652535986650022
          0.0051163275751508
          0.0017905304908185
          0.0000241445663933
         10.6984426159698742
          5.0993550068397733
          0.2026426103193749
         30.5937630729912620
         13.6779438824912649
          0.1880548082981948
          8.7842877892547300
          3.9569657300442245
          0.2364491877149882
         48.5749287032974735
         21.1141434813472131
          0.2072735836726279
          7.7142338366155219
          3.6963172180776112
          0.1299798808220221
         22.2593933101103580
          9.9356777810486907
          0.1189298351052842
          6.2497700307242399
          2.8271017747665215
          0.1519223031102959
         35.3400889777139255
         15.3058229007086961
          0.1298222116768201
         13.1999426755380664
          5.8462088770652523
          0.0549090047193121
         20.9447235771574753
          8.9759015343424089
          0.0590680445965226
          6.6462893980088626
          2.8880850020641340
          0.0191820089482079
         10.5303275410706192
          4.4155951964041993
          0.0202988431973411
         28.5346729757787863
         11.1715571459946563
          0.0261956259628437
      25632.6890790025900060
       8018.9032463732282849
          1.1588767292779021
          2.6722776344036832
          1.1181617779080177
          0.0044708400698359
          4.2228447387900765
          1.7010690941010027
          0.0046528750787280
         11.2776280019976642
          4.2190248704412925
          0.0056913272555046
       8947.2389857167636364
       2602.9189792074080287
          0.1757304970697851
          0.5046098069820948
          0.1922192302845942
          0.0002686971440876
          0.7937091466120136
          0.2903936493699528
          0.0002747647537595
          2.0677855633588331
          0.6988932118916038
          0.0003118631369334
       1290.0045911111751593
        323.0544804175838749
          0.0048589862093739
0
          9.9213814627418149
          1.9009723434030390
          6.9129176852965735
          1.2888338415662191
          4.8486146477422212
          0.8623666154692764
          3.0437613729475061
          0.4978205066535593
          1.5601943426662044
          0.2236406871446696
          0.6144138601280477
          0.0754374282256837
          0.0786064283596205
          0.0071848157059153
          0.0018125832840390
          0.0000802108545079
         11.9083097537492293
          4.6925707600406943
          0.1530295339825006
         31.0405810546955934
         13.5087160912338344
          0.1918363029675503
         10.3641184684685186
          3.6713488646203971
          0.1470972901023665
         48.6286610703611544
         21.3036395270066485
          0.2247108280724659
          8.7024153368848047
          3.3706233991776791
          0.0943037442147473
         22.7336199376188084
          9.7054927460076463
          0.1182307049287359
          7.4999711721425610
          2.6128553909972854
          0.0905685822068034
         35.5623803736106154
         15.2825940846572141
          0.1384225036347804
         13.6404570560503728
          5.6058199331734233
          0.0519962364625282
         21.2797713131502100
          8.7993896313007891
          0.0608700264135454
          6.9775016902768554
          2.7067493571579018
          0.0168566268607934
         10.8428892127546792
          4.2268818752304087
          0.0197529065973970
         28.9853871884962579
         11.0685606344950820
          0.0289031331594169
      28192.3677757603509235
       7932.1061093714615708
          0.7481300958693218
          2.8570464984809711
          1.0259190254054205
          0.0034988952865890
          4.4167854938646434
          1.5893183758330300
          0.0041104841579849
         11.6144641239878688
          4.0716238421238531
          0.0059943816068546
      10139.8430483649572125
       2604.3205932520336319
          0.1185084733189998
          0.5472247967635337
          0.1784705108347770
          0.0001637149052538
          0.8390317662271255
          0.2724440920991373
          0.0001933311725829
          2.1491589307002892
          0.6700167850596094
          0.0002808633301944
       1552.1108917760711847
        338.9038851790849094
          0.0039587863763645
0
          9.9200836409633197
          1.8777448436727984
          6.8117661193406605
          1.3475922194633283
          4.7007623452590623
          0.9616381314655110
          2.8947593284826012
          0.6030726736878859
          1.4626791993709596
          0.2929210861653838
          0.5789002924999527
          0.0978850332671882
          0.0773883309905168
          0.0070081597195627
          0.0021194651155425
          0.0000404252679728
         10.7542914770375866
          5.3821001666418784
          0.2193818014109587
         30.3904140256429578
         13.7027430470589948
          0.1699384292419354
          9.0071849530061989
          4.3439911968199665
          0.2800626713558388
         48.2794300502169165
         20.9852769576542286
          0.1811759270177922
          7.7925233332635662
          3.9380150013441733
          0.1427466562132050
         22.0186176329332781
          9.9974660647677993
          0.1081710000405178
          6.4759261101616854
          3.1447116748381174
          0.1829538414500319
         34.9281147095011235
         15.2636138016853611
          0.1138025291046575
         12.9711947153451970
          5.9326753960694205
          0.0505645094825123
         20.5055535447367738
          9.0115479135284104
          0.0520761279368174
          6.4802177199738002
          2.9714885174523800
          0.0180412003219297
         10.1825139856826024
          4.4848695272118722
          0.0181141421220197
         27.4813906632458504
         11.1198365541252233
          0.0224203362082759
      26778.0615702418290311
       7544.6894018287111976
          1.4826320689931434
          2.5835891144308176
          1.1773511188531007
          0.0043674390052327
          4.0210349715551477
          1.7643950323912858
          0.0042709603969891
         10.6046729234137871
          4.2666906732164414
          0.0048501596656663
       9277.1415012408251641
       2400.6950250200002301
          0.2332799574972087
          0.4837458107975431
          0.2136525162326499
          0.0002873605193438
          0.7397177932077812
          0.3177954125935277
          0.0002743487466021
          1.8670213814150649
          0.7434341666054314
          0.0002783547014308
       1297.1662303333744148
        296.1890379230677013
          0.0059576839865553
0
          9.9252658681419614
          1.8458628781299411
          6.9169565395829178
          1.2736295703594380
          4.8496582557283334
          0.8872547624781864
          3.0418908047462305
          0.5562456952317122
          1.5588599861428516
          0.2886274682185420
          0.6166097394565762
          0.1164801179651445
          0.0816626701049328
          0.0151484871384089
          0.0021659719159300
          0.0003158119364454
         11.8011876960814828
          5.2537602749506496
          0.1371553342093131
         31.1753339196173371
         12.9858707320769771
          0.1630904366776834
         10.1724829435803592
          4.4823208930930969
          0.1602236202972856
         48.9207753906520040
         19.9465418073457670
          0.2120938252340261
          8.6110680429455577
          3.8738323981388501
          0.0837873542935818
         22.8485480898958357
          9.3942471412368782
          0.0971580078952204
          7.3343263553617231
          3.3038640908711310
          0.0995465877509386
         35.8092864492623235
         14.3446935770671953
          0.1262878949542159
         13.7358990707463313
          5.5054222606790422
          0.0401685544752245
         21.4764372506223999
          8.3200179658494058
          0.0521875047919648
          7.0594486889173540
          2.7180787350782500
          0.0118624331453794
         10.9996556092142441
          4.0496173442737016
          0.0154085865485784
         29.2014345817962955
         10.1677394749628238
          0.0287528607377208
      26136.2292490998988796
       8948.8073908232436224
          2.2854426030680695
          2.9231931834530993
          1.0581980785019525
          0.0021296309328219
          4.5340087203325803
          1.5473010468981485
          0.0027655098925309
         11.8424161880724981
          3.7362165565487446
          0.0051811823465431
       9319.1497004306165763
       2900.8897222083928682
          0.3881843798404757
          0.5801725611811476
          0.1857517382608532
          0.0000725177512845
          0.8937579332419561
          0.2634851390630566
          0.0000938641817542
          2.2767599082852095
          0.5936779320907207
          0.0001771298000039
       1422.0299857162160606
        347.9346515966863649
          0.0122659535200661
0
          9.9891948245051285
          1.8267498264884459
          6.9124335317269701
          1.2787341519985582
          4.8212603209719012
          0.9020429192138557
          3.0215493260915323
          0.5704095223476037
          1.5701407638368570
          0.2936424965246591
          0.6459834860959642
          0.1138371144495545
          0.0930876500353706
          0.0129743774932178
          0.0025533630322583
          0.0002144652118865
         11.7178191777698899
          5.3007782267790704
          0.1523680299514326
         31.0393324305121645
         13.0270378913444365
          0.1497510369591600
         10.1953403464213928
          4.4773914940762838
          0.1903728829064201
         48.8383668519058318
         19.9299108232070274
          0.1851388969218749
          8.5754387053890238
          3.9088825715099147
          0.0952988135591866
         22.5924689693250151
          9.4655700976737727
          0.0904976769406848
          7.4216718628662255
          3.2868656673962318
          0.1206936181643841
         35.4557323907382482
         14.4002407197239446
          0.1110913449273806
         13.4250792226467173
          5.6022033165386356
          0.0386505540934261
         20.9609974498294740
          8.4426467043743845
          0.0469289869892479
          6.7943787799577482
          2.8191230859527217
          0.0121360565271186
         10.5248081022778148
          4.1972992162074680
          0.0145521889212114
         28.0476589862693331
         10.2102930703511152
          0.0234157773323472
      27779.0742321294346766
       6798.2944248681515091
          2.2984930258395244
          2.7577229506950234
          1.1403098708503807
          0.0024457440473734
          4.2235641204362215
          1.6740153859277107
          0.0028961730490136
         10.9848399252924089
          3.9183639672008117
          0.0044861731920807
       9699.6901636404691089
       2108.1861820799340421
          0.3246008334447161
          0.5288256965174888
          0.2235454827486361
          0.0001123928446794
          0.7938452975383860
          0.3227540642875755
          0.0001316150797785
          1.9777258113647231
          0.7159159538356731
          0.0001948942332209
       1408.2687312069224390
        253.9701287943047419
          0.0072563665095413
0
          9.9003231265258265
          1.9224543719360101
          6.9111995411477247
          1.2986229095305066
          4.8503921858448118
          0.8546948063693592
          3.0367802839872855
          0.4685913352814241
          1.5370186396906094
          0.1805323856709385
          0.5868970281592177
          0.0420022584810503
          0.0698848094417298
          0.0012394402680601
          0.0015084614085721
          0.0000012134233364
         11.7933495702685267
          4.4496996389177790
          0.1667781845999191
         31.1361050001108310
         13.8006986357873416
          0.2012620076514116
         10.1934045113518579
          3.1661505766466451
          0.1578578392835880
         48.8789153710364488
         21.8681485703857703
          0.2268254853865729
          8.5871922608531488
          3.1505322977651766
          0.1041516629640468
         22.8565098565326430
          9.9173149406728367
          0.1257360026142986
          7.3283266755315140
          2.1951281395087223
          0.0983869524564355
         35.8669618668905130
         15.7286934253240407
          0.1415556317569391
         13.7708664160546803
          5.7141495822877966
          0.0566539036488007
         21.5984152496787480
          9.0746414669228574
          0.0637158411254893
          7.0902035953458968
          2.7298032880283722
          0.0190270997094157
         11.1178074199155965
          4.3416255510630073
          0.0213882483749660
         29.8704847550643251
         11.6150720391047404
          0.0284850036467963
      25953.0357261858698621
       8372.3041509685845085
          0.4829541515224440
          2.9375214981801681
          1.0015232940598826
          0.0041640635189726
          4.6094089127989886
          1.5952493322291019
          0.0046796972893506
         12.2721470943946649
          4.2410983433126717
          0.0061759554230680
       9341.9141795234882011
       2817.0857287946309953
          0.0802543441811741
          0.5818071739923961
          0.1529674748575915
          0.0002184752790959
          0.9165859251739078
          0.2440571901992810
          0.0002450303971170
          2.4191330812721392
          0.6422578241081570
          0.0003178737737903
       1497.2614900892062906
        367.9433448135353615
          0.0030262177606061
1
         11.2635029128802486
          0.6510429230197902
          7.8216652385913603
          0.3197321113887905
          5.4028908061358205
          0.1482503931487367
          3.2667761472534700
          0.0486173132925255
          1.5446921212658933
          0.0082039972138120
          0.5285885959074045
          0.0005367627802515
          0.0486716079003157
          0.0000007104154000
          0.0006762712605423
          0.0000000000013472
         14.2291876398145618
          0.6834077937901452
          0.0023031721467573
         41.2114495372668017
          3.5071692387487219
          0.0068288364065459
         11.2870340121631898
          0.3373460495875901
          0.0012178405208596
         65.2515578070676554
          5.9848689395047465
          0.0102691690404368
         10.1745027929294594
          0.4217865176006335
          0.0010627827350011
         30.0024830357810544
          2.1961961615824288
          0.0031504700065187
          7.9186031309740823
          0.2053602022323577
          0.0005624961311785
         47.5745636166773309
          3.7541794901959471
          0.0047378706742138
         17.7338732545696907
          0.9934071267892559
          0.0008320775547904
         28.1800414195402347
          1.7023260626982692
          0.0012514197311363
          8.8303974937755534
          0.3355341801393386
          0.0001296392762805
         14.0636335342562848
          0.5764499798462430
          0.0001949915069829
         38.1739356086388284
          1.7644552582347031
          0.0004491389405070
      31839.4870044988856534
       2517.1791783082462644
          0.1050616502254208
          3.4693213683828215
          0.0741708014295225
          0.0000091828442224
          5.5379325549891485
          0.1277120065384667
          0.0000138135570440
         14.9319405392336275
          0.3912342736075980
          0.0000318483891409
      11308.0430128343941760
        549.7748513353267299
          0.0075848611065618
          0.6219286062980640
          0.0040157568179262
          0.0000000471961595
          0.9954833956580945
          0.0069242760403161
          0.0000000710082418
          2.6535826124652857
          0.0211401998695378
          0.0000001639513690
       1682.4776696469496073
         28.0465326282789640
          0.0000400849490664
   0    7 -0.524121 -0.342481  2.401992 
          0.0114377865549308          -0.0142514806781103          -0.0203160337808711
         -0.0013372620478052           0.0311363120565572          -0.0162249543722072
          0.0256036001419778           0.0291838999235275          -0.0059856643558592
         -0.0103623074784224          -0.0116836684625226           0.0096913358816469
          0.0358006367716314           0.0895443337584699          -0.0174624419391355
         -0.0259787792142432          -0.0310663831071855           0.0148326673178474
          0.0553350892660307           0.1519948623759193          -0.0509968810288709
         -0.0408578932437881          -0.0305968421275321           0.0049440794039216
          0.0832946145413221           0.1748212550436092          -0.0950489414947117
         -0.0435479202015432          -0.0091199834019901          -0.0135879494350469
          0.0854912654825229           0.1256595898683220          -0.1110738540694196
         -0.0293246424625176           0.0099589506813709          -0.0191549319247463
          0.0300714695701681           0.0259475193283580          -0.0609085213353568
         -0.0055786773894108           0.0049771620845306          -0.0043230430130056
          0.0018459628725979           0.0003401882789361          -0.0070120004510075
         -0.0000832091903609           0.0000914222915864          -0.0000480274319805
          0.3211347099874363           0.8451262953726990          -0.2382533368475397
         -0.2496262008521066           0.0223342001786903          -0.0355118245403609
          0.0043303135388006          -0.0509270746905414           0.0298585582387583
          0.2124048760058418          -0.0230044818817818           0.1189240383606019
          0.0001628755771072          -0.1669475629051010           0.2810749280391389
          0.0010296905606417           0.0212355181880319          -0.0259133461040971
          0.2707993209764903           1.2886110306617100          -0.4383608327791665
         -0.2304980189803748           0.1436640704117344          -0.1860212101590999
         -0.0096197099790283          -0.0795844577230024           0.0582532575090712
          0.0533396530132995          -0.4476505238472518           0.2759939176371188
          0.2690801338780537          -0.2348994557558479           0.4471522949998993
         -0.0162209559353462           0.0647407280341441          -0.0532905511766395
          0.2931644579290189           0.7600224367189892          -0.2283265403839688
         -0.2271587981362469           0.0436467349556182          -0.0607885788163295
          0.0041267259451126          -0.0404399201055832           0.0238730705945689
          0.1813743914499425           0.1660041443811746           0.0909431373046437
         -0.0566225690489763          -0.1860142425891078           0.2709443794961674
          0.0019316821974978           0.0083056763388749          -0.0148398956252397
          0.2512303767325382           1.0752550287142115          -0.3825187484331945
         -0.2005184917044645           0.1562672791095722          -0.1901981736654221
         -0.0048922801904927          -0.0600817042720289           0.0431614722805465
          0.0276502437743867          -0.1127815559614195           0.2560206069440384
          0.1405539664700764          -0.3030546759798791           0.4732677429595715
         -0.0092823676857224           0.0374094886168874          -0.0342644601590708
          0.1571738449718953           0.3466747451953962           0.0306144949347398
         -0.1128279435104671          -0.1557239495266336           0.2009473693706861
          0.0021178985693601          -0.0010867387984886          -0.0050168176886368
          0.0273843554036302           0.2510791124760828           0.1742187201164441
         -0.0101847644149845          -0.2886780575867717           0.3932676193686419
         -0.0032684944072610           0.0134697232314386          -0.0155559706220039
          0.1559827470201908           0.4048122139044612          -0.0317496088083609
         -0.1273533185047118          -0.0904554553386349           0.0986168528416358
          0.0015049201486420          -0.0033028648172651          -0.0004079177013048
          0.0772352589583926           0.4426039381421741           0.0648365295127460
         -0.0977094896110981          -0.1952995121725195           0.2315862358698910
         -0.0004512866254062           0.0022297128494171          -0.0047330108246648
         -0.4946938185350072           0.5314142685322372           0.5760360570863674
          0.1680813294097571          -0.4893385191159065           0.6525967672326083
         -0.0066252947254272           0.0157912157217688          -0.0113027253506609
       -754.8962783318876291        1062.6380802354847219       -1208.4512315057486376
        469.0702542937497697        1382.5729566803647685       -1177.0238902697558387
         -0.9098889519340031           1.1197139822967659           1.1369113659623800
          0.1570687850409577           0.3296948729998022          -0.0657144168338235
         -0.0958493064992132          -0.0318638349985839           0.0156931028372062
          0.0006784091535114          -0.0019176393850831           0.0005337168121330
          0.1422772315847353           0.4186219920572459          -0.0210373543260101
         -0.1010581175236568          -0.0905794103904608           0.0772208386704234
          0.0002084498900003          -0.0005201994476234          -0.0006195863960750
         -0.0958112444995379           0.7267165490489552           0.2706298879956832
         -0.0482020624526501          -0.2920716040890574           0.3013105086491956
         -0.0012344551716133           0.0028094598477418          -0.0026493050416873
       -655.1418687395371308         392.6498939470773735        -417.2903063346658996
        211.2547659988833004         514.7818798644974549        -352.1340906670478716
         -0.1583501188458397           0.1864458538465367           0.1715715955465010
          0.1061964335272703           0.1418335626394722          -0.0512776164332785
         -0.0326657107709217          -0.0016369316185420          -0.0156565140205122
          0.0000910195873138          -0.0002724267780832           0.0001304158196879
          0.1338056788418333           0.1986418193474874          -0.0484761179551368
         -0.0394700018581824          -0.0165348067672577          -0.0076410619357838
          0.0000622171022500          -0.0001819527481346           0.0000556270054595
          0.1854474981863367           0.4092661364168289           0.0168257672093081
         -0.0499675010745930          -0.0784610299363831           0.0286966051477832
         -0.0000204100651886           0.0000261800058001          -0.0000924508292709
       -212.6075826488543328          80.0540816038349874          -1.7685548030435663
         31.0033837325406125          54.8261340951975313         -27.4824398825131091
         -0.0049496469450969           0.0058120722139841           0.0026707961897761
   2
          0.0566581491637424          -0.0047931616959657           0.0551012118715391
          0.0000000000000000           0.0000000000000000           0.0000000000000000
         -0.0110485095214219          -0.0030218120119500          -0.0083070580574125
          0.0000000000000000           0.0000000000000000           0.0000000000000000
         -0.0621131644710117           0.0146901737103527          -0.0575388687930632
          0.0000000000000000           0.0000000000000000           0.0000000000000000
         -0.0975192584774082           0.0374167204440476          -0.1048705202350296
          0.0000000000000000           0.0000000000000000           0.0000000000000000
         -0.0974873594017779           0.0479292106265969          -0.1407840911486027
          0.0000000000000000           0.0000000000000000           0.0000000000000000
         -0.0594869915646108           0.0340113773450440          -0.1421819629464185
          0.0000000000000000           0.0000000000000000           0.0000000000000000
         -0.0065222044553698           0.0058967085032670          -0.0724220659936132
          0.0000000000000000           0.0000000000000000           0.0000000000000000
          0.0008488539511086          -0.0001453858701677          -0.0075404384452439
          0.0000000000000000           0.0000000000000000           0.0000000000000000
         -0.6862170009614830           0.0588444279492999          -0.5635941042325946
         -0.0742679039131305           0.0789587580377761          -0.1855602354923892
          0.0000000000000000           0.0000000000000000           0.0000000000000000
          0.3946730090398326           0.1475760221246047           0.1930129089721201
         -0.1405199522835874          -0.1256023732087643           0.0721946990825283
          0.0000000000000000           0.0000000000000000           0.0000000000000000
         -0.9948066241359724           0.3883899394279666          -0.8660794929449392
         -0.1131642918550218           0.2018756713428553          -0.4817384660827605
          0.0000000000000000           0.0000000000000000           0.0000000000000000
          1.1669733958666579           0.5658531277785762           0.6471345334644850
         -0.2456683885959359          -0.2072465911502251           0.0337714030670751
          0.0000000000000000           0.0000000000000000           0.0000000000000000
         -0.5978189622485944           0.0678467587803422          -0.5013162029594699
         -0.0738930287492938           0.0561773329584296          -0.1493453642768584
          0.0000000000000000           0.0000000000000000           0.0000000000000000
          0.1829455389259765           0.1980389815132414           0.0164874456578396
         -0.1673550257239057          -0.0931053358378254           0.0201158488693253
          0.0000000000000000           0.0000000000000000           0.0000000000000000
         -0.8200066044333236           0.3045272875962222          -0.7192784303944684
         -0.0909953144077985           0.1537731095109041          -0.3800063748125286
          0.0000000000000000           0.0000000000000000           0.0000000000000000
          0.7415223979158178           0.5649117330620204           0.3163288668401528
         -0.2779193083570223          -0.1447922280816059          -0.0410839485201620
          0.0000000000000000           0.0000000000000000           0.0000000000000000
         -0.0020837327565370           0.2319846988760996          -0.1453321341683983
         -0.1748515130024312          -0.0443195478147446          -0.0288953149721883
          0.0000000000000000           0.0000000000000000           0.0000000000000000
          0.3218673571404024           0.5241701351262518          -0.0068891716209726
         -0.2801711135080857          -0.0574477187917597          -0.1034021723717400
          0.0000000000000000           0.0000000000000000           0.0000000000000000
         -0.0705454052784946           0.2127416097059800          -0.2139130684860100
         -0.1485805551387016          -0.0026287204484405          -0.0505572010483999
          0.0000000000000000           0.0000000000000000           0.0000000000000000
          0.0891608195476776           0.4188009170929515          -0.1804869287007309
         -0.2337679331357765           0.0118396198258580          -0.1183839810793676
          0.0000000000000000           0.0000000000000000           0.0000000000000000
          1.0611922739067190           1.5789778994997477           0.0686316386905992
         -0.7069708608469273           0.2727944418901342          -0.5475809164822575
          0.0000000000000000           0.0000000000000000           0.0000000000000000
       1604.0376075429817320        4787.7259815248671657        -101.9527359379338662
       -559.7390373906721379         113.1083405204188495        -310.4441004950892307
          0.0000000000000000           0.0000000000000000           0.0000000000000000
         -0.0511259775609704           0.1467724878082542          -0.1932392310557290
         -0.0977788518924169           0.0171348199408716          -0.0455757264371878
          0.0000000000000000           0.0000000000000000           0.0000000000000000
          0.0170357707803612           0.2646955320666228          -0.2075535337818859
         -0.1525286032357452           0.0397246972813242          -0.0916464501262134
          0.0000000000000000           0.0000000000000000           0.0000000000000000
          0.4247017349874042           0.8675349915159546          -0.1867755659478705
         -0.4286812539186843           0.2286942254735052          -0.3455136078092852
          0.0000000000000000           0.0000000000000000           0.0000000000000000
        668.3830886862941725        1934.3469887163000749         -31.8360070587846167
       -244.3520199214607089         140.9417350969412155        -169.4992412325755993
          0.0000000000000000           0.0000000000000000           0.0000000000000000
         -0.0024317111659211           0.0533176212441825          -0.0955555232175917
         -0.0328060657848806           0.0116609822759172          -0.0198686318571587
          0.0000000000000000           0.0000000000000000           0.0000000000000000
          0.0172723871961507           0.0884898919309191          -0.1137160362108646
         -0.0510326669254376           0.0230553251525229          -0.0354553528829321
          0.0000000000000000           0.0000000000000000           0.0000000000000000
          0.1179343041703059           0.2451334745788588          -0.1516595847702885
         -0.1352513856323545           0.0915209704902631          -0.1106962341128889
          0.0000000000000000           0.0000000000000000           0.0000000000000000
        146.4925598568349017         327.2392603759510052          15.7958788779702832
        -55.4686139152011322          54.7637714427366973         -43.3647376406423177
          0.0000000000000000           0.0000000000000000           0.0000000000000000
   0
         -0.0000000000000000          -0.0000000000000000           0.0000000000000000
          0.0000000000000000           0.0000000000000000           0.0000000000000000
          0.0000000000000000          -0.0000000000000000           0.0000000000000000
          0.0000000000000000           0.0000000000000000           0.0000000000000000
          0.0000000000000000           0.0000000000000000           0.0000000000000000
          0.0000000000000000           0.0000000000000000           0.0000000000000000
          0.0000000000000000           0.0000000000000000           0.0000000000000000
          0.0000000000000000           0.0000000000000000           0.0000000000000000
          0.0000000000000000           0.0000000000000000           0.0000000000000000
          0.0000000000000000           0.0000000000000000           0.0000000000000000
          0.0000000000000000           0.0000000000000000           0.0000000000000000
          0.0000000000000000           0.0000000000000000           0.0000000000000000
          0.0000000000000000           0.0000000000000000           0.0000000000000000
          0.0000000000000000           0.0000000000000000           0.0000000000000000
          0.0000000000000000           0.0000000000000000           0.0000000000000000
          0.0000000000000000           0.0000000000000000           0.0000000000000000
          0.0095759572631831          -0.0198252402404258           0.0114914939816473
          0.0030437484391517           0.0242428726434792          -0.0256837990119503
          0.0000000000000000           0.0000000000000000           0.0000000000000000
         -0.0060142144947077           0.0515481345606989          -0.0083765040450253
          0.0023162556602906          -0.0539344291459887           0.0296290111466115
          0.0000000000000000           0.0000000000000000           0.0000000000000000
         -0.0065909529409162           0.0053103673763580          -0.0066179611185961
         -0.0029564405031545           0.0204610875105780          -0.0219687254295928
          0.0000000000000000           0.0000000000000000           0.0000000000000000
         -0.0377712964566974           0.1480571169786079          -0.0463539571719410
         -0.0044114260608765          -0.1358935160683578           0.0886568948875311
          0.0000000000000000           0.0000000000000000           0.0000000000000000
          0.0083116685293796          -0.0146325377690798           0.0111854871152172
          0.0024992425502176           0.0139204054552508          -0.0159329990960999
          0.0000000000000000           0.0000000000000000           0.0000000000000000
         -0.0091686309849998           0.0444575626636302          -0.0048576085175078
          0.0035591655923928          -0.0460546492219591           0.0249661740654290
          0.0000000000000000           0.0000000000000000           0.0000000000000000
         -0.0032861204353734           0.0018870571850460          -0.0034320120327439
         -0.0010120230412417           0.0125408433380147          -0.0148613445003630
          0.0000000000000000           0.0000000000000000           0.0000000000000000
         -0.0382467194641322           0.1200672580504659          -0.0355182032981946
          0.0011078230431086          -0.1074092660164051           0.0669370018226949
          0.0000000000000000           0.0000000000000000           0.0000000000000000
         -0.0110321067144753           0.0321792417238395          -0.0027783267658027
          0.0039735087715199          -0.0320001558973282           0.0170729756736850
          0.0000000000000000           0.0000000000000000           0.0000000000000000
         -0.0344283387358695           0.0803415222763980          -0.0238488498208454
          0.0050924258532469          -0.0687661281022539           0.0401996949155371
          0.0000000000000000           0.0000000000000000           0.0000000000000000
         -0.0097566210995984           0.0187621128355553          -0.0021460795842283
          0.0030056757028216          -0.0171722292388270           0.0090569159043474
          0.0000000000000000           0.0000000000000000           0.0000000000000000
         -0.0256253260604773           0.0435595122866658          -0.0144091841537774
          0.0050486490260169          -0.0346794997629783           0.0189717240115709
          0.0000000000000000           0.0000000000000000           0.0000000000000000
         -0.1499801728987413           0.2167305257071493          -0.1344513066262498
          0.0132612559503441          -0.1289659457177982           0.0661800536696670
          0.0000000000000000           0.0000000000000000           0.0000000000000000
      -1618.1846051747554611        1421.3639037957289020       -1598.8069951479624251
        -87.8516147472490729         -94.4681928642513213         -34.4844093462938517
          0.0000000000000000           0.0000000000000000           0.0000000000000000
         -0.0060674100655777           0.0079472226659276          -0.0015342142414997
          0.0014309417504682          -0.0062394439503264           0.0032684534892679
          0.0000000000000000           0.0000000000000000           0.0000000000000000
         -0.0142783997992113           0.0173594155690579          -0.0070088029024856
          0.0026621790777799          -0.0120532638584032           0.0061713339453224
          0.0000000000000000           0.0000000000000000           0.0000000000000000
         -0.0737817076642311           0.0798910505202099          -0.0563655585943897
          0.0089294994905800          -0.0426018712181472           0.0191640504221165
          0.0000000000000000           0.0000000000000000           0.0000000000000000
       -645.4064533313036236         478.8776403894373743        -602.0508551474287060
         -9.9703798335964731         -34.6406499050520438          -9.2595426986530658
          0.0000000000000000           0.0000000000000000           0.0000000000000000
         -0.0015213252739255           0.0012716455828654          -0.0004644865874170
          0.0001991986263146          -0.0006671927965296           0.0003464563082253
          0.0000000000000000           0.0000000000000000           0.0000000000000000
         -0.0032852801057220           0.0026382248677724          -0.0014540818773591
          0.0003880016451739          -0.0012425611521984           0.0005852801456935
          0.0000000000000000           0.0000000000000000           0.0000000000000000
         -0.0150433778104366           0.0112994640708896          -0.0094348119124370
          0.0014071765129268          -0.0041931534156369           0.0015558648337456
          0.0000000000000000           0.0000000000000000           0.0000000000000000
        -98.5597488089446330          60.4333589107704086         -86.6154615157915799
          0.9267593550421488          -3.7861909538242546          -0.7781102706573616
          0.0000000000000000           0.0000000000000000           0.0000000000000000
   1
         -0.0283895587049547          -0.0075001450621233          -0.0300492496148100
          0.0000000000000000           0.0000000000000000           0.0000000000000000
         -0.0002102150556458           0.0024232340627031          -0.0042511972263826
          0.0000000000000000           0.0000000000000000           0.0000000000000000
          0.0226864219353224           0.0246901024828419           0.0169022519760391
          0.0000000000000000           0.0000000000000000           0.0000000000000000
          0.0477051484033384           0.0512703832617974           0.0375701301921538
          0.0000000000000000           0.0000000000000000           0.0000000000000000
          0.0698591888640464           0.0648376196093955           0.0527005666710068
          0.0000000000000000           0.0000000000000000           0.0000000000000000
          0.0686284147645672           0.0500042003900384           0.0500459590714207
          0.0000000000000000           0.0000000000000000           0.0000000000000000
          0.0233360019001000           0.0124928862303768           0.0168779279084392
          0.0000000000000000           0.0000000000000000           0.0000000000000000
          0.0008409366194648           0.0003865721349272           0.0006085121191433
          0.0000000000000000           0.0000000000000000           0.0000000000000000
          0.2936185831612748           0.1774864037272538           0.3035227211108098
          0.1108933726212261           0.0938657849757943           0.0569718841817772
          0.0000000000000000           0.0000000000000000           0.0000000000000000
         -0.0002070612044358           0.1307781410745815          -0.2725270125930488
         -0.1500833485572733          -0.1102026016145851           0.0318530195106329
          0.0000000000000000           0.0000000000000000           0.0000000000000000
          0.3381286481615134           0.4125014107427162           0.2417681531669113
          0.3011003770477393           0.1680208212470468           0.1503616621299219
          0.0000000000000000           0.0000000000000000           0.0000000000000000
         -0.2495226405699067           0.3190848854373704          -0.9103313142408043
         -0.2208530653092598          -0.2401159519337119           0.1001239327876333
          0.0000000000000000           0.0000000000000000           0.0000000000000000
          0.2755889672389091           0.1796428755379426           0.2875351829355701
          0.0808724333599729           0.0728161464888500           0.0530877028904301
          0.0000000000000000           0.0000000000000000           0.0000000000000000
          0.0809486991060834           0.1926359051674521          -0.1981292283464302
         -0.1387975551506191          -0.0698448752197459           0.0287743270129934
          0.0000000000000000           0.0000000000000000           0.0000000000000000
          0.3101901110809696           0.3371749138322792           0.2335700117764720
          0.2333343623822813           0.1341242092406607           0.1267606978111559
          0.0000000000000000           0.0000000000000000           0.0000000000000000
         -0.0790904251846811           0.3631609730912990          -0.7377588107875299
         -0.2060056146389026          -0.1511978341765306           0.0781339460562827
          0.0000000000000000           0.0000000000000000           0.0000000000000000
          0.1577268613374696           0.2425593054737424          -0.1172026375922031
         -0.1246665672120973          -0.0170530320016653           0.0150511103330572
          0.0000000000000000           0.0000000000000000           0.0000000000000000
          0.0939873991056748           0.3891724481425192          -0.5213426921868322
         -0.1868674192733507          -0.0415916335132726           0.0407292957449916
          0.0000000000000000           0.0000000000000000           0.0000000000000000
          0.1892252231395708           0.2386996971200199          -0.0577076182713254
         -0.1045883142548709           0.0202279905448969          -0.0031701030876802
          0.0000000000000000           0.0000000000000000           0.0000000000000000
          0.1896192409743692           0.3545870704093251          -0.3263418001215596
         -0.1578850399535087           0.0327663294162601           0.0033088428214468
          0.0000000000000000           0.0000000000000000           0.0000000000000000
          0.2001772021690017           0.9953572528245934          -1.8456824151636517
         -0.3030535549180223           0.1286495763753740           0.0428351401310928
          0.0000000000000000           0.0000000000000000           0.0000000000000000
       1640.4825372686977971        2194.8598631603081230       -3531.5775859771929390
        165.7900564881134358         138.3605925527387228        -308.9277600367303194
          0.0000000000000000           0.0000000000000000           0.0000000000000000
          0.1674045649426628           0.1792011448874547          -0.0214947930434253
         -0.0735910210384211           0.0301157245457321          -0.0147384391167906
          0.0000000000000000           0.0000000000000000           0.0000000000000000
          0.1947480939806446           0.2557969676524560          -0.1704229851978595
         -0.1115062934012365           0.0527581985555704          -0.0189948475377651
          0.0000000000000000           0.0000000000000000           0.0000000000000000
          0.2952080837906011           0.6122324211406056          -0.9935254218026223
         -0.2329206167952191           0.1707356709145968          -0.0265162907602655
          0.0000000000000000           0.0000000000000000           0.0000000000000000
        776.8463149169698454         833.7796144257658852       -1731.9314554734114608
         45.6004425011768930         115.3625741716626294         -95.8267785511671519
          0.0000000000000000           0.0000000000000000           0.0000000000000000
          0.0834631890261914           0.0715562647316666          -0.0032984864643336
         -0.0279542827834471           0.0143674325840154          -0.0109103861744473
          0.0000000000000000           0.0000000000000000           0.0000000000000000
          0.1038003274832451           0.0990329267989967          -0.0481486710579128
         -0.0423821213852699           0.0249978609535276          -0.0157160741148457
          0.0000000000000000           0.0000000000000000           0.0000000000000000
          0.1703843214922948           0.2082049909528998          -0.2887114033138422
         -0.0940549929372976           0.0743606709225517          -0.0316990505327328
          0.0000000000000000           0.0000000000000000           0.0000000000000000
        160.8880083313086686         140.5219885696550364        -430.4737662707951813
         -3.1466267503656851          35.7350346311441243         -10.1971269545778824
          0.0000000000000000           0.0000000000000000           0.0000000000000000
   3
         -0.0434484454195587           0.0076112999006977          -0.0352153436630652
          0.0000000000000000           0.0000000000000000           0.0000000000000000
          0.0169562656834420           0.0151885637420493           0.0077310293007142
          0.0000000000000000           0.0000000000000000           0.0000000000000000
          0.0680716594623870           0.0139895975901295           0.0286592096469235
          0.0000000000000000           0.0000000000000000           0.0000000000000000
          0.1109989127273871           0.0067526545660352           0.0323314029237324
          0.0000000000000000           0.0000000000000000           0.0000000000000000
          0.1195864398754031          -0.0022715189408042           0.0170544881708644
          0.0000000000000000           0.0000000000000000           0.0000000000000000
          0.0767938639140421          -0.0044747551891402           0.0003054022491151
          0.0000000000000000           0.0000000000000000           0.0000000000000000
          0.0111108458255547          -0.0007999954034562          -0.0014364918627616
          0.0000000000000000           0.0000000000000000           0.0000000000000000
          0.0001024517177688          -0.0000074849057495          -0.0000171910579257
          0.0000000000000000           0.0000000000000000           0.0000000000000000
          0.7351040326691989          -0.1155999864031000           0.2168301850019468
          0.1775745268955784           0.0896846938866823           0.0742177822758395
          0.0000000000000000           0.0000000000000000           0.0000000000000000
         -0.1067440156010479           0.5177148922778362          -0.0198892938075347
         -0.0915183333961400          -0.0944523071723108           0.0675535983300769
          0.0000000000000000           0.0000000000000000           0.0000000000000000
          1.2664078961198961          -0.0362503774089829           0.2004279737254341
          0.1337521766607907           0.1254228215907597           0.0359374976638099
          0.0000000000000000           0.0000000000000000           0.0000000000000000
         -0.4172882004205947           1.2303793799528913          -0.2730109838935307
         -0.4044335439226459          -0.2428511805272274           0.0226091297722848
          0.0000000000000000           0.0000000000000000           0.0000000000000000
          0.6256020954369391          -0.1001803685314129           0.1773910950911332
          0.1611165984253536           0.0612518240693217           0.0702158062383996
          0.0000000000000000           0.0000000000000000           0.0000000000000000
          0.0584884347033786           0.4839640044946292           0.0532359722085246
         -0.0440325555896894          -0.0841999027466392           0.0666612825617162
          0.0000000000000000           0.0000000000000000           0.0000000000000000
          1.0175677485615842          -0.0607366820209131           0.1433635620968589
          0.1252788959823677           0.0976972143842430           0.0399040373006211
          0.0000000000000000           0.0000000000000000           0.0000000000000000
         -0.1166595729055368           1.1075520640311678          -0.1049466836683619
         -0.2850194120477187          -0.1932062392476785           0.0327949899472544
          0.0000000000000000           0.0000000000000000           0.0000000000000000
          0.2127201113878715           0.3982311637255415           0.0947390532478089
          0.0096169401315153          -0.0699514991930714           0.0520271294542176
          0.0000000000000000           0.0000000000000000           0.0000000000000000
          0.1896425968781252           0.8719979194097458           0.0286466933845403
         -0.1387766002851497          -0.1365835863198024           0.0298321427998582
          0.0000000000000000           0.0000000000000000           0.0000000000000000
          0.2762769667710152           0.2770363715360660           0.0846854838445378
          0.0441748983672397          -0.0553726014482757           0.0284039195304110
          0.0000000000000000           0.0000000000000000           0.0000000000000000
          0.3542597619442551           0.5825842565851163           0.0708892107822129
         -0.0252223609602132          -0.0930407443358985           0.0146320900936060
          0.0000000000000000           0.0000000000000000           0.0000000000000000
          0.7618826049845834           2.2282002534992018          -0.2491962676253316
         -0.4963389307753314          -0.1224622687748735          -0.1099512515686263
          0.0000000000000000           0.0000000000000000           0.0000000000000000
        813.3584253944611646        2749.3069359247806460       -3401.3023755029071253
       -978.7081014517160611         929.3627871943039054        -520.1419976155668792
          0.0000000000000000           0.0000000000000000           0.0000000000000000
          0.2447214970631801           0.1516523229684447           0.0490366665053253
          0.0505850670868971          -0.0394051485324247           0.0073586520921022
          0.0000000000000000           0.0000000000000000           0.0000000000000000
          0.3541002052953486           0.3067778643842791           0.0535326359199970
          0.0325283577923496          -0.0601729747047767          -0.0006428606650159
          0.0000000000000000           0.0000000000000000           0.0000000000000000
          0.8387043133877365           1.1103202491419277          -0.0463958340733710
         -0.1297787176232564          -0.0821422955723974          -0.0598932075705406
          0.0000000000000000           0.0000000000000000           0.0000000000000000
        451.7519161393709624        1130.7104997740445924       -1501.3208695892651576
       -396.0011802671845089         382.8433095903221215        -194.4036411139971108
          0.0000000000000000           0.0000000000000000           0.0000000000000000
          0.1194440731722186           0.0413192232836896           0.0112463452829735
          0.0258165751936446          -0.0166426238896301          -0.0027204556276247
          0.0000000000000000           0.0000000000000000           0.0000000000000000
          0.1849410986131515           0.0793639148671532           0.0144014981300521
          0.0289340389127001          -0.0245443453849907          -0.0057146823293100
          0.0000000000000000           0.0000000000000000           0.0000000000000000
          0.4612985514491070           0.2673692957996313           0.0025370889636601
          0.0214735997047067          -0.0428033321717721          -0.0208945016404001
          0.0000000000000000           0.0000000000000000           0.0000000000000000
        171.2123247933119785         204.0902481783756457        -318.7957032411471801
        -61.2891721726550216          60.4114139839970363         -26.9318854501547698
          0.0000000000000000           0.0000000000000000           0.0000000000000000
   4
          0.0888338226337472          -0.0050700516104317          -0.0487150659507861
          0.0000000000000000           0.0000000000000000           0.0000000000000000
          0.0081865883741158          -0.0155610638034172          -0.0179396562203016
          0.0000000000000000           0.0000000000000000           0.0000000000000000
         -0.0424948840468115          -0.0119271206458559           0.0178376351231159
          0.0000000000000000           0.0000000000000000           0.0000000000000000
         -0.0702884998413890          -0.0008840368514538           0.0518961824280820
          0.0000000000000000           0.0000000000000000           0.0000000000000000
         -0.0636774423307182           0.0092771945362875           0.0625395648510412
          0.0000000000000000           0.0000000000000000           0.0000000000000000
         -0.0332288385821574           0.0079569282146758           0.0386960235097809
          0.0000000000000000           0.0000000000000000           0.0000000000000000
         -0.0037714798520363           0.0005896754345500           0.0045448453645845
          0.0000000000000000           0.0000000000000000           0.0000000000000000
         -0.0000264723535856          -0.0000044307337620           0.0000273484528512
          0.0000000000000000           0.0000000000000000           0.0000000000000000
         -0.5130389033989524          -0.1497552279491421           0.3500446593827185
         -0.0539304875184084           0.0202439438226089           0.0717166367589429
          0.0000000000000000           0.0000000000000000           0.0000000000000000
          0.4620081809051442           0.1130686254227325          -0.5279487879489707
         -0.0922117070735750          -0.1390071088659865           0.0147351248803774
          0.0000000000000000           0.0000000000000000           0.0000000000000000
         -0.6146869330077561          -0.1160762617288763           0.5329751158947312
         -0.1133655101845364           0.1155608759333494           0.0541092313338968
          0.0000000000000000           0.0000000000000000           0.0000000000000000
          1.3354072356004347           0.4095714450148754          -1.2230117787686496
         -0.1899279492948703          -0.2029412294438414          -0.0598537924232341
          0.0000000000000000           0.0000000000000000           0.0000000000000000
         -0.4520720256530290          -0.0961250280782527           0.3256059237929159
         -0.0525447704625836           0.0051340621670990           0.0777334994261478
          0.0000000000000000           0.0000000000000000           0.0000000000000000
          0.2135308995893941           0.1517600345170368          -0.3649762649391560
         -0.1227341224742954          -0.1176627291010218           0.0319553890560683
          0.0000000000000000           0.0000000000000000           0.0000000000000000
         -0.5066438539282929          -0.0847474578189561           0.4607676088475953
         -0.0860876589531450           0.0833559657624561           0.0615712705247799
          0.0000000000000000           0.0000000000000000           0.0000000000000000
          0.8245619965565566           0.4110226673716201          -0.9203967686165493
         -0.2264663629765687          -0.1622376167737856          -0.0299849502153789
          0.0000000000000000           0.0000000000000000           0.0000000000000000
         -0.0031672239842624           0.1890129811438683          -0.1687660098808945
         -0.1285830230317342          -0.0806099418889254           0.0410924146179709
          0.0000000000000000           0.0000000000000000           0.0000000000000000
          0.3288384556291074           0.4010285542382337          -0.5255496577395684
         -0.2212515135259895          -0.1001871662095303          -0.0026837706981620
          0.0000000000000000           0.0000000000000000           0.0000000000000000
         -0.0902832461181816           0.1901498988623205          -0.0236266038592856
         -0.1000368090922829          -0.0422509170975422           0.0363496313358342
          0.0000000000000000           0.0000000000000000           0.0000000000000000
          0.0534596465394572           0.3509814130562282          -0.1974409202484409
         -0.1647135547155426          -0.0431864084797353           0.0106931182088858
          0.0000000000000000           0.0000000000000000           0.0000000000000000
          1.0221376804973037           1.1965646630132321          -1.2209559686898561
         -0.5273579201774661           0.0294272569482043          -0.1964183138278033
          0.0000000000000000           0.0000000000000000           0.0000000000000000
       3516.3658788959187405        2289.8260022181534623       -5572.3756034420894139
       -857.0888916170047196         567.3889732132691961        -456.0306253071112224
          0.0000000000000000           0.0000000000000000           0.0000000000000000
         -0.0788400779406779           0.1461556079832357           0.0447457060219084
         -0.0556801837275201          -0.0141864297928492           0.0236030486693798
          0.0000000000000000           0.0000000000000000           0.0000000000000000
         -0.0328126987908434           0.2503138558536352          -0.0033418110158190
         -0.0882490770583516          -0.0075171558830997           0.0126919726745638
          0.0000000000000000           0.0000000000000000           0.0000000000000000
          0.3133178287798695           0.7490934069425788          -0.3283731248650599
         -0.2608600158940935           0.0554575087973335          -0.0812694983317183
          0.0000000000000000           0.0000000000000000           0.0000000000000000
       1282.0362300098015567         864.5362395797319550       -2235.3718500115055576
       -364.4500135134603056         236.6661223604274937        -197.5043484480393090
          0.0000000000000000           0.0000000000000000           0.0000000000000000
         -0.0226349652207364           0.0600150608382395           0.0375414293463401
         -0.0133194597460092          -0.0003930295178892           0.0076934143309123
          0.0000000000000000           0.0000000000000000           0.0000000000000000
         -0.0154849331388720           0.0982765265951858           0.0454436454323719
         -0.0199817705451105           0.0036341092447556           0.0062939910569329
          0.0000000000000000           0.0000000000000000           0.0000000000000000
          0.0422660869097694           0.2655791040760970           0.0584269984489722
         -0.0530404537411065           0.0270190492327388          -0.0098879414484183
          0.0000000000000000           0.0000000000000000           0.0000000000000000
        180.9871678666283685         146.3562455268584017        -340.1873010862618685
        -58.2841477308892308          39.5370719915145514         -33.6734423988600753
          0.0000000000000000           0.0000000000000000           0.0000000000000000
   5
         -0.0622161811180454          -0.0044994222102875           0.0385624135762510
          0.0000000000000000           0.0000000000000000           0.0000000000000000
          0.0117194706614877           0.0301549779341424           0.0167812178475232
          0.0000000000000000           0.0000000000000000           0.0000000000000000
          0.0496506038917451           0.0481015806210017          -0.0233226698921507
          0.0000000000000000           0.0000000000000000           0.0000000000000000
          0.0644387864541022           0.0574391409554929          -0.0679240763378096
          0.0000000000000000           0.0000000000000000           0.0000000000000000
          0.0550137875343688           0.0550487492121335          -0.0865594700390216
          0.0000000000000000           0.0000000000000000           0.0000000000000000
          0.0327848169506819           0.0381618391077040          -0.0579392759533179
          0.0000000000000000           0.0000000000000000           0.0000000000000000
          0.0059183061519195           0.0077682445636203          -0.0084727367520057
          0.0000000000000000           0.0000000000000000           0.0000000000000000
          0.0000801929378413           0.0001109176536881          -0.0000902315198324
          0.0000000000000000           0.0000000000000000           0.0000000000000000
          0.3776494232393978           0.1393611907881815          -0.4066089822426828
          0.1066121456466055           0.1109357921695656          -0.0478159478424371
          0.0000000000000000           0.0000000000000000           0.0000000000000000
          0.1066711813691524           0.5930462436493089           0.4853841194467444
         -0.0473716417957363          -0.0393463882546811           0.0857513296787678
          0.0000000000000000           0.0000000000000000           0.0000000000000000
          0.4995255425863974           0.2151724341215784          -0.7636829679653300
          0.1010604498595497           0.1470831388152404          -0.1334223538503223
          0.0000000000000000           0.0000000000000000           0.0000000000000000
         -0.0424309411540939           1.1225425398438331           1.0203032354135182
         -0.2069071250251340          -0.1534812220332524           0.1337122011920880
          0.0000000000000000           0.0000000000000000           0.0000000000000000
          0.3101135709559296           0.1343786903443311          -0.3609229658467789
          0.0875291292947427           0.0775052586235112          -0.0383586289666825
          0.0000000000000000           0.0000000000000000           0.0000000000000000
          0.2526074431585496           0.6102662835604665           0.2839943576495007
         -0.0200008782575156          -0.0183050452687599           0.0402827628989682
          0.0000000000000000           0.0000000000000000           0.0000000000000000
          0.3829172305185670           0.1600891711526724          -0.6203377990199634
          0.0827893240432337           0.1042355674550532          -0.0955702340492971
          0.0000000000000000           0.0000000000000000           0.0000000000000000
          0.2679049749238070           1.1118643575849443           0.6694968479725930
         -0.1322706910612829          -0.0873850403294891           0.0617125496820043
          0.0000000000000000           0.0000000000000000           0.0000000000000000
          0.3454402091663429           0.5644753935137287           0.0384156407274708
         -0.0004559533723313           0.0048307945807998          -0.0085290405331861
          0.0000000000000000           0.0000000000000000           0.0000000000000000
          0.4943885801319345           0.9834353168602026           0.2191289837298498
         -0.0626148604334759          -0.0173950077921092          -0.0158804078172776
          0.0000000000000000           0.0000000000000000           0.0000000000000000
          0.3291146858745638           0.4467300199952997          -0.1321193997628257
          0.0040692622387658           0.0186077941441835          -0.0337746573449808
          0.0000000000000000           0.0000000000000000           0.0000000000000000
          0.5134218609591341           0.7459010922431578          -0.1210242978023345
         -0.0244535621689965           0.0241776432500225          -0.0557705363053597
          0.0000000000000000           0.0000000000000000           0.0000000000000000
          1.3236544098308378           1.9767611680004791          -0.1517299899820563
         -0.2182036924660528           0.0658691825241964          -0.2031396790279706
          0.0000000000000000           0.0000000000000000           0.0000000000000000
       -638.9854673633500397         678.7599868780874885        -353.7053282714143165
       -574.6241179252479014         134.6859093705780879        -508.0403808419888492
          0.0000000000000000           0.0000000000000000           0.0000000000000000
          0.2356836508493790           0.2879569963867806          -0.1840059851067253
          0.0014888340078635           0.0196671994510962          -0.0318437554060820
          0.0000000000000000           0.0000000000000000           0.0000000000000000
          0.3789789822077994           0.4618638832780904          -0.2601105266136509
         -0.0092181051196404           0.0328147234015799          -0.0519182025915683
          0.0000000000000000           0.0000000000000000           0.0000000000000000
          1.0074266057488583           1.1514813377488025          -0.6412946647144548
         -0.0812655728766021           0.1003608396613683          -0.1536314415548097
          0.0000000000000000           0.0000000000000000           0.0000000000000000
         22.6843608220198583         285.3955424350402268        -505.7757398666345807
       -189.3087599883060363          82.7779360150201740        -182.5969589079274726
          0.0000000000000000           0.0000000000000000           0.0000000000000000
          0.0936265051355188           0.1049943378162565          -0.1094908555783948
         -0.0006604754962924           0.0085692627687567          -0.0112588041025541
          0.0000000000000000           0.0000000000000000           0.0000000000000000
          0.1508736583928206           0.1615492354452717          -0.1741908934441913
         -0.0028711935029807           0.0147042909157625          -0.0181814099164690
          0.0000000000000000           0.0000000000000000           0.0000000000000000
          0.3974485128834940           0.3767137839686907          -0.4770931923879143
         -0.0164040145094314           0.0434164990069831          -0.0488139907675115
          0.0000000000000000           0.0000000000000000           0.0000000000000000
        104.2819024977995070          44.2102777210112521        -321.6009607863470592
        -24.5791697308152024          23.2258891930244005         -27.0602557683117979
          0.0000000000000000           0.0000000000000000           0.0000000000000000
   6
         -0.0013372620478052           0.0311363120565571          -0.0162249543722072
          0.0000000000000000           0.0000000000000000           0.0000000000000000
         -0.0103623074784224          -0.0116836684625226           0.0096913358816468
          0.0000000000000000           0.0000000000000000           0.0000000000000000
         -0.0259787792142432          -0.0310663831071855           0.0148326673178474
          0.0000000000000000           0.0000000000000000           0.0000000000000000
         -0.0408578932437881          -0.0305968421275321           0.0049440794039216
          0.0000000000000000           0.0000000000000000           0.0000000000000000
         -0.0435479202015432          -0.0091199834019901          -0.0135879494350469
          0.0000000000000000           0.0000000000000000           0.0000000000000000
         -0.0293246424625176           0.0099589506813709          -0.0191549319247463
          0.0000000000000000           0.0000000000000000           0.0000000000000000
         -0.0055786773894108           0.0049771620845306          -0.0043230430130056
          0.0000000000000000           0.0000000000000000           0.0000000000000000
         -0.0000832091903609           0.0000914222915864          -0.0000480274319805
          0.0000000000000000           0.0000000000000000           0.0000000000000000
         -0.2338935445196995          -0.3954025868828499           0.1064517157298621
         -0.0054268579657247           0.0217483681608603          -0.0199149022275034
          0.0000000000000000           0.0000000000000000           0.0000000000000000
         -0.0155697807552980           0.2507892241564375           0.1391113877689176
          0.0161468661646094          -0.0811314811658794           0.0278053264968257
          0.0000000000000000           0.0000000000000000           0.0000000000000000
         -0.3529272365097327          -0.2580983305502756          -0.1269349758543994
         -0.0185829442791023           0.0273114315998879          -0.0103151172158328
          0.0000000000000000           0.0000000000000000           0.0000000000000000
          0.0837202910190725           1.0342852915282994          -0.0616156317762894
          0.0245645039815658          -0.1784482670535916           0.0851253402328254
          0.0000000000000000           0.0000000000000000           0.0000000000000000
         -0.2066377867935989          -0.3145523872021169           0.0909549159920317
         -0.0025569190196160           0.0109383026103470          -0.0122209194553847
          0.0000000000000000           0.0000000000000000           0.0000000000000000
         -0.0771435803916244           0.1721848795686270           0.1192008846878059
          0.0146737353048369          -0.0752067901437636           0.0302872693940430
          0.0000000000000000           0.0000000000000000           0.0000000000000000
         -0.2782335814351100          -0.2047271784745900          -0.0925746380443646
         -0.0110589584621048           0.0167141850682432          -0.0076753810600698
          0.0000000000000000           0.0000000000000000           0.0000000000000000
         -0.0192451686311614           0.7687473550668994          -0.0360827006528159
          0.0234023501868009          -0.1555760004399780           0.0773409966387858
          0.0000000000000000           0.0000000000000000           0.0000000000000000
         -0.1339565275327993           0.1071838557179147           0.0582439148008145
          0.0111847757154216          -0.0561106378428618           0.0257015496046876
          0.0000000000000000           0.0000000000000000           0.0000000000000000
         -0.1290490512756378           0.4846936244589820          -0.0589072094529277
          0.0185858358142912          -0.1097427765298622           0.0570390311528352
          0.0000000000000000           0.0000000000000000           0.0000000000000000
         -0.1445960790747206           0.0717311230131833          -0.0115788777267725
          0.0067194455572616          -0.0314540264823639           0.0157781248025829
          0.0000000000000000           0.0000000000000000           0.0000000000000000
         -0.1749643537865862           0.2754340767834676          -0.1045138404924200
          0.0114430238764429          -0.0591570300922579           0.0320631287774589
          0.0000000000000000           0.0000000000000000           0.0000000000000000
         -0.0941218501456211           1.5260949061137177          -0.8920669050370260
          0.0270224809622837          -0.1985855946249995           0.1180046441732230
          0.0000000000000000           0.0000000000000000           0.0000000000000000
       3297.2742525645694514        3501.8186617831925105       -4214.5520007635705042
       -106.8842563217595227        -168.4401695037891216          28.9705062902552442
          0.0000000000000000           0.0000000000000000           0.0000000000000000
         -0.1073662417924311           0.0461733482763741          -0.0498290278922745
          0.0027836500131745          -0.0117139802565262           0.0063198298540641
          0.0000000000000000           0.0000000000000000           0.0000000000000000
         -0.1441070435906207           0.1337697358883075          -0.1177905126433862
          0.0048014237607854          -0.0214200378543394           0.0120995406042096
          0.0000000000000000           0.0000000000000000           0.0000000000000000
         -0.2109054377942042           0.6611396973902305          -0.5887776479236726
          0.0131181306503631          -0.0695717440342961           0.0413951982762489
          0.0000000000000000           0.0000000000000000           0.0000000000000000
       1155.4973140180075006        1401.0059047436880064       -2048.1421446966196527
        -15.4190867221992907         -59.8573479077135531          16.7666094047298344
          0.0000000000000000           0.0000000000000000           0.0000000000000000
         -0.0371816671615171           0.0158295373998701          -0.0346752832569628
          0.0003546160710530          -0.0012705897060430           0.0007345463925789
          0.0000000000000000           0.0000000000000000           0.0000000000000000
         -0.0537497604507782           0.0332477917633033          -0.0633886973451349
          0.0006152262017600          -0.0022648805717399           0.0013366171297410
          0.0000000000000000           0.0000000000000000           0.0000000000000000
         -0.1088565247636908           0.1308803551003295          -0.2258945274371321
          0.0018111610693541          -0.0071159740886057           0.0042800057096835
          0.0000000000000000           0.0000000000000000           0.0000000000000000
        128.6843816346483322         221.0416492361158589        -495.7189145806060537
          0.3982388028277301          -6.0475357675591601           2.3746348919821285
          0.0000000000000000           0.0000000000000000           0.0000000000000000
