1  82   4   1   0   -12.113967   0.000000

./DATA/2947/200/26/
0
          1.6405499804084751
          8.5379939975064918
          0.9642954523544093
          6.0327418791220504
          0.5421340394645304
          4.2635148430042911
          0.2323092095782710
          2.6586880242921249
          0.0576708401089518
          1.2860116503558687
          0.0062899819943459
          0.4208768538750675
          0.0000248946119444
          0.0264483215744332
          0.0000000003902555
          0.0001047171942301
          0.0335400284710457
          2.0676471400020819
          9.2862302323840407
          0.0933730549507547
          9.1592057293427498
         22.2950601463200897
          0.0247674992740175
          1.0898694251628149
          7.7161384032856315
          0.1444335522334357
         15.2729866038441582
         33.7337982311577704
          0.0176487026082525
          1.3849874345616522
          6.7336347704377504
          0.0491311981902939
          6.3273402172745072
         16.2778925916305646
          0.0130343077660454
          0.7009858574185808
          5.4637173536651549
          0.0759992989301284
         10.5856914228442704
         24.5522329960507797
          0.0162431442908641
          3.4010441368235638
          9.6667156552277689
          0.0251263119499365
          5.7169289191858788
         14.5114709494994596
          0.0034502437791215
          1.4658449572505268
          4.8331946796407692
          0.0053371954980616
          2.4760908864239144
          7.2194211217561719
          0.0140569464343125
          7.2019957641782826
         17.2274253611129815
          8.1307676947272576
       5229.8805262020687223
       9326.1998204695264576
          0.0003774071994923
          0.4569858981217689
          1.8927175509983198
          0.0005838162681135
          0.7753992608777491
          2.8160148886752183
          0.0015376821422268
          2.2581344656408686
          6.5406749420893728
          0.8895369104799975
       1538.0945723523705055
       2601.0329470450546978
          0.0000045171961587
          0.0474499661950429
          0.3226746675704600
          0.0000069877304385
          0.0808400551273396
          0.4796438818924975
          0.0000184048390859
          0.2355649126984120
          1.0845646332952918
          0.0106476667616968
        149.8712326854960395
        248.9274513579538279
1
          2.8459979991688313
          7.3325459787461371
          2.0109139597073509
          4.9861233717691089
          1.4211716143347626
          3.3844772681340571
          0.8862293414307083
          2.0047678924396877
          0.4286705501186232
          0.9150119403461978
          0.1402922846250225
          0.2868745512443909
          0.0088161071914777
          0.0176571089948999
          0.0000349057314100
          0.0000698118530755
          0.8037434969657777
          5.2725488743251638
          5.3111250295662273
          1.0673986479250226
         15.7816447114775773
         14.6985955712109888
          0.7747574631497325
          3.9578671509452370
          4.0981507136275130
          1.3020677650682220
         24.9760588252501101
         22.8730917969169738
          0.5634297478868111
          3.8238928293721082
          3.7489483303487572
          0.7219581940858814
         11.5171254120067790
         10.4152804010026951
          0.5462676197873598
          2.7836049486749186
          2.8478649503875171
          0.8633245121855000
         18.1700701139442664
         16.1805290916954050
          0.3758055734595507
          6.8265473355072652
          5.8816500273753807
          0.4352537704404348
         10.7094493985140584
          9.1088230116807765
          0.1562747510471111
          3.3981952700831264
          2.7480198595401681
          0.1741860191193827
          5.2899390050733217
          4.2367241794854467
          0.2475470030620747
         13.3905214893439322
         10.8054095793195479
         31.2899290023438681
       7898.1801977090108267
       6634.7409876549636465
          0.0470294713845642
          1.3200813906036772
          0.9829699943313438
          0.0503185926925892
          2.0351724940242062
          1.5065068791042673
          0.0637500123748834
          4.9856614251900968
          3.7509356523074855
          5.5951059876249190
       2235.5299435055717368
       1898.8920068146994709
          0.0047169745695579
          0.2214991513062051
          0.1439130250858987
          0.0048321419324689
          0.3370449891058411
          0.2186137937119666
          0.0053010612074465
          0.7909626040147711
          0.5238842856105712
          0.1932177188677248
        215.5222763627323275
        183.0938376286113680
1
          2.8459979991688322
          7.3325459787461380
          2.0109139597073504
          4.9861233717691107
          1.4211716143347632
          3.3844772681340558
          0.8862293414307083
          2.0047678924396877
          0.4286705501186232
          0.9150119403461979
          0.1402922846250224
          0.2868745512443909
          0.0088161071914777
          0.0176571089948999
          0.0000349057314100
          0.0000698118530755
          0.8037434969657776
          5.2725488743251603
          5.3111250295662247
          1.0673986479250224
         15.7816447114775809
         14.6985955712109782
          0.7747574631497325
          3.9578671509452370
          4.0981507136275201
          1.3020677650682220
         24.9760588252501243
         22.8730917969169809
          0.5634297478868112
          3.8238928293721068
          3.7489483303487456
          0.7219581940858812
         11.5171254120067825
         10.4152804010026987
          0.5462676197873599
          2.7836049486749173
          2.8478649503875211
          0.8633245121855000
         18.1700701139442664
         16.1805290916953837
          0.3758055734595508
          6.8265473355072697
          5.8816500273753709
          0.4352537704404348
         10.7094493985140691
          9.1088230116807711
          0.1562747510471111
          3.3981952700831264
          2.7480198595401744
          0.1741860191193827
          5.2899390050733190
          4.2367241794854387
          0.2475470030620747
         13.3905214893439357
         10.8054095793195657
         31.2899290023438716
       7898.1801977090080982
       6634.7409876549590990
          0.0470294713845642
          1.3200813906036761
          0.9829699943313434
          0.0503185926925892
          2.0351724940242049
          1.5065068791042604
          0.0637500123748833
          4.9856614251901030
          3.7509356523074828
          5.5951059876249198
       2235.5299435055731010
       1898.8920068147019720
          0.0047169745695579
          0.2214991513062051
          0.1439130250858985
          0.0048321419324689
          0.3370449891058411
          0.2186137937119663
          0.0053010612074465
          0.7909626040147710
          0.5238842856105707
          0.1932177188677248
        215.5222763627323275
        183.0938376286116522
1
          2.8459979991688313
          7.3325459787461380
          2.0109139597073504
          4.9861233717691071
          1.4211716143347630
          3.3844772681340585
          0.8862293414307083
          2.0047678924396877
          0.4286705501186232
          0.9150119403461978
          0.1402922846250224
          0.2868745512443909
          0.0088161071914777
          0.0176571089948999
          0.0000349057314100
          0.0000698118530755
          0.8037434969657775
          5.2725488743251612
          5.3111250295662193
          1.0673986479250226
         15.7816447114775809
         14.6985955712109728
          0.7747574631497326
          3.9578671509452374
          4.0981507136275015
          1.3020677650682220
         24.9760588252501350
         22.8730917969169845
          0.5634297478868110
          3.8238928293721068
          3.7489483303487443
          0.7219581940858810
         11.5171254120067879
         10.4152804010026792
          0.5462676197873598
          2.7836049486749164
          2.8478649503875220
          0.8633245121854998
         18.1700701139442735
         16.1805290916953268
          0.3758055734595508
          6.8265473355072732
          5.8816500273753736
          0.4352537704404348
         10.7094493985140691
          9.1088230116807818
          0.1562747510471111
          3.3981952700831264
          2.7480198595401748
          0.1741860191193828
          5.2899390050733199
          4.2367241794854289
          0.2475470030620747
         13.3905214893439322
         10.8054095793195657
         31.2899290023438681
       7898.1801977090080982
       6634.7409876549563705
          0.0470294713845642
          1.3200813906036764
          0.9829699943313430
          0.0503185926925892
          2.0351724940242057
          1.5065068791042604
          0.0637500123748833
          4.9856614251900995
          3.7509356523074819
          5.5951059876249198
       2235.5299435055717368
       1898.8920068147019720
          0.0047169745695579
          0.2214991513062051
          0.1439130250858978
          0.0048321419324689
          0.3370449891058411
          0.2186137937119663
          0.0053010612074465
          0.7909626040147707
          0.5238842856105684
          0.1932177188677248
        215.5222763627323275
        183.0938376286116238
