1  82   7   1   7   -24.395945   0.000000
  0 
./DATA/2947/114/M021/
0
         10.6380571395862376
          1.9174136354360345
          7.3997932814347163
          1.3290270946750709
          5.1513169188733805
          0.9275338669193133
          3.1809830495576548
          0.5792513948710040
          1.5833193325395163
          0.2942041818018657
          0.5985980932724291
          0.1116384012935097
          0.0705686864695665
          0.0116614663289604
          0.0013984949878727
          0.0001583022602692
         13.4291712145087700
          5.3650893120202454
          0.2684233055300023
         36.2085311324436603
         14.7293343084990216
          0.3408693377577047
         11.2187135425768911
          4.3954675858894339
          0.2742120052785796
         56.7774333784466876
         23.1239575788469800
          0.4191040697339845
          9.7194342074530979
          3.9288247295110375
          0.1869542226065076
         26.3610880255687903
         10.7624402532891832
          0.2234323737394291
          8.0212843295953320
          3.1859296868031297
          0.1947753075012339
         41.3045919658266811
         16.8531607343594239
          0.2677316097670769
         15.6148956100969496
          6.4244959317711521
          0.1103352684525312
         24.4192071722864590
         10.0139654837687306
          0.1263300963758620
          7.8258078657138261
          3.2605985852133328
          0.0429236827341048
         12.1921175456131454
          5.0504804911869989
          0.0461362054870085
         32.1627966086870245
         13.1636448944198730
          0.0697326950697848
      27919.5072080573299900
      10217.1927579830025934
          8.8517796808902265
          3.1178578912201296
          1.3220071264323023
          0.0119902601223437
          4.8245556645187548
          2.0323081705471822
          0.0118750311091823
         12.4322262835611426
          5.1748812856116491
          0.0152364708052824
       9471.8907968729872664
       3340.7485817665487957
          1.5179988680614001
          0.5806009566025602
          0.2498920428640666
          0.0011122674384370
          0.8848335609767731
          0.3807319610449051
          0.0009835099881309
          2.1743037803742671
          0.9386270848938061
          0.0009296643727064
       1239.9533993577463207
        434.6097138380550291
          0.0496191190435053
0
         10.6086938822059906
          1.9409155171029300
          7.2693688980918152
          1.3998605826677455
          4.9909767143161261
          1.0306877736380196
          3.0412256934841047
          0.7005795818061061
          1.5056621026428956
          0.4039366804464692
          0.5743600870542185
          0.1794060209001356
          0.0677898418821628
          0.0248383310814487
          0.0013072682794377
          0.0005082293635017
         12.3958152752867399
          6.1274745737796392
          0.3767457920069243
         34.9176241745302036
         14.9562562891563307
          0.3363711580405188
         10.1577031368329287
          5.3859825462192985
          0.4809777998694835
         55.2013209353198562
         23.0435459769726450
          0.4002285319366724
          8.9273616349812048
          4.5740964055891746
          0.2717931508704396
         25.1476293001565203
         11.0093127740886025
          0.2218104102474196
          7.2643840805514781
          3.9948905983188445
          0.3543475779864190
         39.7049194109021713
         16.8653233353177008
          0.2543820967403786
         14.6506007788605732
          6.6670021696057802
          0.1109260604977901
         23.0642062565856207
         10.1115409150161284
          0.1187226407062552
          7.2088114012627402
          3.4618670868916923
          0.0441875384616983
         11.2914830199228682
          5.1806081511170836
          0.0425687277136717
         30.0964418249528798
         13.0416876954135414
          0.0700972245148875
      26812.4300419772807800
      12133.3277674839555402
          9.7626201708572893
          2.8248233554893067
          1.4564114008284208
          0.0129536123609072
          4.3897320835353879
          2.1441325264181139
          0.0106988488925789
         11.4231242807873699
          5.1778727548390480
          0.0145637179395844
       8899.1969856103314669
       3991.4246828782711418
          1.8116313876147230
          0.5219684421127441
          0.3002047994404436
          0.0013869958197002
          0.7999992395113444
          0.4326876640782590
          0.0008954117438685
          1.9897307126259354
          0.9796311383630654
          0.0007324812428656
       1138.7721554500578804
        498.1678286153460817
          0.0683841681686485
0
         10.6666916938559986
          1.8929711094736701
          7.4760960185482617
          1.2404587461285725
          5.2639804219327058
          0.7980075272837990
          3.3148645007057107
          0.4295767763846684
          1.7000276491291284
          0.1647018433456387
          0.6592082134312172
          0.0393308329007563
          0.0747339966533400
          0.0013717139337323
          0.0012094789078331
          0.0000023777967068
         14.4556108446371852
          4.3290223808728214
          0.1378818910188260
         36.6338082661655022
         14.1808468430047974
          0.3294198734436715
         12.5686443328864978
          3.1253457310277972
          0.0887396254689424
         56.9250391759429206
         22.8289946552917371
          0.4718155903186336
         10.5706574775916664
          3.0567101840104516
          0.0867252322833149
         26.8271476195789660
         10.1847763090690560
          0.2049975774528152
          9.0945304051872942
          2.1605314145574925
          0.0559661119044806
         41.6075106891618987
         16.4166636646746937
          0.2925108022434814
         16.0773612191335644
          5.8875574136673610
          0.0910566144517195
         24.8507703842806329
          9.5066733177971674
          0.1290527307131937
          8.2165837121388261
          2.8464107312647711
          0.0296205176677988
         12.6427122066548652
          4.6037816708204931
          0.0415673165658220
         32.6741935170593578
         12.7617257805543964
          0.0841277894079590
      26225.9346829186906689
      11174.5164173874873086
         10.0617559007039041
          3.3869834473205169
          1.0728443122870144
          0.0061090981197866
          5.1839182727476194
          1.7373796272391930
          0.0084502751528337
         13.0768798357118410
          4.7747351550484272
          0.0166023502711337
       8766.9841025693385745
       3720.8581481580422405
          1.7472470441085008
          0.6865101496123940
          0.1755364343458613
          0.0002822620140656
          1.0449991831740095
          0.2844503053651650
          0.0003799844125669
          2.5421219369367636
          0.7705250069018995
          0.0007044684577525
       1163.0103450198773771
        488.5071449246726729
          0.0550380482757505
0
         10.6995102150315251
          1.8822862700384446
          7.5122155121701208
          1.2277023226954600
          5.2951631290310015
          0.7898401850427730
          3.3368440150789276
          0.4303780746049951
          1.7129599729754681
          0.1736027844582803
          0.6675385630145568
          0.0475593378712732
          0.0778530770341674
          0.0026106911304019
          0.0013489171072537
          0.0000108322196766
         14.6262965200505146
          4.3765561093329683
          0.1245616776751676
         37.0050507526957020
         14.0626633955484444
          0.3229659699796994
         12.6070733782750306
          3.3101770263280956
          0.0748093327495055
         57.3645818435655670
         22.6823915987590432
          0.4716179173585692
         10.7101132978257638
          3.0994555574835263
          0.0772901425500515
         27.1225433529520927
         10.0874233120969734
          0.1995369381682228
          9.1347911243520503
          2.3091277337068887
          0.0463538492917663
         41.9596512346046708
         16.2850632429337878
          0.2908474405281091
         16.2683389088324688
          5.8239628573521935
          0.0873575279371697
         25.0722040190118491
          9.4123751963539526
          0.1269153269316638
          8.3096337565744758
          2.8168630006904776
          0.0277155793285028
         12.7356723515471302
          4.5561045274803895
          0.0400734892531399
         32.8481789957247514
         12.6891301955317548
          0.0850624205892330
      27460.7330321237750468
      10784.7762993797896343
         10.8217430566794182
          3.4072170655490934
          1.0672924351850424
          0.0054590504062462
          5.1831952986789105
          1.7268097171894554
          0.0078384566921410
         13.0322094458125015
          4.7612871909138184
          0.0163928361888506
       9327.1517561021410074
       3572.0867069167743466
          1.9240274733630076
          0.6718438160318548
          0.1788604114450386
          0.0002218382883581
          1.0108811225863101
          0.2893159315825523
          0.0003143124541794
          2.4357706874133678
          0.7845795681627565
          0.0006388812635839
       1247.1564527188888860
        472.2670397657350350
          0.0634395958964339
0
         10.4860045439628831
          2.0508891657094588
          7.1154854783257688
          1.5445896748819261
          4.8331434015960983
          1.1477318648479486
          2.8937407115642459
          0.7534661365217646
          1.3861935652978548
          0.3901350223472714
          0.5039131497856257
          0.1458434988248418
          0.0572560924821713
          0.0148437328875864
          0.0011984107067136
          0.0001939284528773
         11.3129093566991763
          6.2840095668956826
          0.5013994001195931
         33.4730426773642975
         16.7272982694690526
          0.4531097817618648
          8.9620780812277303
          5.2210239319890412
          0.5566532340309562
         53.2823447225580082
         26.1076013371357902
          0.4600739973154995
          8.0679845019715088
          4.6018062353898310
          0.3569472571016611
         23.9245903797024688
         12.4723112728076195
          0.3170795384233387
          6.3400997046368568
          3.7433533265018029
          0.3984575180239855
         38.0533114600987261
         19.4843634013373581
          0.3187220806673406
         13.7471719135425641
          7.6652526753896133
          0.1722437834446212
         21.8227488039372055
         11.9893230192805689
          0.1702282811508506
          6.6224557680580185
          4.0131412026719229
          0.0740264641949696
         10.4737357075255773
          6.2833166243816088
          0.0714936134393760
         28.4299878057746191
         16.3676792169825269
          0.0781666694154757
      27107.1865597913711099
      10746.8208969217539561
          1.4367085055996165
          2.5087715704086180
          1.6807750221090572
          0.0225438999458450
          3.9421903367505013
          2.6321171740136382
          0.0210900483562821
         10.4780522330779657
          6.7745157122413540
          0.0217358579251074
       8851.8402999885856843
       3874.6229135976359430
          0.2676764526815196
          0.4314916583629043
          0.3358829322178996
          0.0022029896037397
          0.6684664064561422
          0.5244594198332556
          0.0019424101416353
          1.6992748745802464
          1.3194444507667180
          0.0017814368927705
       1089.4333176603145148
        592.4760783487334947
          0.0125381247881134
0
         10.6070551362130008
          1.9623695260332106
          7.3108529218893823
          1.4121507441552492
          5.0302944931862239
          1.0239334517847931
          3.0440369185363694
          0.6722690998512446
          1.4560514888167502
          0.3649938175384325
          0.5107344208886992
          0.1495911651777238
          0.0490271031925614
          0.0172816198751224
          0.0007204595696759
          0.0002354057067007
         12.4085179285985152
          5.9070318287022188
          0.3675225498426707
         35.5705283800917158
         15.4587716764263838
          0.3638480997199177
          9.7699071664518051
          5.0581731920797912
          0.4294324903748016
         56.0939280694381424
         24.1616528875281169
          0.4220835901292955
          8.8956450094036494
          4.3442623858102820
          0.2616889627698870
         25.7733351361042935
         11.3705121915756582
          0.2430757037090561
          6.8944087005070012
          3.6736126253551546
          0.3114055401005689
         40.6497889539082777
         17.7261122368859390
          0.2741790219789071
         15.1577484169769097
          6.8378256594810587
          0.1235965785741156
         23.9031426468585515
         10.6087373702672547
          0.1325923992826515
          7.5358903736710863
          3.4813457391638232
          0.0497620395782306
         11.8736340322007461
          5.3637766880973770
          0.0496753918173616
         31.6503161511886688
         13.9850506926095868
          0.0731326560226237
      26136.3020333182648756
      12034.6985444463261956
          8.3267066575031432
          2.9759814526338233
          1.4040212186495717
          0.0144662779698448
          4.6799957014707330
          2.1432018680356508
          0.0130595071254662
         12.2833339677626707
          5.4431854813700280
          0.0164921871774950
       8789.4253566634979506
       4090.1695603907264740
          1.4512029560170501
          0.5446563617601891
          0.2592790327651604
          0.0014423470471570
          0.8530486628426706
          0.3903610552005658
          0.0011020877841411
          2.1802604165683515
          0.9498630128460795
          0.0009887502160171
       1176.0084198462991480
        540.6571917523989441
          0.0492337479301885
1
         11.6468452237937541
          0.9044027187780441
          8.1537891652040226
          0.5231054224131177
          5.7177346695166449
          0.2863571622993550
          3.5655210640397828
          0.1167048168684190
          1.7915743299379576
          0.0263282291206163
          0.6733692569682405
          0.0024425202612649
          0.0726075552372521
          0.0000064200415317
          0.0011090757997323
          0.0000000000443860
         16.9640141527200754
          1.4101689427905562
          0.0034061104010824
         44.2881631241337601
          6.4360687310025675
          0.0095848299728495
         14.3052197054183985
          0.7863033438460857
          0.0023901790956531
         68.9535176482456933
         10.8381029202701082
          0.0147476182391872
         12.3600382759509859
          0.9186654126987577
          0.0017350093257303
         32.3859275294097202
          4.3839976071455302
          0.0048824660092203
         10.2996013316315818
          0.4968586205962884
          0.0012173796897158
         50.3513798385491143
          7.4275230094898328
          0.0075122930566959
         19.3292238910084215
          2.3025427322994232
          0.0015266080470530
         29.9710615611009565
          3.9399034401070061
          0.0023488334539401
          9.7860500683160314
          0.9666647213499723
          0.0003000096424380
         15.1147220588410693
          1.6746741037800261
          0.0004615789365729
         39.3943562716407101
          5.1932540030183176
          0.0011890588903655
      32403.1275591963349143
       6316.3101625840836277
          0.6069613552384128
          3.9476139810829109
          0.2954612641830450
          0.0000293864733403
          6.0662602853072150
          0.5192718299862192
          0.0000452102490127
         15.4966228954236005
          1.6418793750364575
          0.0001164410343228
      10972.1645639204871259
       2069.0417268146366041
          0.0593440926691520
          0.7436635175247830
          0.0313644269153951
          0.0000002826164070
          1.1350378726684542
          0.0561540834868748
          0.0000004347559364
          2.8110307333870148
          0.1821286195358391
          0.0000011192996327
       1495.5109745335112166
        241.9915543173635228
          0.0005689085003401
   0    7  0.980497  1.161402 -0.835546 
         -0.1048934976054759           0.0593052077721471          -0.0569929614257576
          0.0964269764860402          -0.0172787038986685          -0.0003749146956331
         -0.1522229013932224           0.1369796670078079           0.0898085586156767
          0.1330320320734039          -0.1039729081507042          -0.0785247329923093
         -0.1710363295937752           0.1560258935838647           0.1630815957579003
          0.1507463611351700          -0.1454560676626789          -0.1427369627321289
         -0.1691290542414731           0.1330455817302570           0.2056231837648457
          0.1475729356426768          -0.1639033183799522          -0.1896137682584604
         -0.1457948126502721           0.0794464208981434           0.2214252079503180
          0.1094398687672941          -0.1539156295184124          -0.1855065359093672
         -0.1096977663612825           0.0351239630977465           0.1913858711731399
          0.0498610584491625          -0.1097455310447561          -0.1201672245144357
         -0.0386557783060257           0.0058616793981623           0.0670162313123945
          0.0032187126385819          -0.0281628192434328          -0.0246227765799096
         -0.0017864670327473          -0.0001200839279353           0.0033818414112924
         -0.0000625974621270          -0.0008857986337631          -0.0006631051074146
         -1.1556433973602265           1.0467689112026211           1.3909282741246387
          0.7886058144368351          -1.0833729329474557          -1.1002779614849036
          0.1725248415506486          -0.1016471957530723          -0.1192281816641823
         -1.8231833399265163           1.6837825421299226           0.9285337944013615
          1.5115786261653552          -0.9714973457775697          -0.6444200147864043
          0.0423711993784662          -0.0354186824928761           0.0180176979769918
         -1.2888824628053017           1.0690569667338818           1.6565894079769621
          0.7388847036997184          -1.3144629784355528          -1.2229875680397404
          0.2643815376684234          -0.1393694610477921          -0.2234092730960870
         -2.6239623479378702           2.3430842285884861           0.7318004485304258
          2.1848303271567593          -1.0907118040957804          -0.3112716746427412
          0.0040742533240588          -0.0069124345273998           0.0510824861862612
         -0.9411001197241368           0.8327990815583016           1.2112216274456264
          0.6508103895108446          -0.9411063083250722          -0.9739466841400599
          0.1307245230924305          -0.0757020232885982          -0.0950068659134108
         -1.6030130758550687           1.5279654843637305           1.0411776334857614
          1.3437790885442200          -0.9870554989042020          -0.7655833102762446
          0.0341403969319060          -0.0323338538026177           0.0089331645360654
         -1.0093980506900646           0.8281652156311348           1.3947601860747003
          0.5648569789584493          -1.1035276825751750          -1.0213689566369226
          0.1991851906606990          -0.1027845685574634          -0.1723883375503507
         -2.3332239629519393           2.2184980212419889           1.0546721981549736
          1.9507943770252005          -1.1954260637334342          -0.6046422089092933
          0.0060169383396498          -0.0160482295855022           0.0354917233486018
         -1.2476228610151299           1.1881564477014204           0.9888902099562473
          1.0692914558045128          -0.8954125031018005          -0.8220643114518060
          0.0226388921857973          -0.0226850172843797           0.0008358524774979
         -1.8376421343517297           1.8016126767937695           1.1361364413847068
          1.5660196545481171          -1.1481472589400268          -0.8541793293229772
          0.0057679590412405          -0.0160170469636687           0.0183808650371275
         -0.8531315886645767           0.7545294961028938           0.7607870463050852
          0.7502544666741839          -0.6930374418608243          -0.7254174010453017
          0.0122088685363439          -0.0116380078824722          -0.0024970737629715
         -1.2654505988639115           1.1838759644620100           0.9123825456858715
          1.1135728678368926          -0.9178720702209393          -0.8710666336458656
          0.0037370438051505          -0.0092712624037436           0.0068828730964729
         -2.9624232624972922           3.2153531722491033           1.6760306415534370
          2.3205327236799063          -1.9020901000834811          -1.2286039254329717
         -0.0011185050998417          -0.0086236772153396           0.0092709811037236
      -3386.7719958473494444         581.0936772704208124        3778.5921528172984836
       2233.3240455954769459       -1483.5802397777149508          36.7560459418461321
          0.1336716440741581           2.8677157247665122          -3.0849410647887034
         -0.4857311626881707           0.3508571457288942           0.4633951395494454
          0.4340472719717652          -0.4328735929626898          -0.4939392822555366
          0.0048860587972092          -0.0039749557951362          -0.0022383128859760
         -0.7195338125422448           0.5668132427508857           0.5570987591272152
          0.6562525079987264          -0.5851110684443656          -0.6485516633389032
          0.0016648031009323          -0.0031672714247733           0.0014013757287847
         -1.6633141004162340           1.6170568222868407           0.9824751909816606
          1.4075927427505754          -1.2243900185583159          -1.1635946953006797
         -0.0004820087807289          -0.0036279384244698           0.0036644199290973
      -1537.6004114524323541         733.3604125596779113        1844.8597800428615301
        783.2518263579408995        -733.7688091149756247         117.2221100869857224
          0.0278291632342191           0.3466281337558677          -0.7658611776318897
         -0.1575372568435343           0.0575494838321509           0.1565929220400653
          0.1340110184911889          -0.1444593468890964          -0.1701664403297952
          0.0007578121192713          -0.0004377895844101          -0.0005740790582109
         -0.2287168382186836           0.0976795080569295           0.1849671978249981
          0.2085928941899160          -0.1994543632904945          -0.2401728096973381
          0.0003033348910873          -0.0002972839903836          -0.0000759298280830
         -0.5006622814980358           0.3047824824224860           0.2829914920980734
          0.4717493216790607          -0.4191258891903926          -0.5034725693088828
         -0.0000991785815341          -0.0002831812117854           0.0003993508928806
       -300.2301348761451436         243.1854746805655623         329.1580503215238309
        116.7464750950982051        -142.1345883284372462          -9.6807976464584726
          0.0035032001697806          -0.0012356895108809          -0.0397185191977508
   3
         -0.0351614630256777           0.0794736915207996           0.0344519160605159
          0.0000000000000000           0.0000000000000000           0.0000000000000000
         -0.1173061631728148           0.1081741482778653           0.0908056920061032
          0.0000000000000000           0.0000000000000000           0.0000000000000000
         -0.1829531108223185           0.1043572597948844           0.1204415529735993
          0.0000000000000000           0.0000000000000000           0.0000000000000000
         -0.2323998501585012           0.0801357783817352           0.1323069202933080
          0.0000000000000000           0.0000000000000000           0.0000000000000000
         -0.2333804691300386           0.0461646901909498           0.1212649153316081
          0.0000000000000000           0.0000000000000000           0.0000000000000000
         -0.1668961872431882           0.0204037797316469           0.0888257894949356
          0.0000000000000000           0.0000000000000000           0.0000000000000000
         -0.0439309678088991           0.0022708995182786           0.0288612123467164
          0.0000000000000000           0.0000000000000000           0.0000000000000000
         -0.0017341374659809          -0.0001340882450100           0.0016449911863392
          0.0000000000000000           0.0000000000000000           0.0000000000000000
         -1.7160252921202821           0.6204737066277761           0.8483287898959635
         -0.3100649168955035           0.2143396361772568           0.3238899175232448
          0.0000000000000000           0.0000000000000000           0.0000000000000000
         -1.1221408155969821           1.7351247293840002           1.3181810785129640
          0.2414745809515158          -0.3160787078984350          -0.3455376893527558
          0.0000000000000000           0.0000000000000000           0.0000000000000000
         -2.3560800983023205           0.5733565680236282           1.1948186666725709
         -0.3933773830912930           0.1720505820620740           0.2912335171305155
          0.0000000000000000           0.0000000000000000           0.0000000000000000
         -1.1683111452557218           2.8026586135360740           2.1345232439065667
          0.7097016126027456          -0.8887861060893094          -1.0476216966214853
          0.0000000000000000           0.0000000000000000           0.0000000000000000
         -1.4619883651221619           0.4980377420577209           0.7224570080890113
         -0.2488843541881320           0.1535763849370227           0.2526746447021915
          0.0000000000000000           0.0000000000000000           0.0000000000000000
         -1.1190869635605969           1.4372210099935629           1.2363374831917502
          0.1366982265684426          -0.2737361291732986          -0.2938134774204974
          0.0000000000000000           0.0000000000000000           0.0000000000000000
         -1.9250235316639381           0.4450916427386157           0.9766203066606922
         -0.3128484113370271           0.1214594822470113           0.2400187936729085
          0.0000000000000000           0.0000000000000000           0.0000000000000000
         -1.2392207285408103           2.3234581786103004           2.0043812568661687
          0.4583167501761224          -0.7331655459736307          -0.8529574505724690
          0.0000000000000000           0.0000000000000000           0.0000000000000000
         -1.0278374608241110           0.9890426531156707           1.0337379309241141
          0.0301659691129424          -0.2106807907030387          -0.2195236642907174
          0.0000000000000000           0.0000000000000000           0.0000000000000000
         -1.2216595626323763           1.5982195109535704           1.6813919019201382
          0.1891880059943752          -0.5288666848100766          -0.5964179512853863
          0.0000000000000000           0.0000000000000000           0.0000000000000000
         -0.8300556285419471           0.5472827519002768           0.7508269912519394
         -0.0279871261059867          -0.1418971040015778          -0.1430713494295901
          0.0000000000000000           0.0000000000000000           0.0000000000000000
         -1.0515784151295278           0.8809099558097482           1.2255923008411345
          0.0204385732962778          -0.3343481676257934          -0.3599795432016453
          0.0000000000000000           0.0000000000000000           0.0000000000000000
         -2.0510626750977483           2.6251954989410042           3.6412605008823831
          0.2812667468560434          -1.5066922099645035          -1.5360199943632142
          0.0000000000000000           0.0000000000000000           0.0000000000000000
      -1094.7027620871124327        4061.4794473854703938        4402.8612371298304424
       1250.5704447859213815       -3614.7915621635979733       -2817.4497430780029390
          0.0000000000000000           0.0000000000000000           0.0000000000000000
         -0.5553382252500499           0.2117966037133353           0.4507091880324594
         -0.0373841399453908          -0.0767590099726337          -0.0755164919927976
          0.0000000000000000           0.0000000000000000           0.0000000000000000
         -0.7457141050670032           0.3367969510989040           0.7364886451188080
         -0.0393556986141141          -0.1705754088659252          -0.1745602706748642
          0.0000000000000000           0.0000000000000000           0.0000000000000000
         -1.5567049681984804           1.0265202550395431           2.1384397511876805
         -0.0438276732752289          -0.7276515773119842          -0.6971089583252640
          0.0000000000000000           0.0000000000000000           0.0000000000000000
       -569.1487989975129267        1860.9856091545586878        2131.2726939665571990
        277.0778435715166665       -1581.8843888125759349       -1132.8329294084055618
          0.0000000000000000           0.0000000000000000           0.0000000000000000
         -0.2147030802881859           0.0176741630072966           0.1545733246769448
         -0.0149878670435742          -0.0198882386596929          -0.0198815077993233
          0.0000000000000000           0.0000000000000000           0.0000000000000000
         -0.3076687563422931           0.0256110480375149           0.2509430863918537
         -0.0226049977909797          -0.0413769092268774          -0.0410916390955705
          0.0000000000000000           0.0000000000000000           0.0000000000000000
         -0.6908870068483782           0.0912296137588847           0.6977142196196311
         -0.0594136164832809          -0.1641153432826329          -0.1491782288438380
          0.0000000000000000           0.0000000000000000           0.0000000000000000
       -188.5194076314253664         318.1291434626037926         483.2853652734151524
        -17.8260140958881763        -305.1867549459051361        -197.8816079539687962
          0.0000000000000000           0.0000000000000000           0.0000000000000000
   0
         -0.0000000000000000           0.0000000000000000           0.0000000000000000
          0.0000000000000000           0.0000000000000000           0.0000000000000000
          0.0000000000000000          -0.0000000000000000          -0.0000000000000000
          0.0000000000000000           0.0000000000000000           0.0000000000000000
          0.0000000000000000           0.0000000000000000          -0.0000000000000000
          0.0000000000000000           0.0000000000000000           0.0000000000000000
          0.0000000000000000           0.0000000000000000          -0.0000000000000000
          0.0000000000000000           0.0000000000000000           0.0000000000000000
          0.0000000000000000          -0.0000000000000000           0.0000000000000000
          0.0000000000000000           0.0000000000000000           0.0000000000000000
          0.0000000000000000           0.0000000000000000          -0.0000000000000000
          0.0000000000000000           0.0000000000000000           0.0000000000000000
          0.0000000000000000           0.0000000000000000           0.0000000000000000
          0.0000000000000000           0.0000000000000000           0.0000000000000000
         -0.0000000000000000           0.0000000000000000          -0.0000000000000000
          0.0000000000000000           0.0000000000000000           0.0000000000000000
          0.0010092123924061          -0.0033681196665125          -0.0727195176263477
          0.0248000087209399           0.0094527142370383           0.0518764649717268
          0.0000000000000000           0.0000000000000000           0.0000000000000000
         -0.2553919773518042           0.1952878390273769           0.1848605756550474
          0.1900960322081751          -0.1465185924829864          -0.1530869486589171
          0.0000000000000000           0.0000000000000000           0.0000000000000000
         -0.0199240112212951          -0.0270530158976598          -0.0467036687364116
          0.0124532702148166           0.0119465555685236           0.0183575012858723
          0.0000000000000000           0.0000000000000000           0.0000000000000000
         -0.5327263907097174           0.3702589014901193           0.4684565178263782
          0.3430453171892869          -0.2999960578715256          -0.3915693259754158
          0.0000000000000000           0.0000000000000000           0.0000000000000000
          0.0025618227017184           0.0037464244977211          -0.0490868204633248
          0.0198870395093615           0.0031411772463060           0.0383375768696090
          0.0000000000000000           0.0000000000000000           0.0000000000000000
         -0.1965013834417424           0.1426965467349833           0.1481627335036951
          0.1449778805149751          -0.1111770543375216          -0.1244112782469543
          0.0000000000000000           0.0000000000000000           0.0000000000000000
         -0.0115274368072284          -0.0125629714201111          -0.0273056815451030
          0.0099383734508002           0.0040106382885196           0.0173077939418753
          0.0000000000000000           0.0000000000000000           0.0000000000000000
         -0.4096538490941501           0.2653372730544138           0.3671934263889358
          0.2601200554620275          -0.2246258248791358          -0.3081899162912512
          0.0000000000000000           0.0000000000000000           0.0000000000000000
         -0.1243145629758185           0.0838284526437032           0.0990421916255307
          0.0903427813764444          -0.0676510838909653          -0.0840199558198377
          0.0000000000000000           0.0000000000000000           0.0000000000000000
         -0.2594475941351927           0.1526744639843928           0.2407286799182556
          0.1609104943365343          -0.1356221764915553          -0.1991721515147145
          0.0000000000000000           0.0000000000000000           0.0000000000000000
         -0.0658119269996699           0.0412815012031597           0.0554947768150207
          0.0462505932114182          -0.0330780084905066          -0.0462296821263746
          0.0000000000000000           0.0000000000000000           0.0000000000000000
         -0.1375786509088655           0.0745464608719288           0.1333401866598689
          0.0818128665958400          -0.0667338810824805          -0.1046151715670835
          0.0000000000000000           0.0000000000000000           0.0000000000000000
         -0.5923702710264600           0.2659628655952757           0.6735764198425132
          0.2674230869917196          -0.2778379935374104          -0.4569010549919579
          0.0000000000000000           0.0000000000000000           0.0000000000000000
      -3013.9106758972411626        1060.4684379473858371        3045.8864927838931180
        436.1495847523130465        -872.8925451548882393       -1107.3943466978762444
          0.0000000000000000           0.0000000000000000           0.0000000000000000
         -0.0273509207632092           0.0162566930077999           0.0241373800088963
          0.0176305895005118          -0.0117965103540715          -0.0186480135221953
          0.0000000000000000           0.0000000000000000           0.0000000000000000
         -0.0570424203214616           0.0296734110037732           0.0572697982428072
          0.0309811227413949          -0.0243226260351568          -0.0402166434605772
          0.0000000000000000           0.0000000000000000           0.0000000000000000
         -0.2440434799382994           0.1085094641061848           0.2835276807718976
          0.0987390799775514          -0.1030359996796611          -0.1666658703799939
          0.0000000000000000           0.0000000000000000           0.0000000000000000
      -1190.1322859035869897         405.5379965785883769        1193.0608429461290143
        134.3992469882111607        -308.3250790474846781        -372.6616705914167937
          0.0000000000000000           0.0000000000000000           0.0000000000000000
         -0.0051290736530058           0.0029257943892193           0.0044630327694083
          0.0025149546396800          -0.0015246194389641          -0.0027747616859997
          0.0000000000000000           0.0000000000000000           0.0000000000000000
         -0.0105175357772362           0.0054963931354499           0.0102083045274250
          0.0043744210158646          -0.0032726538312537          -0.0056336764144671
          0.0000000000000000           0.0000000000000000           0.0000000000000000
         -0.0438520223727196           0.0204138054297505           0.0478470501684921
          0.0134319158706341          -0.0142357007192655          -0.0218325585602822
          0.0000000000000000           0.0000000000000000           0.0000000000000000
       -189.9552476900560407          61.0023138525165365         177.9227750767003329
         13.4461711774842794         -40.3028556863293232         -43.9698221332194237
          0.0000000000000000           0.0000000000000000           0.0000000000000000
   1
         -0.0809375982918919           0.0004650054044934          -0.0023321193996464
          0.0000000000000000           0.0000000000000000           0.0000000000000000
         -0.0465966776841982           0.0294247965916945           0.0238545836369797
          0.0000000000000000           0.0000000000000000           0.0000000000000000
          0.0030876720055343           0.0347548763719688           0.0195902026529061
          0.0000000000000000           0.0000000000000000           0.0000000000000000
          0.0556177310072482           0.0208544619103371          -0.0021620507976925
          0.0000000000000000           0.0000000000000000           0.0000000000000000
          0.0769306025092638          -0.0043366299259126          -0.0248714930893564
          0.0000000000000000           0.0000000000000000           0.0000000000000000
          0.0480827740364549          -0.0134652812296631          -0.0237485488157213
          0.0000000000000000           0.0000000000000000           0.0000000000000000
          0.0054396250597534          -0.0025095858596613          -0.0037079323567594
          0.0000000000000000           0.0000000000000000           0.0000000000000000
          0.0000321587721934          -0.0000166630975531          -0.0000246609637807
          0.0000000000000000           0.0000000000000000           0.0000000000000000
          0.3206674861682527           0.1360903867414393          -0.0681251122109949
          0.0490128734711958           0.1174882083652461           0.1316596176228426
          0.0000000000000000           0.0000000000000000           0.0000000000000000
         -1.4753414589784062           0.9597181705036643           1.0036306858421027
          0.4244011582540814          -0.4903637472646547          -0.4819155484992380
          0.0000000000000000           0.0000000000000000           0.0000000000000000
          0.7662152215286114          -0.1225808650481229          -0.3428582128319306
         -0.0266766348348861           0.2163239139150502           0.2203243914437991
          0.0000000000000000           0.0000000000000000           0.0000000000000000
         -2.8258026687647027           1.5246747024763230           1.8006533832742628
          0.7240999347308852          -0.9993799973447518          -1.0068259408003624
          0.0000000000000000           0.0000000000000000           0.0000000000000000
          0.2938244770229425           0.1228901837525037          -0.0387386896800148
          0.0772226889072769           0.0612898970750223           0.0673416363519951
          0.0000000000000000           0.0000000000000000           0.0000000000000000
         -1.1024618123425491           0.8720315796664013           0.9150167853064178
          0.4099801252308662          -0.4332888486242441          -0.4616750140279945
          0.0000000000000000           0.0000000000000000           0.0000000000000000
          0.6228544476683610          -0.0958415916160132          -0.2507846169012925
          0.0001429804348569           0.1340703334716163           0.1460932711589043
          0.0000000000000000           0.0000000000000000           0.0000000000000000
         -2.1697181310626261           1.4024412002117856           1.6567263330715711
          0.6656578530820361          -0.8550871579269165          -0.9119400296010750
          0.0000000000000000           0.0000000000000000           0.0000000000000000
         -0.6408009655305285           0.6824786673169446           0.7156999672965217
          0.3672884581654975          -0.3443504703140676          -0.4063719805340772
          0.0000000000000000           0.0000000000000000           0.0000000000000000
         -1.3282735759216042           1.1170126886488796           1.3160032152187220
          0.5658382258121383          -0.6507442305674249          -0.7494558040819160
          0.0000000000000000           0.0000000000000000           0.0000000000000000
         -0.2752390946286384           0.4386659475725831           0.4633316228993116
          0.2906580615104454          -0.2432893056130481          -0.3136501811150209
          0.0000000000000000           0.0000000000000000           0.0000000000000000
         -0.6285724038923647           0.7329364625741001           0.8693946055866068
          0.4317823447854615          -0.4402575467918099          -0.5449150701004766
          0.0000000000000000           0.0000000000000000           0.0000000000000000
         -2.4249320211008052           1.9195150879589309           2.9456133721561275
          0.9005043055510520          -1.4690252102222121          -1.6362077827403825
          0.0000000000000000           0.0000000000000000           0.0000000000000000
      -4825.0034530301818450       -1042.8246782154349148        3275.2401336854190959
        156.4699195949645798       -2815.0997356010661861       -2432.2799595762780882
          0.0000000000000000           0.0000000000000000           0.0000000000000000
         -0.0615202018499025           0.2087205557812971           0.2295758055230760
          0.1871880844053993          -0.1427721530331009          -0.1965084181002583
          0.0000000000000000           0.0000000000000000           0.0000000000000000
         -0.1877815782659026           0.3581488860958821           0.4421329549039853
          0.2724561197925670          -0.2481734065031276          -0.3255651210879406
          0.0000000000000000           0.0000000000000000           0.0000000000000000
         -0.8713095011423315           0.9967315741029215           1.5366593793799594
          0.5494597168203086          -0.7779286668990241          -0.9032349264122572
          0.0000000000000000           0.0000000000000000           0.0000000000000000
      -2055.1326573044134420        -147.3575739895073298        1682.7181362830342550
        -38.7081933344120230       -1174.5675826438873628        -928.5700740954947605
          0.0000000000000000           0.0000000000000000           0.0000000000000000
          0.0131341464553791           0.0379738545811474           0.0503568199687482
          0.0635195645685699          -0.0454753381597305          -0.0652070443516013
          0.0000000000000000           0.0000000000000000           0.0000000000000000
          0.0022450268834069           0.0691795888627249           0.1015065407539555
          0.0917578886699400          -0.0759213233593280          -0.1037694130004368
          0.0000000000000000           0.0000000000000000           0.0000000000000000
         -0.0763425214463658           0.2129252621935094           0.3674681443766679
          0.1854756037898283          -0.2197724743299326          -0.2671707040726753
          0.0000000000000000           0.0000000000000000           0.0000000000000000
       -341.0988615848530685          50.5098734959175886         394.8251025911401371
        -18.6782168906406234        -209.1035797923975110        -154.4354704179720557
          0.0000000000000000           0.0000000000000000           0.0000000000000000
   2
         -0.0181743139641955           0.0235853931827118           0.0451889646600352
          0.0000000000000000           0.0000000000000000           0.0000000000000000
         -0.1148522195738327           0.1064985913119078           0.1118478702548741
          0.0000000000000000           0.0000000000000000           0.0000000000000000
         -0.1843273708910154           0.1506667215183899           0.1290528590115489
          0.0000000000000000           0.0000000000000000           0.0000000000000000
         -0.2333659154249418           0.1652188948387016           0.1179570002207923
          0.0000000000000000           0.0000000000000000           0.0000000000000000
         -0.2346608205617823           0.1347051760399716           0.0858228292494953
          0.0000000000000000           0.0000000000000000           0.0000000000000000
         -0.1719367357181581           0.0701962158259245           0.0481555191992613
          0.0000000000000000           0.0000000000000000           0.0000000000000000
         -0.0486083539529726           0.0065849082379677           0.0092335202184164
          0.0000000000000000           0.0000000000000000           0.0000000000000000
         -0.0020970137753156          -0.0002192124203260           0.0002414510864405
          0.0000000000000000           0.0000000000000000           0.0000000000000000
         -1.7298131065489175           1.2126220785366728           0.7687928529213719
         -0.2949759114567921           0.2753921232974237           0.2920869947470362
          0.0000000000000000           0.0000000000000000           0.0000000000000000
         -1.1582784802042418           1.3242152598819334           1.6904830543134097
          0.2595358484062660          -0.2649790043175618          -0.2415081651876181
          0.0000000000000000           0.0000000000000000           0.0000000000000000
         -2.4252263921881623           1.3481140517901062           0.8688434083677450
         -0.3284637422853857           0.2841142632723799           0.2467591207348497
          0.0000000000000000           0.0000000000000000           0.0000000000000000
         -1.2821571394988054           1.5713004144806317           2.7122238111518153
          0.7805597774407304          -0.7966279919575908          -0.8204311991344583
          0.0000000000000000           0.0000000000000000           0.0000000000000000
         -1.4658591590798675           1.0381370062852127           0.6390475011980574
         -0.2352777338945167           0.2064394721948625           0.2156553215043435
          0.0000000000000000           0.0000000000000000           0.0000000000000000
         -1.1798248673862084           1.2476720872470313           1.5201428227958727
          0.1616724302591620          -0.1958316530219125          -0.2125003451141224
          0.0000000000000000           0.0000000000000000           0.0000000000000000
         -1.9604992918229223           1.1171711683222234           0.6975867932270704
         -0.2587509160977634           0.2058026571410619           0.1870528868890580
          0.0000000000000000           0.0000000000000000           0.0000000000000000
         -1.3884307084356073           1.5362413302458575           2.4597774364227014
          0.5351494122095941          -0.5987395932924877          -0.6692584463478738
          0.0000000000000000           0.0000000000000000           0.0000000000000000
         -1.0892051936114977           1.0401303588761588           1.1811147451006676
          0.0600486555126426          -0.1260777470315592          -0.1699853540392608
          0.0000000000000000           0.0000000000000000           0.0000000000000000
         -1.3588899778133394           1.3339150914180558           1.9277505420821368
          0.2656464421831315          -0.3856489670465147          -0.4776598178715401
          0.0000000000000000           0.0000000000000000           0.0000000000000000
         -0.8677386614304989           0.7388425580541480           0.7744606357652279
         -0.0023672093034643          -0.0799593449777067          -0.1214230246001923
          0.0000000000000000           0.0000000000000000           0.0000000000000000
         -1.1323843827371292           0.9838880932406834           1.2709672597825585
          0.0808206182191437          -0.2308844122763483          -0.3026852123038743
          0.0000000000000000           0.0000000000000000           0.0000000000000000
         -2.0940602355709692           2.1130284297299551           3.9143779297933552
          0.5298270386828443          -1.0944485362776106          -1.3049731369849265
          0.0000000000000000           0.0000000000000000           0.0000000000000000
       -937.9677148313672888        -314.9719129471467909        7802.2740761881959770
        721.5456070960896113       -1175.0738187678832674       -1902.5397723731925907
          0.0000000000000000           0.0000000000000000           0.0000000000000000
         -0.5662292390829536           0.4165064568354669           0.4029513438108410
         -0.0246484038641957          -0.0499662715734145          -0.0718556275482410
          0.0000000000000000           0.0000000000000000           0.0000000000000000
         -0.7670360410951587           0.5766515881998255           0.6623054250463218
         -0.0083425462003080          -0.1271144562357485          -0.1602235145054157
          0.0000000000000000           0.0000000000000000           0.0000000000000000
         -1.5020781226862825           1.3040601765112665           2.0234242329832637
          0.0943599442931770          -0.5568545389872966          -0.6277583301875047
          0.0000000000000000           0.0000000000000000           0.0000000000000000
       -520.7046450131432493          92.6395674635089676        3546.6555823737612627
        199.0622013183040906        -513.5088592633595681        -678.7344860743947947
          0.0000000000000000           0.0000000000000000           0.0000000000000000
         -0.2121659774574955           0.1165598687246235           0.1056220275706422
         -0.0163814612199599          -0.0207875052099004          -0.0229910291943565
          0.0000000000000000           0.0000000000000000           0.0000000000000000
         -0.2995504363866432           0.1708609309670674           0.1731083921209560
         -0.0219318651787650          -0.0440222835551527          -0.0456593831232964
          0.0000000000000000           0.0000000000000000           0.0000000000000000
         -0.6199554701092286           0.4145403053655151           0.5158047815822978
         -0.0403975405729084          -0.1658662096258653          -0.1594145527511320
          0.0000000000000000           0.0000000000000000           0.0000000000000000
       -133.2611005436905884         103.1556658588754658         697.4341608920434510
          6.0059430529115891        -125.3511588258801481        -118.3917995130393024
          0.0000000000000000           0.0000000000000000           0.0000000000000000
   4
          0.0676148531332119          -0.0185567188071415          -0.0475048104708421
          0.0000000000000000           0.0000000000000000           0.0000000000000000
          0.0916971802800203          -0.0538527789123333          -0.0621143590031156
          0.0000000000000000           0.0000000000000000           0.0000000000000000
          0.0975619452308738          -0.0765051097884604          -0.0682153630839580
          0.0000000000000000           0.0000000000000000           0.0000000000000000
          0.0909660397788900          -0.0883634851314863          -0.0630075834274262
          0.0000000000000000           0.0000000000000000           0.0000000000000000
          0.0689451839396610          -0.0777913864704124          -0.0414307655086463
          0.0000000000000000           0.0000000000000000           0.0000000000000000
          0.0359800928165859          -0.0439543090283222          -0.0153749602571057
          0.0000000000000000           0.0000000000000000           0.0000000000000000
          0.0041315009800227          -0.0053479147207552          -0.0006084531322338
          0.0000000000000000           0.0000000000000000           0.0000000000000000
          0.0000249500476815          -0.0000334120926477           0.0000024461260214
          0.0000000000000000           0.0000000000000000           0.0000000000000000
          0.6462209742139701          -0.6064133881703686          -0.5706658775891376
          0.1168857206801104          -0.0582834226458335           0.0762664442791916
          0.0000000000000000           0.0000000000000000           0.0000000000000000
          0.2585870886919679           0.2010161205784758           0.0607820966646518
          0.7870798207591415          -0.6971897993771382          -0.7528771488062727
          0.0000000000000000           0.0000000000000000           0.0000000000000000
          0.7774777729844977          -0.9159328227231618          -0.6199286108572701
          0.1040263796362015          -0.0224912227358577           0.0752204761080114
          0.0000000000000000           0.0000000000000000           0.0000000000000000
          0.0022100019404941           0.6989261947745219           0.6429673376503076
          1.4444145797942638          -1.3003039761984672          -1.5830667100629177
          0.0000000000000000           0.0000000000000000           0.0000000000000000
          0.4937359537306516          -0.4690954019703322          -0.4227745068805582
          0.1078999414680268          -0.0749833914562113           0.0446260806200351
          0.0000000000000000           0.0000000000000000           0.0000000000000000
          0.2562931900036383           0.0943239263740340           0.0440110772500135
          0.6654990331938310          -0.6424225956771437          -0.6859325487688627
          0.0000000000000000           0.0000000000000000           0.0000000000000000
          0.5830397135771397          -0.6886376854457897          -0.4418879399021137
          0.0831591092568650          -0.0384332779022438           0.0692155457491229
          0.0000000000000000           0.0000000000000000           0.0000000000000000
          0.1081541861231142           0.4382009712429412           0.4916832283590275
          1.1983572927084736          -1.1733116863441082          -1.3919017130286719
          0.0000000000000000           0.0000000000000000           0.0000000000000000
          0.2383106326360549          -0.0077235471932860           0.0236505914888580
          0.4818222463633031          -0.5373653148350663          -0.5597835156733028
          0.0000000000000000           0.0000000000000000           0.0000000000000000
          0.2010720300035947           0.1715752710511675           0.3116232870777217
          0.8448494991604778          -0.9599867599306812          -1.0863203269612312
          0.0000000000000000           0.0000000000000000           0.0000000000000000
          0.2003105979633518          -0.0599501141012910           0.0118589499990557
          0.2943858204128872          -0.3962966310306328          -0.3975592646360149
          0.0000000000000000           0.0000000000000000           0.0000000000000000
          0.2303565206399187           0.0068225976073692           0.1723170508363819
          0.5009874732487786          -0.6964528672154847          -0.7401609446622449
          0.0000000000000000           0.0000000000000000           0.0000000000000000
          0.1529916530479540           0.4034555242544675           1.2783348609749925
          1.4443093934582600          -2.1332589022991688          -2.3829672931739134
          0.0000000000000000           0.0000000000000000           0.0000000000000000
      -3576.3085494369770458        -120.8698548626014713        3999.4291851242851408
       1215.4366259050884764       -1288.7053865759141900       -1925.1664093062513530
          0.0000000000000000           0.0000000000000000           0.0000000000000000
          0.1416612040204494          -0.0648915703494334           0.0083634302250647
          0.1406867739000499          -0.2389963523018657          -0.2279436593150732
          0.0000000000000000           0.0000000000000000           0.0000000000000000
          0.1918083082249837          -0.0564120353248770           0.0824576618358360
          0.2313634637716715          -0.4149575804347894          -0.4092028476232335
          0.0000000000000000           0.0000000000000000           0.0000000000000000
          0.3097008016130341           0.0534916342103075           0.5989603887111834
          0.6248281894088402          -1.2454371191265550          -1.2560014596785190
          0.0000000000000000           0.0000000000000000           0.0000000000000000
      -1351.2351282878321399          33.4295068292894797        1695.1028156454449345
        389.3438748007762342        -707.6167152150048878        -827.2862247400698834
          0.0000000000000000           0.0000000000000000           0.0000000000000000
          0.0561920570147360          -0.0315942783807550           0.0052220496633598
          0.0317306256370089          -0.0755192596386926          -0.0665566901277894
          0.0000000000000000           0.0000000000000000           0.0000000000000000
          0.0842984621528114          -0.0394731337123189           0.0232148991140039
          0.0497683741688338          -0.1294086006097707          -0.1152364427013077
          0.0000000000000000           0.0000000000000000           0.0000000000000000
          0.1845950209530768          -0.0497651307783340           0.1442995457577083
          0.1216285409213828          -0.3788159066526673          -0.3373780262573640
          0.0000000000000000           0.0000000000000000           0.0000000000000000
       -164.9181675595523302          31.3898830455447317         323.3744986449191856
         34.5748378033109418        -204.6382362361499645        -179.8125620445827906
          0.0000000000000000           0.0000000000000000           0.0000000000000000
   5
         -0.0382349754569227          -0.0256621635287160          -0.0867969122758202
          0.0000000000000000           0.0000000000000000           0.0000000000000000
          0.0348349787576029          -0.0532650902613264          -0.0745852282791645
          0.0000000000000000           0.0000000000000000           0.0000000000000000
          0.0955945348831508          -0.0572478543129180          -0.0377876557961961
          0.0000000000000000           0.0000000000000000           0.0000000000000000
          0.1500529405558317          -0.0448000682690306           0.0205288974758640
          0.0000000000000000           0.0000000000000000           0.0000000000000000
          0.1763706905926241          -0.0192954289364530           0.0806397219672172
          0.0000000000000000           0.0000000000000000           0.0000000000000000
          0.1450722897470229           0.0019435577981603           0.0935280715517701
          0.0000000000000000           0.0000000000000000           0.0000000000000000
          0.0443124174160698           0.0048633722223324           0.0332378842362548
          0.0000000000000000           0.0000000000000000           0.0000000000000000
          0.0019875753886742           0.0002832919276015           0.0015176139762720
          0.0000000000000000           0.0000000000000000           0.0000000000000000
          1.0637012697994774          -0.2388257307636800          -0.1272005992241727
          0.2294871382853326          -0.0465835079157923           0.2430965798314378
          0.0000000000000000           0.0000000000000000           0.0000000000000000
         -0.7908483750389165          -0.0748381460156906          -0.3974238901028575
          0.5824520872177289          -0.6515461788995884          -0.8886484947419844
          0.0000000000000000           0.0000000000000000           0.0000000000000000
          1.5839714297665881          -0.2722635509443345           0.1610011496850286
          0.3619846286119086          -0.0687681953839575           0.4103014277583526
          0.0000000000000000           0.0000000000000000           0.0000000000000000
         -2.1251278599102026           0.0557116185516465          -0.3794454320723368
          1.0679145264767018          -1.2786935373515502          -1.8531887213884919
          0.0000000000000000           0.0000000000000000           0.0000000000000000
          0.9056149922005773          -0.1454199431877091          -0.0061662610564367
          0.2189377591211762          -0.0525516680819930           0.2002769016916850
          0.0000000000000000           0.0000000000000000           0.0000000000000000
         -0.5145342758848076          -0.1207120296070642          -0.2036106113917129
          0.5359764413645953          -0.5686173983101613          -0.7801094925777319
          0.0000000000000000           0.0000000000000000           0.0000000000000000
          1.2952324048717476          -0.1428337129033229           0.2304560933043882
          0.3104308199529394          -0.0728087192477270           0.3595867165661029
          0.0000000000000000           0.0000000000000000           0.0000000000000000
         -1.5450661312990255          -0.0934178857420312          -0.1644326073661646
          0.9445081844397770          -1.1049401797040643          -1.6011860719727318
          0.0000000000000000           0.0000000000000000           0.0000000000000000
         -0.2292943361110630          -0.1459691006318219           0.0234417462001178
          0.4406971090886784          -0.4348653831695867          -0.6037083365029070
          0.0000000000000000           0.0000000000000000           0.0000000000000000
         -0.8987894051090523          -0.2025722815091618           0.1094822461047939
          0.7386619439998182          -0.8378841166662521          -1.2130011382607377
          0.0000000000000000           0.0000000000000000           0.0000000000000000
         -0.0527603859788144          -0.1346217958863213           0.1746616331752556
          0.3144018183984639          -0.2874427506460129          -0.4034521091624783
          0.0000000000000000           0.0000000000000000           0.0000000000000000
         -0.4290739594410908          -0.2178940424303734           0.3021097223197978
          0.5012551430471814          -0.5517758133395793          -0.7934316643053054
          0.0000000000000000           0.0000000000000000           0.0000000000000000
         -2.6085881064503003          -0.3544469707609471           1.1826645850941193
          1.3386370613719849          -2.1404640154124039          -2.6583865334733940
          0.0000000000000000           0.0000000000000000           0.0000000000000000
      -5621.8445105348346260        2354.0209771071499745        3324.3375582481558013
       1523.3437598485872968       -4142.1328654460558027       -2765.0722049861665255
          0.0000000000000000           0.0000000000000000           0.0000000000000000
          0.0196306323079320          -0.0969554743865044           0.2117935167563381
          0.1824026763245407          -0.1533615465819189          -0.2149361096095188
          0.0000000000000000           0.0000000000000000           0.0000000000000000
         -0.1518975583631624          -0.1647130063969359           0.3429099406218525
          0.2761106552104293          -0.2943033618069847          -0.4143202181050003
          0.0000000000000000           0.0000000000000000           0.0000000000000000
         -1.2121472285706436          -0.3679509931878983           1.0512078312546442
          0.6637788985886605          -1.1008909123081383          -1.3495520912672663
          0.0000000000000000           0.0000000000000000           0.0000000000000000
      -2619.9159025551525701         798.0087362360600309        1527.7451324994365223
        573.5450075944590935       -1774.7863094683134477       -1189.4077398154529419
          0.0000000000000000           0.0000000000000000           0.0000000000000000
          0.0234305612937658          -0.0387546418350954           0.1222971558199899
          0.0567022567617042          -0.0412835930132346          -0.0550676533001442
          0.0000000000000000           0.0000000000000000           0.0000000000000000
         -0.0128238114742002          -0.0664375404184069           0.1959746983140367
          0.0800976093730304          -0.0793002960781621          -0.1042648436931200
          0.0000000000000000           0.0000000000000000           0.0000000000000000
         -0.2676053231446251          -0.1730799526258515           0.5368071745116330
          0.1637668353286576          -0.2839615854464848          -0.3308734867600434
          0.0000000000000000           0.0000000000000000           0.0000000000000000
       -606.6009543283793164          72.0712837372344097         371.5435830857279598
         78.7210697701633819        -344.0681325724148110        -235.6689979662641861
          0.0000000000000000           0.0000000000000000           0.0000000000000000
   6
          0.0964269764860402          -0.0172787038986685          -0.0003749146956331
          0.0000000000000000           0.0000000000000000           0.0000000000000000
          0.1330320320734039          -0.1039729081507042          -0.0785247329923093
          0.0000000000000000           0.0000000000000000           0.0000000000000000
          0.1507463611351700          -0.1454560676626789          -0.1427369627321289
          0.0000000000000000           0.0000000000000000           0.0000000000000000
          0.1475729356426768          -0.1639033183799521          -0.1896137682584604
          0.0000000000000000           0.0000000000000000           0.0000000000000000
          0.1094398687672941          -0.1539156295184124          -0.1855065359093672
          0.0000000000000000           0.0000000000000000           0.0000000000000000
          0.0498610584491625          -0.1097455310447561          -0.1201672245144357
          0.0000000000000000           0.0000000000000000           0.0000000000000000
          0.0032187126385819          -0.0281628192434328          -0.0246227765799096
          0.0000000000000000           0.0000000000000000           0.0000000000000000
         -0.0000625974621270          -0.0008857986337631          -0.0006631051074146
          0.0000000000000000           0.0000000000000000           0.0000000000000000
          1.2610161616213158          -1.2659021366631338          -1.5210278134772912
          0.0218031807319014          -0.0251776157049650          -0.0005521867220449
          0.0000000000000000           0.0000000000000000           0.0000000000000000
          1.0391682789808765          -0.7889681420618906          -0.2236701627940143
          0.4079889011263281          -0.2489541407869317          -0.2018687806523360
          0.0000000000000000           0.0000000000000000           0.0000000000000000
          1.4945566042571494          -1.6351399545377385          -1.9440551707601577
          0.0052964878891449          -0.0153404904121668          -0.0418851659775496
          0.0000000000000000           0.0000000000000000           0.0000000000000000
          1.0508608389762752          -0.6812719653352520           0.6506601306063950
          0.7776679286779985          -0.4628935405761003          -0.4445183538381320
          0.0000000000000000           0.0000000000000000           0.0000000000000000
          0.9986280932328555          -1.0470118180595052          -1.2865145685726991
          0.0176647577929044          -0.0229780153195192          -0.0012990397161217
          0.0000000000000000           0.0000000000000000           0.0000000000000000
          0.9959613848222079          -0.8811499891697684          -0.4530154258436058
          0.3120650822557685          -0.1930937388629125          -0.1708483630385691
          0.0000000000000000           0.0000000000000000           0.0000000000000000
          1.1214531856371857          -1.2936039157385002          -1.5394592045530644
          0.0039681633656236          -0.0144524935406468          -0.0260495138535474
          0.0000000000000000           0.0000000000000000           0.0000000000000000
          1.1161197688158859          -0.9618802579590270           0.1275390809051213
          0.5927688122913518          -0.3546839406274333          -0.3651481604984421
          0.0000000000000000           0.0000000000000000           0.0000000000000000
          0.8611579285754182          -0.8601220176436273          -0.6255876521885319
          0.1951126580531077          -0.1195104794932281          -0.1222785322470660
          0.0000000000000000           0.0000000000000000           0.0000000000000000
          1.0654165290773621          -1.0725632813064687          -0.3700688246619720
          0.3690201508026381          -0.2171414280569770          -0.2520179229804558
          0.0000000000000000           0.0000000000000000           0.0000000000000000
          0.6438405197294653          -0.6919613681924891          -0.6129358771285009
          0.1001051819605574          -0.0584227369373067          -0.0716913303782149
          0.0000000000000000           0.0000000000000000           0.0000000000000000
          0.8551205662701538          -0.9146050533266910          -0.5732070918720460
          0.1885648173998291          -0.1056530282129847          -0.1430530600921115
          0.0000000000000000           0.0000000000000000           0.0000000000000000
          1.4209562105042743          -1.8458005101560253           0.3268776801560780
          0.6660438480644149          -0.3657164990715446          -0.5665868001873162
          0.0000000000000000           0.0000000000000000           0.0000000000000000
       -164.9864646025747277       -1093.8991841279391792        5425.6883629080075480
       1031.0037324717923184        -863.4421064026211070       -1299.2681411356409171
          0.0000000000000000           0.0000000000000000           0.0000000000000000
          0.3877609385601430          -0.4380221235683753          -0.4362869663248203
          0.0381729228372032          -0.0203965498561503          -0.0308984271101305
          0.0000000000000000           0.0000000000000000           0.0000000000000000
          0.5410662481158602          -0.5921435179719303          -0.4839199581459527
          0.0716076700870996          -0.0369503001780874          -0.0599795688682193
          0.0000000000000000           0.0000000000000000           0.0000000000000000
          0.9983207691793402          -1.2228090029464853          -0.3238383596392133
          0.2504485174326592          -0.1275265316853794          -0.2246992147500595
          0.0000000000000000           0.0000000000000000           0.0000000000000000
       -138.8777676649257558        -755.4566237692511095        2158.1233637961031491
        372.1713913692482265        -285.3387701303586255        -449.8983609562954484
          0.0000000000000000           0.0000000000000000           0.0000000000000000
          0.1216496693937205          -0.1446228384090180          -0.1525274603451868
          0.0054344588246674          -0.0025013838160715          -0.0049720488298506
          0.0000000000000000           0.0000000000000000           0.0000000000000000
          0.1763489436777393          -0.1963023520652597          -0.1868301172102766
          0.0101214227596105          -0.0045701873957847          -0.0093819148287231
          0.0000000000000000           0.0000000000000000           0.0000000000000000
          0.3506726510979139          -0.3964965929362141          -0.2451646470333871
          0.0348421925119276          -0.0157642805837902          -0.0332239786338819
          0.0000000000000000           0.0000000000000000           0.0000000000000000
        -60.0358506569758958        -193.2137372536936368         335.4865461089998462
         48.6661230272934375         -32.3745063550467904         -56.3903565394460458
          0.0000000000000000           0.0000000000000000           0.0000000000000000
