1  82   7   1   7   -25.032801   0.000000
  0 
./DATA/2947/114/M026/
0
          9.6805015030414090
          1.8199251278979607
          6.6663110683748190
          1.2742928163378089
          4.6075842824522732
          0.8919255077765866
          2.8308326363892453
          0.5521713352978534
          1.4057655165293819
          0.2704483611601346
          0.5274414416771115
          0.0944357787894314
          0.0580258286131855
          0.0075935684926140
          0.0009447511284943
          0.0000543978206926
         10.2622142428382368
          4.8173402984658074
          0.1838190105183426
         28.9376054243698562
         12.8260691561644364
          0.1288915381234310
          8.5744390568212054
          3.8648842184202765
          0.2390245677301510
         45.9252214198845010
         19.8823419338175142
          0.1291696229403278
          7.3904132156872206
          3.5153583712789955
          0.1180474227067514
         20.9989283971637555
          9.3135063984370188
          0.0773791418145415
          6.0847294767427398
          2.7984033644560684
          0.1567226886852608
         33.3017598396957908
         14.3946994187721273
          0.0753861269008409
         12.4062284715265818
          5.4923183249573180
          0.0327244283207946
         19.6347183482758680
          8.4460549349856091
          0.0302725102483558
          6.2259885138643076
          2.7363512109443247
          0.0101944603947438
          9.8143544735853503
          4.1805110138800821
          0.0087224595939353
         26.2394441080078273
         10.6842425534954923
          0.0098400909647976
      22349.9619678192175343
       8354.1551485639993189
          0.1905449602439702
          2.5001401928354672
          1.0809489945486201
          0.0020670398033994
          3.9146674266327426
          1.6388858947924310
          0.0015713222281831
         10.2175469705193596
          4.0762016040486966
          0.0015521060675386
       7433.0224452690463295
       2620.6452538187550090
          0.0225000519275345
          0.4745213179791773
          0.1962568427503292
          0.0001034084690199
          0.7333945004283313
          0.2948635435863516
          0.0000626461889168
          1.8338535333246520
          0.7038854622936230
          0.0000444694893485
        971.8779686017503536
        303.5902848408573504
          0.0003784875069548
0
          9.5972028065030290
          1.8371050871409222
          6.6989303603275605
          1.2720947556015212
          4.7025972887756078
          0.8728031685647714
          2.9474111740192206
          0.5210774784657440
          1.4908432025085760
          0.2417477622062119
          0.5573183559309745
          0.0811395011792049
          0.0560051960848986
          0.0070754502460723
          0.0007004417174152
          0.0000716898042987
         11.1392513518691061
          4.6656585369216321
          0.1621754217659394
         28.8551735134173803
         13.0771137368280410
          0.1466042655242281
          9.5690133641191668
          3.6898723717866324
          0.1849502141641638
         45.0008576872157207
         20.5127827715994471
          0.1538079016807414
          8.1218288072639613
          3.3759121277222519
          0.0999641312880477
         21.1404344467039884
          9.5230110754611186
          0.0882264598859160
          6.8728165334926139
          2.6308337546944638
          0.1149474813031158
         32.9100278123726468
         14.9250316501721976
          0.0914721384988524
         12.6956199312525388
          5.6352815056136301
          0.0371334736695836
         19.6992849814159996
          8.8171651553939068
          0.0377877040691244
          6.5099427211119218
          2.8131338757884294
          0.0112567763348127
         10.0562439535034294
          4.3897439694878315
          0.0111976701550499
         26.2352207405193099
         11.4092560083631493
          0.0126065696299792
      23387.6424345217528753
       7536.5145656079930632
          0.1979110399614188
          2.6835814938085201
          1.1098735382921925
          0.0021035625137296
          4.1231740931523975
          1.7244739302472862
          0.0020372003091743
         10.5013713172953906
          4.3924349795815463
          0.0021650676924648
       7825.1903969928489460
       2458.6633416867589403
          0.0228772493931248
          0.5265240598369835
          0.2002849200469131
          0.0000783313605103
          0.8037533059744000
          0.3083036064222692
          0.0000728863135632
          1.9769343223273608
          0.7567031423465069
          0.0000710741800873
       1042.2472192698821800
        306.9077629471187265
          0.0003699204242199
0
          9.6503545678101066
          1.8120497038628947
          6.6703074152983923
          1.2758286398698317
          4.6255246362150864
          0.9001457266537664
          2.8501489081444231
          0.5654682817983118
          1.4151750570084622
          0.2848867242254237
          0.5257585598531904
          0.1045003691422282
          0.0546544126331368
          0.0096759253969980
          0.0007427999605474
          0.0000984379281268
         10.3810494701086604
          4.9329565821408110
          0.1863142501855475
         28.9746767281774495
         12.8314247972286744
          0.1251717615255357
          8.6656921050466273
          4.0062255844264261
          0.2482584199563346
         45.8529466211841168
         19.8031620146021758
          0.1259734426363112
          7.4869915629878339
          3.6151485411541220
          0.1200880896476674
         21.0952527493601494
          9.3475991598285511
          0.0750445512138073
          6.1512054259568698
          2.9092446827409333
          0.1635149777352904
         33.3677277987015160
         14.3741459200897879
          0.0734279008675702
         12.5349650411842415
          5.5419055007820823
          0.0316494439962868
         19.7982520105743163
          8.4684526118986607
          0.0293855589276426
          6.3420476413388327
          2.7800096228523956
          0.0098178726144258
          9.9869975484240872
          4.2120776448699617
          0.0084045820511490
         26.6664691694761018
         10.6275697827628246
          0.0097749746918192
      22150.7207709519898344
       8444.6476735780215677
          0.1798393704632923
          2.5768735407258694
          1.1077273898751643
          0.0019808728404255
          4.0373993116868281
          1.6602980257219744
          0.0014916955709723
         10.5483226859064132
          4.0542129072495303
          0.0015378627127926
       7490.5693684961197505
       2675.9817048036743472
          0.0213676658243315
          0.5006947733027393
          0.2042137859487514
          0.0000992639785659
          0.7772021645425996
          0.3012074228588847
          0.0000575245661796
          1.9561806300157225
          0.6968967874869698
          0.0000428354342226
       1015.1804604024405307
        311.3344051571306181
          0.0003683799451294
0
          9.5761627235366351
          1.8934686712101318
          6.6850274919345321
          1.2601897813102658
          4.7144058748785671
          0.8266163006700179
          2.9976048644918922
          0.4651450997320270
          1.5730110084998377
          0.2028136815150042
          0.6329317709350217
          0.0663438147098385
          0.0786287550235266
          0.0058492412751671
          0.0016063799326104
          0.0000546214788473
         11.5117486405498557
          4.2701139003996929
          0.1357894526743309
         28.4117021469717379
         13.0044478974061430
          0.1676491328877889
         10.3975666893071725
          3.2200884219812149
          0.1310259825087526
         44.1974737021508943
         20.6887564159940851
          0.1947453429356686
          8.4658609665610864
          3.0656856798383472
          0.0801301005008103
         20.7861543713209862
          9.3397250492318218
          0.0977760303227700
          7.5812012465348353
          2.2899354701523391
          0.0778233753597987
         32.2217880560545780
         14.8380142089392848
          0.1131152350037182
         12.4658043227441286
          5.4035266628920864
          0.0387441813040777
         19.2010941118032541
          8.5563353119450358
          0.0445058207423842
          6.3913903676227113
          2.6232773155001534
          0.0106858421943996
          9.7576574534444713
          4.1284385424175198
          0.0121536514839471
         25.3316065420514072
         10.9573239610154367
          0.0169891958439929
      23420.1854150185827166
       8557.8070408900603070
          0.2249754097875388
          2.6409885848935226
          1.0028409738614725
          0.0017222742859635
          3.9869847195936381
          1.5615013112470617
          0.0019315903865675
         10.0196732799032144
          4.0345534293328695
          0.0026395018425615
       7736.7424869602691615
       2772.8468596986699595
          0.0322662658306800
          0.5236199387300032
          0.1741650996338674
          0.0000468586398640
          0.7785038856156603
          0.2651427324802230
          0.0000511818498673
          1.8591686596879879
          0.6476335006275862
          0.0000668429379716
        992.0311929376644002
        332.2867531766591469
          0.0006837502424789
0
          9.6757917443603549
          1.8028107735686625
          6.6435117373184491
          1.3236844995979484
          4.5801152852839939
          0.9730177821098294
          2.8044315558377813
          0.6432495608899792
          1.3814212693530901
          0.3463967595236451
          0.5058042369872083
          0.1385469114698658
          0.0500864478234248
          0.0153805875573971
          0.0006279218901777
          0.0002090885751817
         10.0801514379879968
          5.4652583057527337
          0.2237300985220958
         28.7191101058463865
         13.2076677218131540
          0.1042854419162867
          8.2214841006021206
          4.6721297478706596
          0.3407116971310581
         45.4994014363189834
         20.1569485799914929
          0.1018223839194399
          7.2644070518330288
          4.0440178522893682
          0.1466531899423363
         20.8163875179484812
          9.7439710110745050
          0.0634224284511956
          5.8386992785425598
          3.4244225073643166
          0.2272811435530747
         32.9426602107734396
         14.8243288249346037
          0.0608196205707933
         12.2893991715334572
          5.8952082162886761
          0.0271756974652554
         19.3999504370075968
          8.9220501072564442
          0.0251960844526056
          6.1763586571466673
          3.0309599819942461
          0.0084728403170225
          9.7100357790542589
          4.5566009099018006
          0.0074452383244088
         25.8889720478992906
         11.3221947724504055
          0.0086012753490499
      22318.3970981477323221
       7941.1167195285424896
          0.1577379061371888
          2.4958855996347373
          1.2410874831253804
          0.0016725029046391
          3.9014301117121852
          1.8511939235021178
          0.0013411489301153
         10.1606281091512773
          4.4711417725979841
          0.0014661475960332
       7320.9385944016412395
       2570.3575585222183690
          0.0210778091536216
          0.4848176743445367
          0.2360558316357297
          0.0000754912086995
          0.7519732265643428
          0.3485901595077261
          0.0000475993498872
          1.8890187487620065
          0.8066571071085195
          0.0000460823123015
        951.9265093654203156
        312.4982584081042774
          0.0004078769792137
0
          9.6432391885624398
          1.8319808828824198
          6.6377303889244086
          1.2593308209062468
          4.5968569469582246
          0.8596351756492842
          2.8434538686733877
          0.5103474522948053
          1.4367908387309909
          0.2336338295719597
          0.5583551072666336
          0.0748346271258254
          0.0686275761514394
          0.0052078825737122
          0.0014387358552688
          0.0000309615878000
         10.3277740797181963
          4.4789756406328101
          0.1439281126248257
         28.5273915258338100
         12.7143438985592105
          0.1492869722013464
          8.7547441688402277
          3.5376488786839393
          0.1552326518774523
         45.1539790610714675
         20.0083853945367416
          0.1659503710304938
          7.4784101474788942
          3.2236356468934235
          0.0871882678762628
         20.7051354809926984
          9.1729734568293200
          0.0886199522812967
          6.2668124443260123
          2.5172689607582313
          0.0947998876123371
         32.7202631113535674
         14.4159445806300237
          0.0976632564224048
         12.2519501459702749
          5.3503720253259059
          0.0363840621074601
         19.2942013072605612
          8.3881849151769625
          0.0395666137895770
          6.1752898235091962
          2.6289523695216515
          0.0106281206527208
          9.6681354233636707
          4.1076134508214359
          0.0113794026438421
         25.6772030073092949
         10.7855254066448865
          0.0138838287473752
      21902.0303755516724777
       8087.8353585881523031
          0.2894483765506622
          2.5014836286310573
          1.0234973107251830
          0.0018763878548771
          3.8817370769906683
          1.5920254900395199
          0.0019750658158859
         10.0319167710214021
          4.0937670941112012
          0.0023053840234862
       7219.7911091632313401
       2583.8554495647199474
          0.0341399622276176
          0.4834072059368020
          0.1840493104006429
          0.0000616826159811
          0.7383137751748070
          0.2844796439320335
          0.0000635374822999
          1.8190812517168320
          0.7076473217258978
          0.0000700227944963
        930.6792724655389293
        315.1954402124902117
          0.0005379581174291
1
         10.9973402465629935
          0.6140028716490524
          7.6654213136236233
          0.2855471875225620
          5.3241436614242552
          0.1225443080304116
          3.2574592084787208
          0.0347176157111075
          1.5799271182023789
          0.0043078064177885
          0.5598010024163943
          0.0001565887124503
          0.0507826555419608
          0.0000000415302491
          0.0005191971949472
          0.0000000000000031
         14.0093313836377789
          0.5155000333094402
          0.0025400565319358
         39.1363538525187451
          3.1997908836299560
          0.0075695326740766
         11.3767831326785984
          0.2201740588174571
          0.0013175435294340
         61.6308280704406002
          5.5887557594584916
          0.0113764958137157
         10.0875591757865486
          0.3064689606700751
          0.0011658172565526
         28.5527130092328498
          1.9786105711927315
          0.0034742583891063
          8.0514983148194030
          0.1287256912380358
          0.0006046703770453
         44.9818059817120002
          3.4730089122833472
          0.0052215526421525
         16.9521924088853915
          0.8762587808324309
          0.0009074955726901
         26.7039463563898423
          1.5510545092648509
          0.0013638883363713
          8.5053877661516086
          0.2882714191415146
          0.0001386199667653
         13.3814334813635742
          0.5160846811391387
          0.0002083318185695
         35.6220900097198765
          1.7010148099607816
          0.0004752801641080
      27742.3888082128396491
       3232.8606003878535375
          0.0814973175463353
          3.3828044234181500
          0.0620451905303489
          0.0000094731573329
          5.3074040460083909
          0.1127523246452082
          0.0000142369932819
         13.8928237364065730
          0.3811250171543234
          0.0000324765659221
       9349.5748057525270269
        783.9680216142362497
          0.0055599681611679
          0.6203333901052025
          0.0033409312983216
          0.0000000443850443
          0.9683686184517464
          0.0062183874490166
          0.0000000667034185
          2.4640118311354411
          0.0218615894907076
          0.0000001521312923
       1244.6418458490065859
         50.4975227432263765
          0.0000259648895757
   0    7 -0.279284 -0.909172 -0.096438 
         -0.0736771505282660           0.0229240867845606          -0.0064120563824987
          0.0732227744747212          -0.0269812317617993          -0.0697838587297279
         -0.0060070408286542           0.0000466645354228          -0.0097464301258577
         -0.0242762617941798          -0.0039575164931639           0.0165872907779133
          0.0173934305399647           0.0089258925596648          -0.0237856931756356
         -0.0807720360840341           0.0257070802345393           0.0702706431059106
          0.0151899588084712           0.0295754843873045          -0.0465679001117959
         -0.1125634356906694           0.0594841933254454           0.0983147855308727
          0.0045431313827774           0.0452649495703734          -0.0607989805131001
         -0.1074740595844533           0.0779188334797630           0.0854381694967606
          0.0103407949620196           0.0452965530825968          -0.0422479235113948
         -0.0668485463093539           0.0590776761072480           0.0424932540566381
          0.0146280310312925           0.0211667865966840          -0.0057606183814776
         -0.0115694255058995           0.0122941647455037           0.0034379077906350
          0.0014254661670028           0.0012297943464584          -0.0001410443927789
         -0.0001877732800593           0.0002338595579728          -0.0000220573834888
          0.1072718203951405           0.1601993787889396          -0.2253298733476119
         -0.7429564209798352           0.4302168885400667           0.5624713717900056
         -0.0339004019568977          -0.0009544391791633           0.0464863376608469
          0.0464726976505186          -0.1687069251058282          -0.0131343861917212
         -0.2799753779462794          -0.2426144883031872           0.1946808354298775
          0.0336242490812156          -0.0144041315909886          -0.0453094490830089
          0.0822470487691774           0.3856673798680408          -0.3748810292463193
         -0.7820280444813187           0.6275468991700759           0.4191765637795593
         -0.0956325565759633           0.0260963039724194           0.1282871715904644
         -0.0393511967200724          -0.2721452279214948           0.0495099450654602
          0.1439340415857919          -0.7181158545164313          -0.3164045089406969
          0.0394167455002633          -0.0008030808512313          -0.0553044018972472
          0.0788075113246137           0.1505425999200823          -0.2071956596502227
         -0.6570185191270653           0.4159792939639213           0.5005397624496849
         -0.0263380573384850           0.0006202205485429           0.0363528572056480
          0.1499261771161375          -0.1313818782753513          -0.0354330940616465
         -0.4594212065451838          -0.1054357878231249           0.3804742098637606
          0.0192697452684290          -0.0110574430546993          -0.0267920619324232
          0.0449938957248885           0.3257310529195311          -0.3159118585182666
         -0.6484468031790080           0.5685806925945639           0.3481037942976326
         -0.0690931471383347           0.0206263606090183           0.0930626723697890
          0.1872312273079318          -0.2381179034713353           0.0276132726588869
         -0.2532521780152440          -0.4742494709795293           0.1079726891257836
          0.0221224580754933          -0.0027289665974660          -0.0332271659063533
          0.1777945780461123          -0.0671399624957175          -0.0723693348558078
         -0.5560318068442007           0.0488603005142591           0.4841403409108609
          0.0076492927035983          -0.0064583602830330          -0.0107855166315926
          0.2850954763145404          -0.1462022415753731          -0.0281887276287831
         -0.5480184235055890          -0.1724182734958651           0.4352838641651069
          0.0085426464459327          -0.0029233975825127          -0.0138589239884578
          0.1198224936168304          -0.0166868136300463          -0.1032595523774717
         -0.4990066651584552           0.1383272488205315           0.4323921959733327
          0.0022528193688857          -0.0027448324302657          -0.0029835952915420
          0.2117629008095923          -0.0569909037842112          -0.0930417698943941
         -0.5842345883334723           0.0464781477287815           0.4931003737430804
          0.0025036309276097          -0.0017163198791696          -0.0041374280801449
          0.6724854501487814          -0.0879751396585117           0.0217374552510025
         -0.7173571524820944          -0.2726924237457790           0.3880682201344899
          0.0018279932079513           0.0013529689339468          -0.0045410532428595
        545.4557246966784305         828.5771197801441303       -1227.4709310274349718
       1063.5658535713901074         959.9959894978638886        -578.4987205425945831
          0.1484578605833475          -0.0076327668038867          -0.0044306674478882
          0.0457360626197894           0.0008635907960738          -0.1065701562912834
         -0.3378762593350445           0.1404477197514125           0.2808972144582103
          0.0004327588244368          -0.0007182572991084          -0.0004519101437733
          0.0873889249300703          -0.0139943215191028          -0.1265025112624999
         -0.4290889443909364           0.1289257334049083           0.3545201629458350
          0.0005227412088284          -0.0005638296947765          -0.0007676571979318
          0.3182010101970313           0.0026675247420466          -0.1336397913997043
         -0.6803519719391511           0.0822095665633843           0.4950858726236509
          0.0002189654745061           0.0000810206392889          -0.0007485819209208
        603.4832541662764243         294.6557836210108690        -295.0905636900298532
        294.4576089687544140         230.9607272790175898        -170.0450304556740093
          0.0158629794523621          -0.0006486025707594          -0.0037367020606815
          0.0060093535867909          -0.0021955305165108          -0.0610807157070800
         -0.1202173993269516           0.0625002942527816           0.0901748389754246
          0.0000154574940332          -0.0000385127456990          -0.0000023038642084
          0.0101936221171489          -0.0070986853681868          -0.0857303371847493
         -0.1616453321560802           0.0747145841451755           0.1212173673252410
          0.0000305084204718          -0.0000406261807710          -0.0000307368335479
          0.0396987500297002          -0.0026931321886563          -0.1578085725281175
         -0.2924781021342290           0.1172690482408026           0.2111477990965585
          0.0000102738259167          -0.0000123606536196          -0.0000237202840401
        174.4445977619866426          78.0032459946961154           3.6259310451120501
         18.8397187834887632          18.4371963507789367         -14.3790945416008142
          0.0001720708703101           0.0000245066966026          -0.0001355097948822
   3
         -0.0684231691918948          -0.0830159399931685           0.0329669364269602
          0.0000000000000000           0.0000000000000000           0.0000000000000000
          0.0000046176965837          -0.0007309623365862          -0.0175329988648528
          0.0000000000000000           0.0000000000000000           0.0000000000000000
          0.0700715449626204           0.0550785906960083          -0.0592487514899901
          0.0000000000000000           0.0000000000000000           0.0000000000000000
          0.1455145930127578           0.0867978105222378          -0.0948295531543508
          0.0000000000000000           0.0000000000000000           0.0000000000000000
          0.1949075932559526           0.0811742534668544          -0.1089970993915459
          0.0000000000000000           0.0000000000000000           0.0000000000000000
          0.1692835151579897           0.0508851198713551          -0.0864870074192415
          0.0000000000000000           0.0000000000000000           0.0000000000000000
          0.0532422199386368           0.0131453132158919          -0.0257968003396024
          0.0000000000000000           0.0000000000000000           0.0000000000000000
          0.0025250566101615           0.0006120426556415          -0.0012149550777218
          0.0000000000000000           0.0000000000000000           0.0000000000000000
          0.9489453837717151           0.5205197734971458          -0.6522690453319978
          0.2595920509103972           0.0351050296121406          -0.1755311994274679
          0.0000000000000000           0.0000000000000000           0.0000000000000000
         -0.5843964464038535          -0.2154602345125991           0.1756345460231215
         -0.3498141148181352           0.0758806560495279           0.1926050454856018
          0.0000000000000000           0.0000000000000000           0.0000000000000000
          1.3615106335371905           0.7255986773455826          -0.9875205694034658
          0.5628924698007761           0.1857920292147296          -0.2725257881762663
          0.0000000000000000           0.0000000000000000           0.0000000000000000
         -1.7051730268139464          -0.7463613386739057           0.6682866133067760
         -0.6559198616562888           0.2673432820895040           0.4637467016498734
          0.0000000000000000           0.0000000000000000           0.0000000000000000
          0.9018049510483377           0.4453252587939672          -0.5707006475783402
          0.1899638061070100           0.0322933610722600          -0.1287854127937442
          0.0000000000000000           0.0000000000000000           0.0000000000000000
         -0.3249908572286000           0.0330003242970044           0.0389019581927688
         -0.2932449316556457           0.1254656177492262           0.1401748144877446
          0.0000000000000000           0.0000000000000000           0.0000000000000000
          1.2379504144606275           0.5641918078403418          -0.8232026425333793
          0.4213867913338584           0.1376961935655537          -0.2056843387417500
          0.0000000000000000           0.0000000000000000           0.0000000000000000
         -1.2156412020932506          -0.2604580611535827           0.3960025690088397
         -0.5450306841914533           0.3240407069194861           0.3322361158212276
          0.0000000000000000           0.0000000000000000           0.0000000000000000
         -0.0455410434956827           0.2402013927071376          -0.0882238641630708
         -0.2146377204177356           0.1493885834173672           0.0727719222997003
          0.0000000000000000           0.0000000000000000           0.0000000000000000
         -0.6306370163717591           0.1807386054635726           0.1159724263127013
         -0.3933666745204422           0.3288614178292721           0.1721961607097488
          0.0000000000000000           0.0000000000000000           0.0000000000000000
          0.1287610779105152           0.2953466344707479          -0.1432276676518342
         -0.1369565105786006           0.1267864929200180           0.0208296678995201
          0.0000000000000000           0.0000000000000000           0.0000000000000000
         -0.1803978499286314           0.3592645163774216          -0.0520746063544947
         -0.2465714419555016           0.2581349298311941           0.0536748049551979
          0.0000000000000000           0.0000000000000000           0.0000000000000000
         -1.7888056961759984           0.4156519334627376           0.3661150860009181
         -0.7473061797516489           1.0316176839856737           0.2596521516446589
          0.0000000000000000           0.0000000000000000           0.0000000000000000
      -3222.5153506791980362        -406.7281027678474175         286.8945232865171420
       -336.9369852006232691        1366.0037462993498139        1103.7093175265858918
          0.0000000000000000           0.0000000000000000           0.0000000000000000
          0.1770497592234136           0.2263559516751942          -0.1302293725943676
         -0.0705214884265230           0.0760834101357277          -0.0040512037459385
          0.0000000000000000           0.0000000000000000           0.0000000000000000
          0.0677870281225338           0.3094495113359332          -0.1060858068671482
         -0.1242889073334577           0.1477801562725010          -0.0030968775465754
          0.0000000000000000           0.0000000000000000           0.0000000000000000
         -0.5558543071509903           0.5764976320730643           0.0586130687979745
         -0.3678514300041001           0.5429646052181269           0.0112815761029885
          0.0000000000000000           0.0000000000000000           0.0000000000000000
      -1357.0539154048478849         141.2172985308406510         305.2705693321643707
       -167.3745623776640912         637.3964307787985035         258.7020541984288116
          0.0000000000000000           0.0000000000000000           0.0000000000000000
          0.1049219791278523           0.0843173168884965          -0.0628593156345327
         -0.0173802897829878           0.0196805929886380          -0.0048602611313941
          0.0000000000000000           0.0000000000000000           0.0000000000000000
          0.1057547185424690           0.1200632444948496          -0.0680770131392657
         -0.0297814413883814           0.0366535026201526          -0.0084928461512555
          0.0000000000000000           0.0000000000000000           0.0000000000000000
          0.0578235411890737           0.2540920605038476          -0.0558967336818304
         -0.0853555692781235           0.1248110454011731          -0.0263104749539196
          0.0000000000000000           0.0000000000000000           0.0000000000000000
       -242.9937703469418864         118.5130126200195519         114.4672803931385090
        -39.7754298339449335         130.0762214492676776          -4.6370412570662713
          0.0000000000000000           0.0000000000000000           0.0000000000000000
   0
          0.0000000000000000           0.0000000000000000          -0.0000000000000000
          0.0000000000000000           0.0000000000000000           0.0000000000000000
          0.0000000000000000          -0.0000000000000000           0.0000000000000000
          0.0000000000000000           0.0000000000000000           0.0000000000000000
          0.0000000000000000           0.0000000000000000           0.0000000000000000
          0.0000000000000000           0.0000000000000000           0.0000000000000000
          0.0000000000000000          -0.0000000000000000           0.0000000000000000
          0.0000000000000000           0.0000000000000000           0.0000000000000000
          0.0000000000000000          -0.0000000000000000           0.0000000000000000
          0.0000000000000000           0.0000000000000000           0.0000000000000000
          0.0000000000000000           0.0000000000000000          -0.0000000000000000
          0.0000000000000000           0.0000000000000000           0.0000000000000000
          0.0000000000000000           0.0000000000000000           0.0000000000000000
          0.0000000000000000           0.0000000000000000           0.0000000000000000
          0.0000000000000000           0.0000000000000000           0.0000000000000000
          0.0000000000000000           0.0000000000000000           0.0000000000000000
         -0.0183996709789742          -0.0015771051703648           0.0073118950358627
          0.0276644037699608          -0.0133060345138930          -0.0442406618341367
          0.0000000000000000           0.0000000000000000           0.0000000000000000
          0.0124409032962227          -0.0040831392938826          -0.0130314986724781
         -0.0279405566456429          -0.0020525362562588           0.0454175504119747
          0.0000000000000000           0.0000000000000000           0.0000000000000000
         -0.0243784929670951           0.0081852492020578          -0.0044274838610683
          0.0170703501798434          -0.0039869894285379          -0.0271929775369642
          0.0000000000000000           0.0000000000000000           0.0000000000000000
          0.0373026555832968           0.0031731809550227          -0.0451142712777506
         -0.0941395706513639           0.0185200070867305           0.1521234469552586
          0.0000000000000000           0.0000000000000000           0.0000000000000000
         -0.0085156762353239          -0.0028712223090977           0.0070576549657199
          0.0165824000292068          -0.0096515624624840          -0.0275274868232568
          0.0000000000000000           0.0000000000000000           0.0000000000000000
          0.0115539820179543          -0.0031761872685261          -0.0081448570147284
         -0.0236507120992627          -0.0007856600436723           0.0370882820964816
          0.0000000000000000           0.0000000000000000           0.0000000000000000
         -0.0141823900749583           0.0037219677718577          -0.0019355140072803
          0.0100432760929853          -0.0030747514127144          -0.0170828049276445
          0.0000000000000000           0.0000000000000000           0.0000000000000000
          0.0259569264315973           0.0031120378529996          -0.0323405379681781
         -0.0704229481639537           0.0146570534249087           0.1121487329118322
          0.0000000000000000           0.0000000000000000           0.0000000000000000
          0.0075924181124831          -0.0014221448272521          -0.0038894260175242
         -0.0154824942600242           0.0004911559163766           0.0238186880093864
          0.0000000000000000           0.0000000000000000           0.0000000000000000
          0.0125458306769508           0.0030199289665136          -0.0184248045425911
         -0.0409147734384662           0.0097647205266224           0.0642137989314790
          0.0000000000000000           0.0000000000000000           0.0000000000000000
          0.0031081115059404          -0.0000756913939851          -0.0016753317386968
         -0.0075499658172138           0.0009207481302645           0.0115450482270064
          0.0000000000000000           0.0000000000000000           0.0000000000000000
          0.0035047633272567           0.0024204650964303          -0.0085264285754490
         -0.0182996642924199           0.0053595157271629           0.0282488185517927
          0.0000000000000000           0.0000000000000000           0.0000000000000000
         -0.0143716887620645           0.0277303235563504          -0.0679904396335566
         -0.0897948988962381           0.0426733714992196           0.1351581414836570
          0.0000000000000000           0.0000000000000000           0.0000000000000000
       -654.2918047151130168         388.1804514244110464        -497.4501781489529435
       -422.0934021839424304         313.3481596848497475         472.7243438160584788
          0.0000000000000000           0.0000000000000000           0.0000000000000000
          0.0005109531805884           0.0003115964890261          -0.0006448847823224
         -0.0024666956281777           0.0006045995587965           0.0037204009909088
          0.0000000000000000           0.0000000000000000           0.0000000000000000
         -0.0000956110387046           0.0013248434287598          -0.0028595319173718
         -0.0056095506443279           0.0021040276344719           0.0083953588796569
          0.0000000000000000           0.0000000000000000           0.0000000000000000
         -0.0096134915945068           0.0100407394325110          -0.0210298949201346
         -0.0260431079815466           0.0137480181627140           0.0374575157194097
          0.0000000000000000           0.0000000000000000           0.0000000000000000
       -205.6975516046687460         116.7268129071118210        -138.2611689061711502
       -115.7273989319593568          88.3320336807654058         124.2442966102847919
          0.0000000000000000           0.0000000000000000           0.0000000000000000
         -0.0000755741234450           0.0000932856340014          -0.0000990554847051
         -0.0002386444083398           0.0001036219462202           0.0003397214793960
          0.0000000000000000           0.0000000000000000           0.0000000000000000
         -0.0002533464434806           0.0002328996960681          -0.0003079833848550
         -0.0005105535256213           0.0002599313492053           0.0007064906281208
          0.0000000000000000           0.0000000000000000           0.0000000000000000
         -0.0017671759697329           0.0012504850868534          -0.0018625718701373
         -0.0022211975195460           0.0013512712053622           0.0028970027160265
          0.0000000000000000           0.0000000000000000           0.0000000000000000
        -19.8975985694752744          10.7315631342468301         -10.4660795190720908
         -8.9953523065709504           7.1231149754012337           8.8092577081556822
          0.0000000000000000           0.0000000000000000           0.0000000000000000
   1
         -0.0202944953101847           0.0380533712805999           0.0049368566518263
          0.0000000000000000           0.0000000000000000           0.0000000000000000
         -0.0282373866295158           0.0438131421593393           0.0041635090752470
          0.0000000000000000           0.0000000000000000           0.0000000000000000
         -0.0363390814822072           0.0612826131505527           0.0046747248537417
          0.0000000000000000           0.0000000000000000           0.0000000000000000
         -0.0428029120221704           0.0846322460729362           0.0049529738186352
          0.0000000000000000           0.0000000000000000           0.0000000000000000
         -0.0395520230113871           0.0939345995537483           0.0042597910408764
          0.0000000000000000           0.0000000000000000           0.0000000000000000
         -0.0232981925384696           0.0678079109495312           0.0035039327489790
          0.0000000000000000           0.0000000000000000           0.0000000000000000
         -0.0032214476005194           0.0148517993389210           0.0017323316705833
          0.0000000000000000           0.0000000000000000           0.0000000000000000
         -0.0000062915221625           0.0003753443446776           0.0000939584672516
          0.0000000000000000           0.0000000000000000           0.0000000000000000
         -0.3529205960894483           0.6054790999538755           0.0676173177051305
          0.0834617054566946           0.0214609691424316          -0.0667027595214593
          0.0000000000000000           0.0000000000000000           0.0000000000000000
         -0.0091616488995179           0.0839658989582889          -0.0990039185507131
         -0.3986200518342100           0.2264295699350513           0.2691224539258459
          0.0000000000000000           0.0000000000000000           0.0000000000000000
         -0.5660040391779303           0.8790072737747237          -0.1171211956509239
          0.2004882504552253           0.1669184808877371           0.0366671380993487
          0.0000000000000000           0.0000000000000000           0.0000000000000000
          0.1215138552019271          -0.1640191282164491          -0.4503636681626118
         -0.7636752641265838           0.5768556824729768           0.7083175649939594
          0.0000000000000000           0.0000000000000000           0.0000000000000000
         -0.2633649813033701           0.5206227459493490           0.0749361268117483
          0.0369135899128999           0.0201106106760657          -0.0430741050369936
          0.0000000000000000           0.0000000000000000           0.0000000000000000
         -0.0153781898130066           0.0958440877439894          -0.0921850923060706
         -0.3665310340112610           0.2287766143031029           0.2416278402069946
          0.0000000000000000           0.0000000000000000           0.0000000000000000
         -0.4053933743139528           0.7334508654810420          -0.0580273511806736
          0.1343147789253145           0.1203895184441459           0.0284889554861897
          0.0000000000000000           0.0000000000000000           0.0000000000000000
          0.0905802086667753          -0.1161064509296763          -0.3922697894163114
         -0.6725744689230073           0.5377215256982202           0.5978928459741665
          0.0000000000000000           0.0000000000000000           0.0000000000000000
         -0.0253841093772060           0.1086347794937475          -0.0714327848081044
         -0.3041588022347125           0.2131974682307553           0.1816056635409670
          0.0000000000000000           0.0000000000000000           0.0000000000000000
          0.0484434572953335          -0.0412176147271491          -0.2903208157558315
         -0.5300382218250588           0.4573165560556712           0.4240546749445707
          0.0000000000000000           0.0000000000000000           0.0000000000000000
         -0.0295863964781849           0.1042948295043536          -0.0434538194148059
         -0.2232051070402249           0.1722777083629733           0.1055262671373126
          0.0000000000000000           0.0000000000000000           0.0000000000000000
          0.0165873621895339           0.0221581837241544          -0.1758991471762417
         -0.3715092496103976           0.3427139431684054           0.2409391859555876
          0.0000000000000000           0.0000000000000000           0.0000000000000000
          0.3055148175374416          -0.1201665801075229          -0.9163903498702879
         -1.0785533642121710           1.1975749524981523           0.9658652388228717
          0.0000000000000000           0.0000000000000000           0.0000000000000000
       1109.7796189725738714        2615.7934621986760249       -1873.6429315419809427
      -1126.4282199408639826         959.9836674123839657        1089.2622454119707527
          0.0000000000000000           0.0000000000000000           0.0000000000000000
         -0.0215411042177538           0.0767522415303624          -0.0187712153393349
         -0.1369048603081842           0.1119773867388976           0.0378128073809214
          0.0000000000000000           0.0000000000000000           0.0000000000000000
          0.0053633143867533           0.0490316900758024          -0.0787873487483067
         -0.2190976751950559           0.2098793209420072           0.0920045239727933
          0.0000000000000000           0.0000000000000000           0.0000000000000000
          0.1883003255399236           0.0161860488689855          -0.4025777217857467
         -0.5819818031236379           0.6755293264661130           0.3865892513879553
          0.0000000000000000           0.0000000000000000           0.0000000000000000
        591.5603194933678424         936.8244649833353606        -812.9564060672491905
       -415.0024002458179098         420.2701167094879793         409.1558952543123837
          0.0000000000000000           0.0000000000000000           0.0000000000000000
         -0.0025686029906944           0.0297502511992761          -0.0029145806456179
         -0.0478273985062000           0.0385044054424374          -0.0026153730698285
          0.0000000000000000           0.0000000000000000           0.0000000000000000
          0.0101483167983361           0.0322493403798322          -0.0136023367644082
         -0.0736115563145419           0.0681557300764364           0.0027984189287828
          0.0000000000000000           0.0000000000000000           0.0000000000000000
          0.0876446129138135           0.0606810133299854          -0.0683049596824825
         -0.1773946151106140           0.2013782408672865           0.0398016442076844
          0.0000000000000000           0.0000000000000000           0.0000000000000000
        142.7719580427686594         150.5825815023869438        -133.7870320614436253
        -65.2614167679254962          89.3913146692146370          58.8158232351670662
          0.0000000000000000           0.0000000000000000           0.0000000000000000
   2
          0.0388744338544758          -0.0097844455904437           0.0126784545758711
          0.0000000000000000           0.0000000000000000           0.0000000000000000
          0.0067182346492164          -0.0180567400298828          -0.0088379780127569
          0.0000000000000000           0.0000000000000000           0.0000000000000000
         -0.0315583771164368          -0.0166443263036672          -0.0128299937620632
          0.0000000000000000           0.0000000000000000           0.0000000000000000
         -0.0723556834096288          -0.0098009942457707          -0.0066187587846686
          0.0000000000000000           0.0000000000000000           0.0000000000000000
         -0.0941911590060361           0.0003077931621477           0.0085398657147019
          0.0000000000000000           0.0000000000000000           0.0000000000000000
         -0.0758149054975500           0.0083068824022373           0.0220006842316201
          0.0000000000000000           0.0000000000000000           0.0000000000000000
         -0.0215592532568239           0.0062417378536217           0.0140686992603547
          0.0000000000000000           0.0000000000000000           0.0000000000000000
         -0.0008720092235041           0.0004128679366077           0.0008919343398723
          0.0000000000000000           0.0000000000000000           0.0000000000000000
         -0.4756443591201486          -0.0768576183462991           0.0380798038527001
          0.0573261098950857          -0.1101213369700227          -0.1810414931629825
          0.0000000000000000           0.0000000000000000           0.0000000000000000
          0.4573603746111131          -0.1714497649420468          -0.2484656915279048
         -0.3018104518606171           0.0934395969184394           0.2809853259576920
          0.0000000000000000           0.0000000000000000           0.0000000000000000
         -0.7752452515351241           0.0779863957159175           0.0932932948473732
          0.0761179657547737          -0.1002855908150873          -0.4829080587733375
          0.0000000000000000           0.0000000000000000           0.0000000000000000
          1.0907642159274045          -0.1111978974755784          -0.4797976959138405
         -0.6421551577566317           0.3068362769618373           0.4411455794680120
          0.0000000000000000           0.0000000000000000           0.0000000000000000
         -0.4141557539063894          -0.0594946751311269           0.0407853423491947
          0.0120397537049176          -0.0833636896170511          -0.1084985080758466
          0.0000000000000000           0.0000000000000000           0.0000000000000000
          0.2959062617077008          -0.1525042605760466          -0.2552910145349588
         -0.3070975401314368           0.1103769338491490           0.2765264613678304
          0.0000000000000000           0.0000000000000000           0.0000000000000000
         -0.6318982971564726           0.0656026472461599           0.1025837778040078
          0.0389756781112592          -0.0813027835442718          -0.3549674007806922
          0.0000000000000000           0.0000000000000000           0.0000000000000000
          0.7882257340717069          -0.1204165236436775          -0.4895689359642962
         -0.5992989095614493           0.3061784633881281           0.4150825381066616
          0.0000000000000000           0.0000000000000000           0.0000000000000000
          0.1036506490643962          -0.1233736348641747          -0.2332958990512954
         -0.2834986301776141           0.1187586919464314           0.2597099051904299
          0.0000000000000000           0.0000000000000000           0.0000000000000000
          0.4112203661384329          -0.1198921801799047          -0.4425573435283925
         -0.5063705115222851           0.2790988516535849           0.3731551232492220
          0.0000000000000000           0.0000000000000000           0.0000000000000000
         -0.0285439940292260          -0.0947706853021646          -0.1848716411427974
         -0.2255282048676240           0.1062696522093338           0.2215696174731328
          0.0000000000000000           0.0000000000000000           0.0000000000000000
          0.1218591842165676          -0.1094937744151027          -0.3446545843724126
         -0.3763378472527170           0.2196533536212412           0.3104074477475608
          0.0000000000000000           0.0000000000000000           0.0000000000000000
          1.0394235706028045           0.1399543605217882          -1.0260068762587915
         -1.0762484070082270           0.8341045176581169           0.3804118267659328
          0.0000000000000000           0.0000000000000000           0.0000000000000000
       2600.6665095246307828        2769.9855723443743045       -1464.1242036526782613
      -1288.6579794924828093        1319.2175798280279650        -675.3261703629422072
          0.0000000000000000           0.0000000000000000           0.0000000000000000
         -0.0728018087311665          -0.0675831033422814          -0.1229834611781679
         -0.1457138269868535           0.0748612333371821           0.1582824914544180
          0.0000000000000000           0.0000000000000000           0.0000000000000000
         -0.0232356769115245          -0.0882600982386197          -0.2232424237043714
         -0.2308095285318150           0.1394299066792668           0.2194932546593498
          0.0000000000000000           0.0000000000000000           0.0000000000000000
          0.3516772600443480          -0.0167844681103388          -0.6362913305508369
         -0.5986291819659842           0.4626987623115014           0.3213647735758960
          0.0000000000000000           0.0000000000000000           0.0000000000000000
       1258.2701541515716599        1116.8453464219812759        -566.1576182756956541
       -473.0869126909311717         527.3962417066283024        -325.7037205368573041
          0.0000000000000000           0.0000000000000000           0.0000000000000000
         -0.0375245423644005          -0.0309459011703308          -0.0481661002721888
         -0.0515324116146726           0.0283793387284668           0.0640498473652680
          0.0000000000000000           0.0000000000000000           0.0000000000000000
         -0.0329885460991097          -0.0433366841557848          -0.0836378320982712
         -0.0777979497579474           0.0475848390906481           0.0886750019453974
          0.0000000000000000           0.0000000000000000           0.0000000000000000
          0.0363966088059006          -0.0529627101197451          -0.2283065010828614
         -0.1826218817112219           0.1351898427907294           0.1512743357739532
          0.0000000000000000           0.0000000000000000           0.0000000000000000
        273.7244125115262250         198.3442094738675792        -112.8552767210562990
        -73.2460174195331319          89.0195759587268185         -56.3386164913949301
          0.0000000000000000           0.0000000000000000           0.0000000000000000
   4
          0.0503758725171657           0.0330298593408171          -0.0605643320343327
          0.0000000000000000           0.0000000000000000           0.0000000000000000
         -0.0046328533261053           0.0031734441052208           0.0275046791407710
          0.0000000000000000           0.0000000000000000           0.0000000000000000
         -0.0568058836365369          -0.0268512493189289           0.0777475469966529
          0.0000000000000000           0.0000000000000000           0.0000000000000000
         -0.1056575891841181          -0.0574597020627162           0.0996166260855517
          0.0000000000000000           0.0000000000000000           0.0000000000000000
         -0.1228765894625894          -0.0727829278479772           0.0833417880339820
          0.0000000000000000           0.0000000000000000           0.0000000000000000
         -0.0846176421825704          -0.0542229030379059           0.0446369811249980
          0.0000000000000000           0.0000000000000000           0.0000000000000000
         -0.0147506349780497          -0.0102578229097921           0.0067618719810979
          0.0000000000000000           0.0000000000000000           0.0000000000000000
         -0.0002188530994182          -0.0001552771207990           0.0000990128951619
          0.0000000000000000           0.0000000000000000           0.0000000000000000
         -0.6390480609983273          -0.4228175176771025           0.6681118396331335
         -0.0734473033285343          -0.1440795802774618           0.0218899406556775
          0.0000000000000000           0.0000000000000000           0.0000000000000000
          0.3837304064496893           0.2725033339421608          -0.1082074557173895
         -0.2611537519014959           0.1636496811770030           0.3426486532240726
          0.0000000000000000           0.0000000000000000           0.0000000000000000
         -0.8537777137786851          -0.5013644369150021           0.7659236976789120
         -0.2288608643874161          -0.1851455549736477           0.0380079099121060
          0.0000000000000000           0.0000000000000000           0.0000000000000000
          1.1917792211173346           0.8892772663235234          -0.7867148930221355
         -0.6042737615333393           0.4303129679352817           0.6795253350488965
          0.0000000000000000           0.0000000000000000           0.0000000000000000
         -0.5587066773928352          -0.3874336858105824           0.5621801224396810
         -0.0923536162988089          -0.1239147308592871           0.0433359326152412
          0.0000000000000000           0.0000000000000000           0.0000000000000000
          0.1623518478132491           0.1706214213657319           0.0624446432581417
         -0.2725699897175330           0.1388557603907065           0.3587429698648289
          0.0000000000000000           0.0000000000000000           0.0000000000000000
         -0.7015821260579390          -0.4486101043777629           0.6186006273784457
         -0.2046628780334611          -0.1598740446700186           0.0366454472394267
          0.0000000000000000           0.0000000000000000           0.0000000000000000
          0.7405349243542296           0.6675001099748672          -0.3808703309846322
         -0.5650956248709091           0.3656669378299690           0.6674595217386021
          0.0000000000000000           0.0000000000000000           0.0000000000000000
         -0.0809352328272774           0.0555644739149062           0.1874002989421389
         -0.2485109699073121           0.1005827976093282           0.3287576098095678
          0.0000000000000000           0.0000000000000000           0.0000000000000000
          0.2160568793294690           0.3875981183847412          -0.0112831852278704
         -0.4644235086598296           0.2660160078627553           0.5778704667769468
          0.0000000000000000           0.0000000000000000           0.0000000000000000
         -0.2248334438020992          -0.0241540936078923           0.2040524782315618
         -0.1853137202689942           0.0593733709783458           0.2478488655298900
          0.0000000000000000           0.0000000000000000           0.0000000000000000
         -0.1465328193958092           0.1547541860920941           0.1606079667491102
         -0.3209528483806812           0.1599598451511346           0.4188381285098524
          0.0000000000000000           0.0000000000000000           0.0000000000000000
          0.5211578879352339           1.1972521470731823          -0.1414684575402737
         -1.1038252354402229           0.7431697013205334           1.1113333106822145
          0.0000000000000000           0.0000000000000000           0.0000000000000000
       3507.6689349074813435        1676.6284882193240264       -1998.5805780667194540
      -1967.9561386546449739        1542.1982819711897719          66.5027108713280342
          0.0000000000000000           0.0000000000000000           0.0000000000000000
         -0.2371866529739714          -0.0556043130734663           0.1464321138493506
         -0.1056130761659218           0.0238940986877659           0.1443467310290235
          0.0000000000000000           0.0000000000000000           0.0000000000000000
         -0.2754051000170096           0.0107113198565358           0.1681095733302456
         -0.1724084116138405           0.0695265733871316           0.2368730920590230
          0.0000000000000000           0.0000000000000000           0.0000000000000000
         -0.2704763352095222           0.4466276150944284           0.2265628217101845
         -0.5282663064234019           0.3329505022959536           0.6067019423205546
          0.0000000000000000           0.0000000000000000           0.0000000000000000
       1365.3700864498248393         828.6838557712206921        -575.7055303891215772
       -777.1043102791386445         608.3323594173232323          37.2563059270282935
          0.0000000000000000           0.0000000000000000           0.0000000000000000
         -0.1179353418751800          -0.0358772898896099           0.0527429813344104
         -0.0286413513290056           0.0008447732725062           0.0411462116659651
          0.0000000000000000           0.0000000000000000           0.0000000000000000
         -0.1649960684687020          -0.0321834389166964           0.0740708786897457
         -0.0439297271723395           0.0083789403914881           0.0654412390052920
          0.0000000000000000           0.0000000000000000           0.0000000000000000
         -0.3241436686159788           0.0273718367610117           0.1633952425381584
         -0.1157980002580786           0.0553744588165252           0.1606976928557680
          0.0000000000000000           0.0000000000000000           0.0000000000000000
        171.4320321855735472         182.1990742145301851         -11.9799108982086437
       -119.9476700037330659          98.7604853803104703          13.7435019382497288
          0.0000000000000000           0.0000000000000000           0.0000000000000000
   5
         -0.0742097923978278           0.0446412417467558           0.0035700279971765
          0.0000000000000000           0.0000000000000000           0.0000000000000000
          0.0201403467811668          -0.0281522193626683          -0.0150436414642659
          0.0000000000000000           0.0000000000000000           0.0000000000000000
          0.0720252278125253          -0.0639397356643000          -0.0341292197739772
          0.0000000000000000           0.0000000000000000           0.0000000000000000
          0.0904915504116307          -0.0745938758993827          -0.0496891880769634
          0.0000000000000000           0.0000000000000000           0.0000000000000000
          0.0662553096068373          -0.0573687687643999          -0.0479433259111146
          0.0000000000000000           0.0000000000000000           0.0000000000000000
          0.0247880200226200          -0.0274804571026210          -0.0259025141977504
          0.0000000000000000           0.0000000000000000           0.0000000000000000
          0.0009171469280488          -0.0028142409019586          -0.0025267209539110
          0.0000000000000000           0.0000000000000000           0.0000000000000000
         -0.0000024365980738          -0.0000151834696694          -0.0000109950173430
          0.0000000000000000           0.0000000000000000           0.0000000000000000
          0.5421689750939721          -0.6138742022104896          -0.2238205789918734
          0.1836838211192145          -0.1418812562417364          -0.1784697842947174
          0.0000000000000000           0.0000000000000000           0.0000000000000000
          0.0424137753588742           0.0066363831675375          -0.0888857325362563
         -0.2218736596888322          -0.0169223583383417           0.2504691357997831
          0.0000000000000000           0.0000000000000000           0.0000000000000000
          0.7410619152431257          -0.6363701288857561          -0.3436735898897236
          0.1337747110536436          -0.1563932043477345          -0.2233113882651581
          0.0000000000000000           0.0000000000000000           0.0000000000000000
         -0.2584484842270695           0.6046510418702986          -0.0738038969784880
         -0.6773402505624494           0.0935245914590551           0.6345664519238436
          0.0000000000000000           0.0000000000000000           0.0000000000000000
          0.4538039339358481          -0.5167738760393595          -0.1905514806466639
          0.1385542843902477          -0.1143805341055679          -0.1278283370475319
          0.0000000000000000           0.0000000000000000           0.0000000000000000
          0.2171585362379338          -0.1048384877258413          -0.1546902633602233
         -0.1550457359025827          -0.0132392148116512           0.2192315214516973
          0.0000000000000000           0.0000000000000000           0.0000000000000000
          0.5762209295737770          -0.5288547851992459          -0.2649930778022783
          0.0945891359707760          -0.1283581247011821          -0.1658378464552965
          0.0000000000000000           0.0000000000000000           0.0000000000000000
          0.1029301341779485           0.2950159914277920          -0.1932706432293972
         -0.4926109046148845           0.0739245138866512           0.5282818705431620
          0.0000000000000000           0.0000000000000000           0.0000000000000000
          0.3182725096863971          -0.1724148206657702          -0.2153805023008610
         -0.0780938085756175           0.0039759394316301           0.1630204316269967
          0.0000000000000000           0.0000000000000000           0.0000000000000000
          0.3698633085814269           0.0242583830227960          -0.3101486075134967
         -0.2776629086549860           0.0684591410629099           0.3701781837724637
          0.0000000000000000           0.0000000000000000           0.0000000000000000
          0.2887996306522669          -0.1627821674002125          -0.2260006244043154
         -0.0237864455220194           0.0236315817613218           0.0990080069675344
          0.0000000000000000           0.0000000000000000           0.0000000000000000
          0.4077822812259678          -0.0957207599604258          -0.3449644486937872
         -0.1181429784184704           0.0712032526771070           0.2131015932598247
          0.0000000000000000           0.0000000000000000           0.0000000000000000
          1.0475631595719144           0.4143995759347716          -0.8307262294065931
         -0.7599510629136403           0.2992025051459520           0.7814949389196704
          0.0000000000000000           0.0000000000000000           0.0000000000000000
        -73.3876390836108641        1496.3321934711366339         650.4642004020070090
      -1462.7220091418998891         572.8111579816475114         578.7381352615326477
          0.0000000000000000           0.0000000000000000           0.0000000000000000
          0.1838871307211919          -0.1081781676442323          -0.1781254392465850
          0.0015559493967185           0.0301969507352194           0.0441628811964998
          0.0000000000000000           0.0000000000000000           0.0000000000000000
          0.2883421392293285          -0.1011171163852907          -0.2802905361315417
         -0.0302282763586791           0.0617425412268084           0.0905974873177484
          0.0000000000000000           0.0000000000000000           0.0000000000000000
          0.8332216730323377           0.0460157813926159          -0.7007574957809884
         -0.2595922468671549           0.2018855789781541           0.3186042505744371
          0.0000000000000000           0.0000000000000000           0.0000000000000000
        425.6166549805372483         629.1040266229488225         185.2910000609026042
       -506.4570520792240700         169.3950224502124513         226.5346948471250244
          0.0000000000000000           0.0000000000000000           0.0000000000000000
          0.0563528621940737          -0.0357295127820452          -0.0746672506845386
          0.0040521907492839           0.0153545791768655           0.0072713084639153
          0.0000000000000000           0.0000000000000000           0.0000000000000000
          0.0969247803250197          -0.0417710256322791          -0.1199354186240380
          0.0006426985667644           0.0267009276067380           0.0141746326359144
          0.0000000000000000           0.0000000000000000           0.0000000000000000
          0.3059062781906960          -0.0349558724104903          -0.3091155214293747
         -0.0293560546029451           0.0755152713253112           0.0474265219924341
          0.0000000000000000           0.0000000000000000           0.0000000000000000
        242.1309298546232753         126.0619599194934182         -30.3563414933492091
        -67.3673506552524515          29.3124863982815143          31.3338053901304079
          0.0000000000000000           0.0000000000000000           0.0000000000000000
   6
          0.0732227744747211          -0.0269812317617993          -0.0697838587297279
          0.0000000000000000           0.0000000000000000           0.0000000000000000
         -0.0242762617941797          -0.0039575164931639           0.0165872907779133
          0.0000000000000000           0.0000000000000000           0.0000000000000000
         -0.0807720360840341           0.0257070802345392           0.0702706431059106
          0.0000000000000000           0.0000000000000000           0.0000000000000000
         -0.1125634356906694           0.0594841933254454           0.0983147855308727
          0.0000000000000000           0.0000000000000000           0.0000000000000000
         -0.1074740595844533           0.0779188334797630           0.0854381694967606
          0.0000000000000000           0.0000000000000000           0.0000000000000000
         -0.0668485463093539           0.0590776761072480           0.0424932540566381
          0.0000000000000000           0.0000000000000000           0.0000000000000000
         -0.0115694255058995           0.0122941647455037           0.0034379077906350
          0.0000000000000000           0.0000000000000000           0.0000000000000000
         -0.0001877732800593           0.0002338595579728          -0.0000220573834888
          0.0000000000000000           0.0000000000000000           0.0000000000000000
         -0.6827669575757619           0.2590061611338996           0.6040741968071596
          0.0192324762031068          -0.0046283614797398          -0.0264536782140664
          0.0000000000000000           0.0000000000000000           0.0000000000000000
         -0.3401648413503558          -0.0714037608970198           0.1530780104127237
         -0.0197847819544710          -0.0260887800605640           0.0288074553697423
          0.0000000000000000           0.0000000000000000           0.0000000000000000
         -1.0068311078475907           0.5799185870007654           0.7116083868764769
          0.0049694368594332           0.0055684293271215          -0.0070814233568738
          0.0000000000000000           0.0000000000000000           0.0000000000000000
         -0.3216268753967748          -0.0809012570610712          -0.1903839859123957
         -0.0730650794557224          -0.0373524078345270           0.1034408438107436
          0.0000000000000000           0.0000000000000000           0.0000000000000000
         -0.5797480392468196           0.2438305377796506           0.5320939578415613
          0.0108492311413835          -0.0041445164539694          -0.0156851741815462
          0.0000000000000000           0.0000000000000000           0.0000000000000000
         -0.5366916864254292           0.0667129683611464           0.3489200144718859
         -0.0249858552814955          -0.0167299285583433           0.0348067647279958
          0.0000000000000000           0.0000000000000000           0.0000000000000000
         -0.7864849631041404           0.4583670895661027           0.5770111975035677
          0.0024603487957771           0.0030875416565001          -0.0042932393156825
          0.0000000000000000           0.0000000000000000           0.0000000000000000
         -0.7003722574613623           0.1041319507290946           0.2106633107642153
         -0.0692098240499809          -0.0220832825522476           0.0966906385034015
          0.0000000000000000           0.0000000000000000           0.0000000000000000
         -0.6421410756252917           0.1994054390450459           0.4707622840233542
         -0.0211216012970057          -0.0068051952548914           0.0297923519583636
          0.0000000000000000           0.0000000000000000           0.0000000000000000
         -0.9388673522934640           0.2856025490536696           0.5259806503922141
         -0.0499043884628530          -0.0069829060334501           0.0704778803093850
          0.0000000000000000           0.0000000000000000           0.0000000000000000
         -0.5756866734281954           0.2459088789119828           0.4373654712875688
         -0.0118994972822307          -0.0011227694197403           0.0172674306539654
          0.0000000000000000           0.0000000000000000           0.0000000000000000
         -0.8817681705682794           0.3517027859607736           0.5814901052776434
         -0.0260614612215841           0.0005572297756233           0.0375500598436630
          0.0000000000000000           0.0000000000000000           0.0000000000000000
         -2.2595291942375106           0.8488361806710550           1.0438138848218390
         -0.1194903472871322           0.0238408535474734           0.1684292425530079
          0.0000000000000000           0.0000000000000000           0.0000000000000000
       2376.7391885231181732        1024.3848737025316495       -2126.6753704580000885
       -581.4036524731803866         335.1666370862909048         732.4663970109911588
          0.0000000000000000           0.0000000000000000           0.0000000000000000
         -0.3902606793473981           0.1984161184571910           0.2956505580832925
         -0.0042616113054329           0.0004862068044932           0.0062878965154628
          0.0000000000000000           0.0000000000000000           0.0000000000000000
         -0.6126490782793174           0.2863667635209525           0.4306603234729969
         -0.0089579073690945           0.0017004858522902           0.0130348991499160
          0.0000000000000000           0.0000000000000000           0.0000000000000000
         -1.6033342788733118           0.6844920599168433           0.9679441544628191
         -0.0387034333414196           0.0120274620454424           0.0547272817064497
          0.0000000000000000           0.0000000000000000           0.0000000000000000
        538.8256663783951126         666.0048474937610763        -461.9708700551988159
       -166.4522934110488279          98.0292903578290264         210.0342183896226800
          0.0000000000000000           0.0000000000000000           0.0000000000000000
         -0.1386872748412093           0.0764497666070510           0.1001002583915842
         -0.0004432567307811           0.0001643194716701           0.0006376287647133
          0.0000000000000000           0.0000000000000000           0.0000000000000000
         -0.2216107374379058           0.1120527833361224           0.1568027278289303
         -0.0009018921113400           0.0003671338067945           0.0012781278191032
          0.0000000000000000           0.0000000000000000           0.0000000000000000
         -0.5856343742583549           0.2688835348562432           0.4004488690116084
         -0.0036894620364069           0.0017180093839898           0.0050910694424395
          0.0000000000000000           0.0000000000000000           0.0000000000000000
        -65.5912678806247698         201.7660698263302095          68.3181868048743581
        -13.6114174043618501           8.3701266775788294          17.0832552617302333
          0.0000000000000000           0.0000000000000000           0.0000000000000000
