1  82   4   0   0   -12.283949   0.000000

./DATA/2947/200/30/
0
          1.4169979569941533
          7.8685615737470140
          0.8238397141887674
          5.5436150473287054
          0.4544891643410603
          3.8978881293326486
          0.1877724089396991
          2.4006298328235873
          0.0434246770682426
          1.1266700515244983
          0.0041964049509017
          0.3478738843113098
          0.0000122180610028
          0.0187572128127143
          0.0000000001036014
          0.0000546196669904
          0.0116129159759394
          1.5741914183144301
          7.5793058819064445
          0.0323266436641918
          7.1737866013432559
         18.3626513708558043
          0.0085786991656184
          0.7905521111069185
          6.0923050934399017
          0.0500061545421233
         11.9897424771645689
         27.6589960713385743
          0.0058985716178062
          1.0459472540088735
          5.4613141876226949
          0.0164196206279460
          4.9160422557820684
         13.3323010412910410
          0.0043575239181399
          0.5024273304165279
          4.2795315488879169
          0.0253996219384195
          8.2426173339629258
         20.0215052562247067
          0.0051068457534444
          2.5987274109363376
          7.8322356655614263
          0.0078998399288348
          4.3767663369630609
         11.7118258674420659
          0.0009956133722753
          1.0887907426285248
          3.8467573800579040
          0.0015401296076955
          1.8420144720642835
          5.7290634472946147
          0.0040564875746437
          5.3520996824621170
         13.4806864969530587
          2.3467073239873408
       3650.2408453828584243
       6380.4702999338833251
          0.0000963264360761
          0.3236468645982908
          1.4611721967206477
          0.0001490090290841
          0.5497298210141175
          2.1705642866800074
          0.0003924713857319
          1.5997756436168380
          4.9899432361857672
          0.2270535504970893
       1044.5041260733021318
       1709.0138085841431348
          0.0000009017446610
          0.0301218078469710
          0.2313367337612813
          0.0000013949251161
          0.0513409516433698
          0.3439243867524262
          0.0000036740692777
          0.1495639004582031
          0.7746213186462981
          0.0021255549550124
         93.5583109338407581
        156.7431814646334942
1
          2.6228538579156728
          6.6627056728254939
          1.8478716824429011
          4.5195830790745708
          1.2992960431108824
          3.0530812505628262
          0.8002099442745287
          1.7881922974887574
          0.3755566838414993
          0.7945380447512412
          0.1159579614371033
          0.2361123278251084
          0.0062524042709048
          0.0125170266028123
          0.0000182065556635
          0.0000364132149283
          0.6357843272515429
          4.3060324062060307
          4.2232934827392530
          0.8222120093580704
         12.9886057623021323
         11.7579468442030208
          0.6072429081902344
          3.1105682829484409
          3.1736247125737695
          0.9800982724032890
         20.4757149951406490
         18.2429314355013084
          0.4420196179395207
          3.1054859738723852
          2.9656544214374816
          0.5516453003589697
          9.4235908454034636
          8.2895267719386414
          0.4252752465735488
          2.1699463162503614
          2.1910948403986841
          0.6445266114124470
         14.8061560593125101
         12.8388395414010290
          0.2826523259294826
          5.5224282621607674
          4.6309893341609598
          0.3201289605351230
          8.6265481028788180
          7.1498149809200209
          0.1145226405561414
          2.6983898864691600
          2.1236312090333977
          0.1251682120119462
          4.1830440315272694
          3.2644058054273697
          0.1687072447827122
         10.4337430692239899
          8.2343923529831340
         18.3500265451178635
       5433.6937619933014503
       4581.0140641023026546
          0.0329839740398929
          1.0160291379334085
          0.7359022757817119
          0.0347776152917160
          1.5607309008746117
          1.1249346005568832
          0.0420947325253193
          3.7756979069454855
          2.7723187117175319
          3.0274182126429401
       1481.4557446552437341
       1269.2618253400573849
          0.0029814792480249
          0.1583021332937950
          0.1001758308110939
          0.0030340725287949
          0.2403284299918174
          0.1519042308002992
          0.0032481214755904
          0.5597726029657519
          0.3611681687324367
          0.0886811403032790
        135.5041956737629221
        114.7107411393634351
1
          2.6228538579156728
          6.6627056728254974
          1.8478716824429009
          4.5195830790745681
          1.2992960431108826
          3.0530812505628262
          0.8002099442745287
          1.7881922974887574
          0.3755566838414993
          0.7945380447512410
          0.1159579614371033
          0.2361123278251085
          0.0062524042709048
          0.0125170266028123
          0.0000182065556635
          0.0000364132149283
          0.6357843272515431
          4.3060324062060262
          4.2232934827392601
          0.8222120093580703
         12.9886057623021376
         11.7579468442030404
          0.6072429081902343
          3.1105682829484400
          3.1736247125737655
          0.9800982724032887
         20.4757149951406667
         18.2429314355013403
          0.4420196179395207
          3.1054859738723852
          2.9656544214374696
          0.5516453003589696
          9.4235908454034654
          8.2895267719386450
          0.4252752465735488
          2.1699463162503636
          2.1910948403986863
          0.6445266114124473
         14.8061560593125243
         12.8388395414010485
          0.2826523259294826
          5.5224282621607665
          4.6309893341609563
          0.3201289605351231
          8.6265481028788216
          7.1498149809200351
          0.1145226405561414
          2.6983898864691573
          2.1236312090333973
          0.1251682120119462
          4.1830440315272748
          3.2644058054273613
          0.1687072447827121
         10.4337430692240130
          8.2343923529831482
         18.3500265451178599
       5433.6937619933059977
       4581.0140641023117496
          0.0329839740398929
          1.0160291379334085
          0.7359022757817103
          0.0347776152917160
          1.5607309008746120
          1.1249346005568852
          0.0420947325253192
          3.7756979069454846
          2.7723187117175341
          3.0274182126429379
       1481.4557446552430520
       1269.2618253400560207
          0.0029814792480249
          0.1583021332937951
          0.1001758308110939
          0.0030340725287949
          0.2403284299918173
          0.1519042308002999
          0.0032481214755904
          0.5597726029657519
          0.3611681687324367
          0.0886811403032790
        135.5041956737629221
        114.7107411393636056
1
          2.6228538579156724
          6.6627056728254939
          1.8478716824429011
          4.5195830790745717
          1.2992960431108826
          3.0530812505628262
          0.8002099442745287
          1.7881922974887583
          0.3755566838414993
          0.7945380447512407
          0.1159579614371033
          0.2361123278251085
          0.0062524042709048
          0.0125170266028123
          0.0000182065556635
          0.0000364132149283
          0.6357843272515431
          4.3060324062060253
          4.2232934827392548
          0.8222120093580704
         12.9886057623021394
         11.7579468442030475
          0.6072429081902343
          3.1105682829484400
          3.1736247125737655
          0.9800982724032891
         20.4757149951406667
         18.2429314355012551
          0.4420196179395208
          3.1054859738723848
          2.9656544214374696
          0.5516453003589697
          9.4235908454034671
          8.2895267719386467
          0.4252752465735488
          2.1699463162503636
          2.1910948403986854
          0.6445266114124474
         14.8061560593125261
         12.8388395414010539
          0.2826523259294827
          5.5224282621607648
          4.6309893341609643
          0.3201289605351230
          8.6265481028788216
          7.1498149809200351
          0.1145226405561414
          2.6983898864691565
          2.1236312090333884
          0.1251682120119462
          4.1830440315272694
          3.2644058054273608
          0.1687072447827121
         10.4337430692240059
          8.2343923529831233
         18.3500265451178777
       5433.6937619933078167
       4581.0140641023044736
          0.0329839740398929
          1.0160291379334083
          0.7359022757817105
          0.0347776152917160
          1.5607309008746117
          1.1249346005568823
          0.0420947325253192
          3.7756979069454855
          2.7723187117175323
          3.0274182126429401
       1481.4557446552430520
       1269.2618253400514732
          0.0029814792480249
          0.1583021332937951
          0.1001758308110940
          0.0030340725287949
          0.2403284299918173
          0.1519042308002998
          0.0032481214755904
          0.5597726029657518
          0.3611681687324368
          0.0886811403032791
        135.5041956737628936
        114.7107411393635772
