1  82   4   1   4   -12.051082   0.000000
  0 
./DATA/2947/108/M022/
0
          3.9587984751422338
          4.9929706586308980
          2.5331983528780486
          3.5562021678586562
          1.6027583254294540
          2.5312206372814252
          0.8567049153188612
          1.5986055019685979
          0.3371520408418933
          0.8025844823782063
          0.0897159952923056
          0.2905905076207071
          0.0049784495576143
          0.0261799821308825
          0.0000277537847235
          0.0002515938886890
          0.9920106885223112
          4.0246295765906064
          3.1711739588150785
          2.7619993636484685
         14.4528948964076971
          5.9643391466315521
          0.7294773455324080
          2.7478106799393851
          2.8942857472893455
          4.2694546957847219
         23.6043413195735603
          8.4806161229222905
          0.6379629097121297
          2.8755005580305526
          2.2758434693639562
          1.7773012331031088
         10.4088506291413179
          4.2749149065301459
          0.4682393822020275
          1.9193751077865104
          2.0564667518573505
          2.7469160289839873
         16.9860752500080423
          6.0546096261897331
          0.8448213244564990
          6.0293504049493327
          2.4652856625570378
          1.3050116861979035
          9.8220373823077622
          3.4698022150057546
          0.3073793699528838
          2.9088915418203896
          1.1907143722481361
          0.4742291454392651
          4.7251375139479146
          1.6634749599077518
          1.2237928192647094
         13.0806347764592754
          3.6093656960516616
        862.2713877749523590
      10941.9562457812462526
       1560.0106615923148183
          0.0761097096202300
          1.0854251510872226
          0.4501037261864056
          0.1171466601933047
          1.7557554510958449
          0.6239746963764049
          0.2994375862186034
          4.7792421344018257
          1.3146924144546128
        200.6257607750943919
       3431.8906531459078906
        449.7162162364514870
          0.0052254341273151
          0.1716602749834973
          0.0746156752769939
          0.0080011903845195
          0.2757451979781146
          0.1026914590857416
          0.0200409925594290
          0.7312362518882908
          0.2084897948151984
         11.9806771084098891
        399.5671268087969565
         46.8606467306090195
0
          3.9587984751422347
          4.9176391474373542
          2.5331983528780482
          3.5682587580253662
          1.6027583254294540
          2.5880224598314086
          0.8567049153188614
          1.6744579087546945
          0.3371520408418934
          0.8679044560265269
          0.0897159952923057
          0.3270257271034797
          0.0049784495576143
          0.0319703222132979
          0.0000277537847235
          0.0003465156330427
          0.9920106885223111
          4.1633123462426918
          3.4595693207443645
          2.7619993636484690
         14.4009127310799183
          5.9316099078280269
          0.7294773455324074
          2.9101055999959571
          3.3272165794507007
          4.2694546957847219
         23.3853063696704240
          8.2712977536180148
          0.6379629097121299
          2.9930175785012283
          2.5146028047833573
          1.7773012331031091
         10.4342969408542423
          4.3096913771273080
          0.4682393822020277
          2.0509912497483800
          2.3934782284339491
          2.7469160289839873
         16.9335499744544009
          5.9836553731218505
          0.8448213244564986
          6.1052288339477023
          2.5354988641769625
          1.3050116861979026
          9.8942205708439808
          3.4959583907324325
          0.3073793699528838
          2.9831226395927590
          1.2492531291125684
          0.4742291454392655
          4.8233580499871209
          1.7077878732800884
          1.2237928192647081
         13.2733946197792640
          3.6278066119254859
        862.2713877749529274
      10305.9699859263000690
       1829.7923969794348977
          0.0761097096202300
          1.1289697654787574
          0.4785526790152392
          0.1171466601933047
          1.8192732174337367
          0.6477476518427858
          0.2994375862186033
          4.9347041663415760
          1.3298444530732210
        200.6257607750944771
       3325.5949170923086058
        554.1172171241365731
          0.0052254341273151
          0.1810114910321616
          0.0786523222017882
          0.0080011903845194
          0.2900537384167788
          0.1050923626247343
          0.0200409925594291
          0.7693754281050932
          0.2050141201187097
         11.9806771084098944
        410.5638652814876650
         58.4545181556563804
1
          4.9832989677840001
          3.9551045564913392
          3.5554814142775117
          2.5324586584441580
          2.5385054719039033
          1.6054025451528033
          1.6128637792647000
          0.8620888110364858
          0.8192507532472884
          0.3422969098243923
          0.3026555062248530
          0.0917855824151817
          0.0288139031474199
          0.0049135854341299
          0.0003114537667674
          0.0000236269844607
          3.2326081088089054
          4.0650234462286274
          0.9950343275669479
          5.9200395708863862
         14.4191207852385670
          2.7559654737939052
          3.0105315651837574
          2.7613419780253392
          0.7509155935133498
          8.3853944893387169
         23.4695366560452143
          4.2727778859672600
          2.3275054834887636
          2.9149919792104901
          0.6399211463628635
          4.2430142924975760
         10.3983675564567850
          1.7728707350910140
          2.1517465248519123
          1.9365111243380904
          0.4828668479587494
          5.9827641428695335
         16.9032622788306952
          2.7487660254150508
          2.4460816431007077
          6.0430697260891391
          0.8417723143663781
          3.4242783924102125
          9.7983025150754735
          1.3048531710113798
          1.1798740794779612
          2.9344828753573013
          0.3052953985552092
          1.6377525482397790
          4.7395562613344886
          0.4728495639429128
          3.5671201966057620
         12.9856521488495851
          1.2369434965349209
       1645.4049010427640951
      10659.8163903206186660
        934.7957519932900823
          0.4442414385300016
          1.1085812657131908
          0.0749706292937172
          0.6112913178028889
          1.7809396526655503
          0.1158941197946604
          1.2936399709921151
          4.7860411071618518
          0.3008056198613230
        488.4216304908042048
       3320.2574008128490277
        218.4437791482654916
          0.0725997664637614
          0.1809181250304600
          0.0050038169357383
          0.0991166226499897
          0.2882498476605771
          0.0076984695078160
          0.2023621263427548
          0.7522722110640155
          0.0196174779780669
         53.3346225160334697
        384.3048264827800722
         12.9431549805805695
1
          4.9273108382842521
          3.9551045564913392
          3.5689795116065124
          2.5324586584441584
          2.5807376252089300
          1.6054025451528036
          1.6601996314585930
          0.8620888110364862
          0.8512381851574446
          0.3422969098243923
          0.3149607284993339
          0.0917855824151817
          0.0293364011967604
          0.0049135854341299
          0.0002866557549643
          0.0000236269844607
          3.4307517303605182
          4.1421614425417950
          0.9950343275669482
          5.9374753651046479
         14.4270789940290367
          2.7559654737939048
          3.2627060695459291
          2.8646570180829154
          0.7509155935133489
          8.2761533390341899
         23.4344921210574206
          4.2727778859672636
          2.4866295897961157
          2.9771032066536320
          0.6399211463628637
          4.2986834874812168
         10.4596423732886290
          1.7728707350910144
          2.3420724235282027
          2.0141242761006928
          0.4828668479587496
          5.9661802188984083
         16.9792026093706632
          2.7487660254150521
          2.5104401409513120
          6.1304280612562616
          0.8417723143663783
          3.4600495698086928
          9.9371214941946420
          1.3048531710113784
          1.2215252213026713
          3.0069198831705468
          0.3052953985552093
          1.6688602067512412
          4.8622379525085178
          0.4728495639429128
          3.5624009737369944
         13.3485485604704284
          1.2369434965349198
       1901.6689539598244210
      10320.3463124036261434
        934.7957519932912192
          0.4581676733017265
          1.1475124506687340
          0.0749706292937173
          0.6193793753121803
          1.8488970557387006
          0.1158941197946604
          1.2798388831002991
          4.9977979443680844
          0.3008056198613230
        582.9620533969963390
       3320.4436380422189359
        218.4437791482653779
          0.0717165617039542
          0.1886306917873085
          0.0050038169357383
          0.0955218829991953
          0.3021049751710860
          0.0076984695078160
          0.1876481992367559
          0.7973361212832771
          0.0196174779780669
         62.3961334644692371
        410.1955833230396138
         12.9431549805805695
   0    4  0.988235 -0.765952  0.110080 
          0.0112979345208913          -0.0078239292673067          -0.0179543190187837
         -0.0742565536922272          -0.0702014281163149           0.0279954369380494
         -0.0020369591747294           0.0103277588392723          -0.0196583173170679
         -0.0259766996007109          -0.0267963698155937           0.0130859063429260
          0.0042916248560621           0.0150807731209810           0.0078572871016218
         -0.0330847395781650           0.0255207976012383          -0.0034681557120086
          0.0232892793088018           0.0069630312298167           0.0483189956419161
         -0.0755404332388277           0.0819803310996721          -0.0175786117668154
          0.0446990294848844          -0.0120674167506017           0.0724316243444526
         -0.1219304434840302           0.1139584556590552          -0.0208929723026178
          0.0441862981233016          -0.0208567691377723           0.0523142931759535
         -0.1114211071369750           0.0923174333107499          -0.0130033400958666
          0.0108357964977567          -0.0057146012029649           0.0081223455468724
         -0.0292136935756220           0.0240837011311534          -0.0025633116175730
          0.0001683727152683          -0.0000849220916706           0.0000954728478774
         -0.0007843459113939           0.0006970832032554          -0.0000770922051001
         -0.0121722487027007           0.0303656905314781           0.0378442623529900
         -0.0072409715897486           0.1208458545832602           0.1015141058266755
         -0.1972481219958333           0.2317550839138384          -0.0062988054637260
          0.0022030902438728           0.0327427935527216          -0.1362862885894766
         -0.1692259893857986          -0.0615355165229055          -0.1210613724462802
          0.0146645028579346          -0.2699847754243521           0.0607180747799644
         -0.0039323947957447           0.0690506445070856           0.1301510355609448
          0.1076401185931542          -0.0059403682423631           0.1781315345119255
         -0.3734495118640260           0.4493970599479980           0.0613574196776202
          0.0248182830974018           0.0738048505495726          -0.2181100663239884
         -0.2163299169989425          -0.3707031104546926          -0.2670194220339843
          0.0503757378435078          -0.5540826587283832           0.1953911801650007
         -0.0087644799422912           0.0194814490903053           0.0303434635444847
         -0.0059624344021480           0.1194218901138185           0.1166365161457603
         -0.1842280496486085           0.2284769446690147          -0.0141187603221973
         -0.0031273580418740           0.0328573736349322          -0.1161683487172281
         -0.1349144959961291           0.0499421103457004          -0.0657476222730646
          0.0454359336039930          -0.1747903746109206           0.0282408674934623
         -0.0026475692562688           0.0451217558892116           0.0965187042919655
          0.0918958140005498           0.0070581029815830           0.1740396436655518
         -0.3264065260343591           0.4026403386851051           0.0484941870759051
          0.0086266745445654           0.0718736049784652          -0.1965049202314600
         -0.1660083091874123          -0.1319014565546509          -0.1907286331720991
          0.1329214404708439          -0.4038942998747652           0.1332134427072241
         -0.0027915338463773           0.0246003103521203          -0.0800646203905010
         -0.1143304350486980           0.1502326714794747           0.0065458292665746
          0.0447585129852510          -0.0729179668062725          -0.0089455880819725
          0.0020579608686307           0.0540890750722009          -0.1428658312543242
         -0.1464128227069650           0.1070958166239311          -0.0758866443569957
          0.1547909743575812          -0.2286373146421369           0.0546184985208112
          0.0003265239009216           0.0124901319315113          -0.0431349217041188
         -0.1041711051541462           0.1775549523569060           0.0536978462012646
          0.0160923368504833          -0.0104366838002135          -0.0329818094777051
          0.0029679415005060           0.0288407096245696          -0.0799399529220433
         -0.1474693680537812           0.2180372057249489           0.0161743256599007
          0.1046120194215712          -0.0999815101985976          -0.0064228885364433
          0.0158015455258579           0.1346053215258660          -0.2325088498892122
         -0.1442336286302498           0.1257660185294697          -0.1129240253794243
          0.3746450707620015          -0.2039137294339484           0.2838902130195914
        -95.7651825235495409         105.1150624397966027         101.4307540848016913
       1013.1785988242255598       -1111.3330010556601337        1043.5708399979721435
      -1149.9233723189902321         915.6833542353126631         217.1164752903355861
          0.0015943639886257           0.0036200541132212          -0.0163434344696923
         -0.0827424625617168           0.1336914653065526           0.0583474765697154
         -0.0104992310990942           0.0102580006526358          -0.0370934678397569
          0.0031764507803446           0.0094548657244752          -0.0310125819438139
         -0.1271791749847526           0.1920969760922632           0.0509959886969800
          0.0363607256394959          -0.0304743269680152          -0.0341131029969505
          0.0112961673826932           0.0465827578773557          -0.0956258752752481
         -0.2303194772220241           0.3374006693322557           0.0142048263713139
          0.2088626017686104          -0.0967077216704873           0.0606924782976596
        -18.8267709643558234          49.5883167759641452          -1.7713036716689805
        427.4747292709661792        -443.1721940613160200         378.1032027483882416
       -301.5788572175350737         300.5029473898291030         126.7760385790785875
          0.0005551601642803           0.0001477953056978          -0.0020447902977883
         -0.0347833848171471           0.0439484834333902           0.0249108075544162
         -0.0133757509663065           0.0045699361226174          -0.0185504590304408
          0.0009221907458720           0.0007135044778497          -0.0039216737140934
         -0.0567571052715675           0.0692941248902186           0.0279270549067906
         -0.0047047271081400          -0.0044767948483110          -0.0225520327177897
          0.0027740718549014           0.0043891241698269          -0.0126623503050091
         -0.1349303681526962           0.1637713018654651           0.0320547137656513
          0.0338790242517589          -0.0257361201397713          -0.0221782352276842
          0.5395708243589588           6.1112110148408414          -4.9676007213466047
         55.2910109699854360         -40.1855210405854990          42.5566131580368605
        -15.4239099210732977          32.0799184724983704          23.8323200814844860
   2
         -0.0030931390579575           0.0478042674343007           0.0359600491755807
          0.0000000000000000           0.0000000000000000           0.0000000000000000
          0.0097355758312967          -0.0084498600130825           0.0107539040260115
          0.0000000000000000           0.0000000000000000           0.0000000000000000
         -0.0071932374681963          -0.0309263713209135          -0.0122534301023253
          0.0000000000000000           0.0000000000000000           0.0000000000000000
         -0.0457514748069101          -0.0309679791297478          -0.0306311107056165
          0.0000000000000000           0.0000000000000000           0.0000000000000000
         -0.0869335281954636          -0.0109277422636880          -0.0347006084512785
          0.0000000000000000           0.0000000000000000           0.0000000000000000
         -0.0869135777112776           0.0094023669899928          -0.0228089806805453
          0.0000000000000000           0.0000000000000000           0.0000000000000000
         -0.0256917526314604           0.0088177326577514          -0.0045358880907967
          0.0000000000000000           0.0000000000000000           0.0000000000000000
         -0.0007606244011141           0.0004268109666053          -0.0001123616156578
          0.0000000000000000           0.0000000000000000           0.0000000000000000
         -0.1441576988579160          -0.1431948743268303          -0.2117552496699188
         -0.0696301275156034          -0.2105409216171208          -0.0119861426623678
          0.0000000000000000           0.0000000000000000           0.0000000000000000
          0.1810825194398968           0.0455453525787613           0.1836007716484651
         -0.0011322620603941           0.1676776593183254           0.0756628800660522
          0.0000000000000000           0.0000000000000000           0.0000000000000000
         -0.1339155793132499          -0.3803819869180505          -0.1405604603342624
         -0.3156246136689016          -0.0802071549661619          -0.0207825761587137
          0.0000000000000000           0.0000000000000000           0.0000000000000000
          0.5165648572823771          -0.0029015331068681           0.6501515823025049
         -0.1786288827584834           0.6762300069047313           0.1545154692981267
          0.0000000000000000           0.0000000000000000           0.0000000000000000
         -0.1565132366128409          -0.0890778861117224          -0.1877399587771586
         -0.0378580958133709          -0.1599549990817126          -0.0166399418809891
          0.0000000000000000           0.0000000000000000           0.0000000000000000
          0.1701768065009133          -0.0115847245978143           0.1749367610727286
         -0.0275158597592954           0.1555575851140588           0.0210987406655221
          0.0000000000000000           0.0000000000000000           0.0000000000000000
         -0.1596955373891142          -0.2582870593273519          -0.1425312172706682
         -0.2087462951321236          -0.0676160057080476          -0.0145999163218687
          0.0000000000000000           0.0000000000000000           0.0000000000000000
          0.4936845488383942          -0.1033007362995342           0.5828222224291044
         -0.1880618230239729           0.5634091626834977           0.0608774487711535
          0.0000000000000000           0.0000000000000000           0.0000000000000000
          0.1323780378457411          -0.0470150249001483           0.1530174556254708
         -0.0670521519423766           0.1373803624275332          -0.0335130965040790
          0.0000000000000000           0.0000000000000000           0.0000000000000000
          0.4055841774787090          -0.1601460961106943           0.4629981614497509
         -0.2050926752792098           0.4201243136248458          -0.0367464465019733
          0.0000000000000000           0.0000000000000000           0.0000000000000000
          0.0799815445442921          -0.0457243612603410           0.1155532986050573
         -0.0899217366611713           0.1071621451807994          -0.0611208806731359
          0.0000000000000000           0.0000000000000000           0.0000000000000000
          0.2722244957662100          -0.1427169942018021           0.3150535375191236
         -0.1982105869719762           0.2783189241828842          -0.0909880465978675
          0.0000000000000000           0.0000000000000000           0.0000000000000000
          1.2481879879989861          -0.6492138641277546           1.3559190537712014
         -0.7736422873863826           1.2503883273432397          -0.0984824675640731
          0.0000000000000000           0.0000000000000000           0.0000000000000000
        883.5706244790700339        -341.9437078927957714        1255.2932836725881316
      -1111.2815226853085733        1696.1006040996244337        1349.0090862450038003
          0.0000000000000000           0.0000000000000000           0.0000000000000000
          0.0332391353933671          -0.0270857515069952           0.0680410776378617
         -0.0789421683421896           0.0645651795172984          -0.0579459926095031
          0.0000000000000000           0.0000000000000000           0.0000000000000000
          0.1375745380285852          -0.0863290931727347           0.1677845046842571
         -0.1485287525579593           0.1476587972858429          -0.0923869606544140
          0.0000000000000000           0.0000000000000000           0.0000000000000000
          0.6648049034021545          -0.3811818266531483           0.6670128415586026
         -0.4798419328059423           0.5994536592053343          -0.1931698996963921
          0.0000000000000000           0.0000000000000000           0.0000000000000000
        465.5692627604577183        -226.2960699601019599         516.9506801399032838
       -383.9250078090078091         661.5763050507654270         503.5171704514619933
          0.0000000000000000           0.0000000000000000           0.0000000000000000
          0.0038328780195601          -0.0074836332665026           0.0189006455553765
         -0.0327051499763004           0.0169215188988130          -0.0257610941025779
          0.0000000000000000           0.0000000000000000           0.0000000000000000
          0.0300876378843740          -0.0241730485170870           0.0415066805164685
         -0.0556864856647965           0.0352960650716758          -0.0423727332742899
          0.0000000000000000           0.0000000000000000           0.0000000000000000
          0.1624224859359150          -0.1026628609540690           0.1484682605548779
         -0.1556623852225100           0.1316294465243051          -0.1074568997729448
          0.0000000000000000           0.0000000000000000           0.0000000000000000
        106.3986896949578949         -55.7158044942654200          88.7225434163079143
        -59.2278013453953420         119.3326204184780011          48.1387500240620696
          0.0000000000000000           0.0000000000000000           0.0000000000000000
   0
         -0.0000000000000000          -0.0000000000000000           0.0000000000000000
          0.0000000000000000           0.0000000000000000           0.0000000000000000
          0.0000000000000000          -0.0000000000000000           0.0000000000000000
          0.0000000000000000           0.0000000000000000           0.0000000000000000
         -0.0000000000000000           0.0000000000000000           0.0000000000000000
          0.0000000000000000           0.0000000000000000           0.0000000000000000
          0.0000000000000000           0.0000000000000000           0.0000000000000000
          0.0000000000000000           0.0000000000000000           0.0000000000000000
          0.0000000000000000          -0.0000000000000000           0.0000000000000000
          0.0000000000000000           0.0000000000000000           0.0000000000000000
          0.0000000000000000           0.0000000000000000           0.0000000000000000
          0.0000000000000000           0.0000000000000000           0.0000000000000000
         -0.0000000000000000          -0.0000000000000000          -0.0000000000000000
          0.0000000000000000           0.0000000000000000           0.0000000000000000
          0.0000000000000000          -0.0000000000000000           0.0000000000000000
          0.0000000000000000           0.0000000000000000           0.0000000000000000
          0.0150328075409122          -0.0001140377978947          -0.0430203751184506
         -0.0474440756888442          -0.0990542059404879           0.0202682429231550
          0.0000000000000000           0.0000000000000000           0.0000000000000000
         -0.0200173867703264           0.0316682798399945          -0.0062006379997928
         -0.0134400372366967           0.0408608638318373           0.0115752565009895
          0.0000000000000000           0.0000000000000000           0.0000000000000000
          0.0214350744211169          -0.0058552313384436           0.0160946227049551
         -0.0591109624040860          -0.0489787786428074          -0.0046183319144641
          0.0000000000000000           0.0000000000000000           0.0000000000000000
         -0.0486653142013597           0.0577094039373351           0.0897340969422712
          0.0088971145002089           0.2308513609018432          -0.0220043047587957
          0.0000000000000000           0.0000000000000000           0.0000000000000000
          0.0088495571570796           0.0046301877225218          -0.0409988571135189
         -0.0292933958917902          -0.0733608210944768           0.0163401398458847
          0.0000000000000000           0.0000000000000000           0.0000000000000000
         -0.0147954761491622           0.0215392236400969          -0.0019135854728524
         -0.0057852704399111           0.0562471660678819           0.0109159767291300
          0.0000000000000000           0.0000000000000000           0.0000000000000000
          0.0135200405872245          -0.0001964307677475          -0.0005453969243095
         -0.0398291932032368          -0.0397840491848413          -0.0002786885398437
          0.0000000000000000           0.0000000000000000           0.0000000000000000
         -0.0337700260252588           0.0336216410674027           0.0776251463570233
          0.0071870577005222           0.2194319251398775          -0.0111270147733535
          0.0000000000000000           0.0000000000000000           0.0000000000000000
         -0.0076360323084856           0.0097471599291675           0.0008758514845692
          0.0004996887395892           0.0629390597220995           0.0120625368917839
          0.0000000000000000           0.0000000000000000           0.0000000000000000
         -0.0168521604658721           0.0097815176617664           0.0540776578110723
          0.0071339689374299           0.1836938837537753           0.0046241971890830
          0.0000000000000000           0.0000000000000000           0.0000000000000000
         -0.0022365047626941           0.0020894334643458           0.0009839180645826
          0.0034679049226982           0.0523076273941722           0.0119661410342318
          0.0000000000000000           0.0000000000000000           0.0000000000000000
         -0.0054205481416595          -0.0021344405010543           0.0284576339916416
          0.0081513031770716           0.1272297246539507           0.0142437319963210
          0.0000000000000000           0.0000000000000000           0.0000000000000000
         -0.0083913650922131          -0.0303593876276099           0.2289213413369040
         -0.0228727117643338           0.5826729891725000           0.0091078192315019
          0.0000000000000000           0.0000000000000000           0.0000000000000000
        371.5884584059118652        -125.1656198743834949         673.4311289833061664
      -1550.5341189948951524        1144.7045909880735053        -327.8767938964984410
          0.0000000000000000           0.0000000000000000           0.0000000000000000
          0.0001089612826934          -0.0005832451896691           0.0002158358476559
          0.0036138390245231           0.0304654236558159           0.0084329300303000
          0.0000000000000000           0.0000000000000000           0.0000000000000000
         -0.0004354897672821          -0.0036561649490395           0.0098533263153949
          0.0071943157764299           0.0657959783555981           0.0131131021896137
          0.0000000000000000           0.0000000000000000           0.0000000000000000
          0.0002657841752800          -0.0227169332333691           0.0772748023172376
          0.0104497095339843           0.2693371837734317           0.0330141085407338
          0.0000000000000000           0.0000000000000000           0.0000000000000000
        104.5952160530709989         -56.9872389971185456         195.7901445203258675
       -409.0912606433527685         460.2320956006600454         -64.4783654088411993
          0.0000000000000000           0.0000000000000000           0.0000000000000000
          0.0002148996061936          -0.0002963873617212          -0.0000641021838488
          0.0013801128533022           0.0071000236683122           0.0023920725122734
          0.0000000000000000           0.0000000000000000           0.0000000000000000
          0.0002657353187497          -0.0008580562629480           0.0009523427911703
          0.0026264943869599           0.0139652298960882           0.0041643932762917
          0.0000000000000000           0.0000000000000000           0.0000000000000000
          0.0007083599097330          -0.0041434924279147           0.0078791090957168
          0.0079465343234303           0.0513072232134628           0.0129564172866566
          0.0000000000000000           0.0000000000000000           0.0000000000000000
          8.4297512386891746          -7.4236174157349062          16.9033230288914851
        -23.1178478014922000          73.8103390367604959           4.9263239934028578
          0.0000000000000000           0.0000000000000000           0.0000000000000000
   1
          0.0112979345208912          -0.0078239292673067          -0.0179543190187837
          0.0000000000000000           0.0000000000000000           0.0000000000000000
         -0.0020369591747293           0.0103277588392723          -0.0196583173170678
          0.0000000000000000           0.0000000000000000           0.0000000000000000
          0.0042916248560621           0.0150807731209810           0.0078572871016219
          0.0000000000000000           0.0000000000000000           0.0000000000000000
          0.0232892793088018           0.0069630312298167           0.0483189956419162
          0.0000000000000000           0.0000000000000000           0.0000000000000000
          0.0446990294848844          -0.0120674167506017           0.0724316243444527
          0.0000000000000000           0.0000000000000000           0.0000000000000000
          0.0441862981233016          -0.0208567691377723           0.0523142931759535
          0.0000000000000000           0.0000000000000000           0.0000000000000000
          0.0108357964977567          -0.0057146012029649           0.0081223455468724
          0.0000000000000000           0.0000000000000000           0.0000000000000000
          0.0001683727152683          -0.0000849220916706           0.0000954728478774
          0.0000000000000000           0.0000000000000000           0.0000000000000000
          0.0028605588382117           0.0302516527335836          -0.0051761127654606
          0.1818769381683017          -0.1851327643254796           0.2456320345612859
          0.0000000000000000           0.0000000000000000           0.0000000000000000
         -0.0178142965264536           0.0644110733927162          -0.1424869265892691
         -0.2974597862183073           0.3026364444944853          -0.2970228006050356
          0.0000000000000000           0.0000000000000000           0.0000000000000000
          0.0175026796253720           0.0631954131686420           0.1462456582658998
          0.1483711771442598          -0.2104631265577802           0.4366460636202595
          0.0000000000000000           0.0000000000000000           0.0000000000000000
         -0.0238470311039585           0.1315142544869075          -0.1283759693817165
         -0.8103022716289571           0.7650752910821494          -0.6486636067123818
          0.0000000000000000           0.0000000000000000           0.0000000000000000
          0.0000850772147883           0.0241116368128271          -0.0106553935690344
          0.1969140993786000          -0.1532914021427105           0.2291167598237355
          0.0000000000000000           0.0000000000000000           0.0000000000000000
         -0.0179228341910359           0.0543965972750289          -0.1180819341900807
         -0.3027123634451757           0.3397690576288252          -0.2054839825260538
          0.0000000000000000           0.0000000000000000           0.0000000000000000
          0.0108724713309558           0.0449253251214641           0.0959733073676560
          0.1924363298174345          -0.2013004900920157           0.3795818988386377
          0.0000000000000000           0.0000000000000000           0.0000000000000000
         -0.0251433514806939           0.1054952460458681          -0.1188797738744366
         -0.8068165958301174           0.7848204294510550          -0.4896195858609417
          0.0000000000000000           0.0000000000000000           0.0000000000000000
         -0.0104275661548628           0.0343474702812877          -0.0791887689059318
         -0.2869096580144319           0.3379273502726403          -0.0860432910044095
          0.0000000000000000           0.0000000000000000           0.0000000000000000
         -0.0147941995972416           0.0638705927339673          -0.0887881734432522
         -0.7313535971087273           0.7204461353471235          -0.2676689038979252
          0.0000000000000000           0.0000000000000000           0.0000000000000000
         -0.0019099808617725           0.0145795653958571          -0.0421510036395363
         -0.2369909795916589           0.2745630871515659           0.0032733520963723
          0.0000000000000000           0.0000000000000000           0.0000000000000000
         -0.0024526066411535           0.0267062691235153          -0.0514823189304017
         -0.5701797877979025           0.5532784063928204          -0.0823376140067811
          0.0000000000000000           0.0000000000000000           0.0000000000000000
          0.0074101804336448           0.1042459338982559          -0.0035875085523087
         -2.3286742783692969           1.8886989058450516          -0.4155151485347930
          0.0000000000000000           0.0000000000000000           0.0000000000000000
        275.8232758823616564         -20.0505574345871445         774.8618830681077725
      -1836.8240889276964936        2101.5302136264845103         237.8491876686870512
          0.0000000000000000           0.0000000000000000           0.0000000000000000
          0.0017033252713190           0.0030368089235522          -0.0161275986220365
         -0.1564670829279562           0.1694904321793478           0.0385544309570343
          0.0000000000000000           0.0000000000000000           0.0000000000000000
          0.0027409610130625           0.0057987007754357          -0.0211592556284190
         -0.3530201142457359           0.3276866741576285           0.0165476325469833
          0.0000000000000000           0.0000000000000000           0.0000000000000000
          0.0115619515579732           0.0238658246439866          -0.0183510729580106
         -1.3548129158686162           1.0757287977448573          -0.0817017217896342
          0.0000000000000000           0.0000000000000000           0.0000000000000000
         85.7684450887150973          -7.3989222211544323         194.0188408486570495
      -1027.3835585606261702         996.0472195474382033          31.0188441168600164
          0.0000000000000000           0.0000000000000000           0.0000000000000000
          0.0007700597704739          -0.0001485920560234          -0.0021088924816372
         -0.0522568773144745           0.0485187209856876           0.0225946420667769
          0.0000000000000000           0.0000000000000000           0.0000000000000000
          0.0011879260646217          -0.0001445517850983          -0.0029693309229231
         -0.1087504316650145           0.0904975791760418           0.0257763985656387
          0.0000000000000000           0.0000000000000000           0.0000000000000000
          0.0034824317646344           0.0002456317419121          -0.0047832412092923
         -0.3869926931417465           0.2884442642914296           0.0318188354617269
          0.0000000000000000           0.0000000000000000           0.0000000000000000
          8.9693220630481374          -1.3124064008940646          11.9357223075448804
       -272.5494196916086480         226.3376233150785026         -10.1344365337629814
          0.0000000000000000           0.0000000000000000           0.0000000000000000
   3
         -0.0711634146342697          -0.1180056955506156          -0.0079646122375312
          0.0000000000000000           0.0000000000000000           0.0000000000000000
         -0.0357122754320077          -0.0183465098025112           0.0023320023169145
          0.0000000000000000           0.0000000000000000           0.0000000000000000
         -0.0258915021099687           0.0564471689221518           0.0087852743903166
          0.0000000000000000           0.0000000000000000           0.0000000000000000
         -0.0297889584319176           0.1129483102294200           0.0130524989388012
          0.0000000000000000           0.0000000000000000           0.0000000000000000
         -0.0349969152885666           0.1248861979227432           0.0138076361486607
          0.0000000000000000           0.0000000000000000           0.0000000000000000
         -0.0245075294256975           0.0829150663207571           0.0098056405846787
          0.0000000000000000           0.0000000000000000           0.0000000000000000
         -0.0035219409441616           0.0152659684734020           0.0019725764732237
          0.0000000000000000           0.0000000000000000           0.0000000000000000
         -0.0000237215102798           0.0002702722366501           0.0000352694105577
          0.0000000000000000           0.0000000000000000           0.0000000000000000
         -0.1119299193091526           0.3317800162865444          -0.0816429424017246
         -0.0406469835236830           0.1002451322623911           0.0962235760469163
          0.0000000000000000           0.0000000000000000           0.0000000000000000
         -0.1014618622483716          -0.1748201564781221           0.0902501538035753
         -0.2537578651761193          -0.1338412529846235          -0.0510617748181249
          0.0000000000000000           0.0000000000000000           0.0000000000000000
         -0.0476083753368210           0.5570250562566991           0.0408090666337526
         -0.2241712607052107           0.3798113257882564           0.1654569730130306
          0.0000000000000000           0.0000000000000000           0.0000000000000000
         -0.0266722612152587          -0.4561752892726330           0.3845952590443519
         -0.6503930240100830          -0.0883614447057719          -0.1291137287170522
          0.0000000000000000           0.0000000000000000           0.0000000000000000
         -0.1031329514097445           0.3058345786858348          -0.0683834582677642
         -0.0080485846486774           0.0891168590142846           0.0740093563544457
          0.0000000000000000           0.0000000000000000           0.0000000000000000
         -0.0514075488766030          -0.0358079675167775           0.1320755498448912
         -0.2041616918678874           0.0226536950695558          -0.0502239407964485
          0.0000000000000000           0.0000000000000000           0.0000000000000000
         -0.0528271816593784           0.4521772747968342           0.0097892238011383
         -0.1435490729104887           0.2826349166157210           0.1379013675775844
          0.0000000000000000           0.0000000000000000           0.0000000000000000
          0.0506236234069037          -0.2311078176083913           0.4107072400264500
         -0.5357752873489093           0.1497085887262630          -0.1105652267242039
          0.0000000000000000           0.0000000000000000           0.0000000000000000
         -0.0156410042792770           0.0827962409896813           0.1563902309803286
         -0.1593922950807633           0.1429825990163131          -0.0500673118188177
          0.0000000000000000           0.0000000000000000           0.0000000000000000
          0.0902904039496415          -0.0167885410313503           0.3882862820314591
         -0.4096736092322149           0.3181234169987929          -0.0912553323342825
          0.0000000000000000           0.0000000000000000           0.0000000000000000
         -0.0073299627100351           0.1206066207251369           0.1399194417712772
         -0.1252907371999804           0.1613680391252803          -0.0485781290431538
          0.0000000000000000           0.0000000000000000           0.0000000000000000
          0.0721689326751285           0.0872534172257980           0.3015981682723867
         -0.2977948858037748           0.3173546263428332          -0.0764454723837152
          0.0000000000000000           0.0000000000000000           0.0000000000000000
          0.7053127399460331          -0.3080932081291463           1.1231821288760038
         -1.4842032760895190           1.3538980799609230          -0.1136393814414819
          0.0000000000000000           0.0000000000000000           0.0000000000000000
       2171.1273479613673771       -1523.6150108718766205        1538.3032580187887106
      -4200.2214248923282867        2350.6864025080340070        -366.6779649548534508
          0.0000000000000000           0.0000000000000000           0.0000000000000000
         -0.0103070852269487           0.0927877924593222           0.0918710580068714
         -0.0875202324348684           0.1072229271065352          -0.0405598328058237
          0.0000000000000000           0.0000000000000000           0.0000000000000000
          0.0308378400770575           0.0911544627995282           0.1789676294129074
         -0.1881907900866021           0.2018200244292320          -0.0593470033442799
          0.0000000000000000           0.0000000000000000           0.0000000000000000
          0.3443234752346969          -0.0346838528643185           0.5912425724210448
         -0.8067357862924263           0.7753431900471685          -0.0947783012176781
          0.0000000000000000           0.0000000000000000           0.0000000000000000
        883.0668535217124600        -571.3122794471311181         581.8137224030402876
      -1635.6916819453406333        1187.5653832819755280         -63.9460830848590618
          0.0000000000000000           0.0000000000000000           0.0000000000000000
         -0.0077860572287144           0.0302447724392239           0.0283261529966586
         -0.0336891132548983           0.0277302003437507          -0.0188679608286430
          0.0000000000000000           0.0000000000000000           0.0000000000000000
          0.0001783851997883           0.0340471501666643           0.0500916864114123
         -0.0649209599343838           0.0514876489683000          -0.0272136000121249
          0.0000000000000000           0.0000000000000000           0.0000000000000000
          0.0631975563844685           0.0253914520915024           0.1448602306115850
         -0.2333333833754679           0.1880424897684203          -0.0521125543044021
          0.0000000000000000           0.0000000000000000           0.0000000000000000
        141.6659575570160143         -78.4382557929636022          85.9273106020858393
       -287.6711713771501877         258.9655715611816049           0.4226014109392446
          0.0000000000000000           0.0000000000000000           0.0000000000000000
