1  82   4   1   0   -9.809259   0.000000

./DATA/2947/200/55/
0
          0.6014353773652995
          4.8292179974068423
          0.2941380673692994
          3.3515156770963928
          0.1328612073715828
          2.2434369650107953
          0.0403337530611929
          1.2332223687817609
          0.0055307755658800
          0.4562684671353021
          0.0002302363418585
          0.0930800327512501
          0.0000000814035750
          0.0017502045815565
          0.0000000000000102
          0.0000006188115590
          0.0000000000000000
          0.2640009842489493
          2.1521443533988123
          0.0000000000000000
          1.5095673202204649
          5.5571121053197619
          0.0000000000000000
          0.0822106036013186
          1.3319087867139674
          0.0000000000000000
          2.5733432755443486
          8.1418442905558610
          0.0000000000000000
          0.1653968746947780
          1.4818217629256243
          0.0000000000000000
          0.9494311568934204
          3.8799883651228688
          0.0000000000000000
          0.0508889843060929
          0.8996824518972849
          0.0000000000000000
          1.6189575487033792
          5.6960156562917748
          0.0000000000000000
          0.4273590656336144
          2.0973328887763678
          0.0000000000000000
          0.7289961078510060
          3.0888661115561216
          0.0000000000000000
          0.1400401077017230
          0.8924902772063504
          0.0000000000000000
          0.2389598165430853
          1.3195484910853934
          0.0000000000000000
          0.6962477113236804
          2.9293621034840447
          0.0000000000000000
        427.8456003807024217
        431.0957091621529003
          0.0000000000000000
          0.0285082014907335
          0.2658162518108941
          0.0000000000000000
          0.0486570176978509
          0.3947257277969830
          0.0000000000000000
          0.1417848489648184
          0.8792775360484033
          0.0000000000000000
         86.9742153511183602
        120.7176295722524628
          0.0000000000000000
          0.0011849978645114
          0.0240142331540737
          0.0000000000000000
          0.0020228370981754
          0.0358510219304973
          0.0000000000000000
          0.0058948771283838
          0.0802603787284448
          0.0000000000000000
          3.6118720339412440
         10.5135758787415661
1
          1.6097393324689473
          3.8209140423031949
          1.1171718923654645
          2.5284818521002284
          0.7478123216702649
          1.6284858507121127
          0.4110741229272539
          0.8624819989157002
          0.1520894890451006
          0.3097097536560813
          0.0310266775837500
          0.0622835915093586
          0.0005834015271855
          0.0011668844579460
          0.0000002062705197
          0.0000004125410495
          0.1464214823134860
          1.2299202657218871
          1.0398035896123898
          0.1491732350980831
          3.9095840400904915
          3.0079221503516456
          0.1458411097487491
          0.6236605061789171
          0.6446177743876161
          0.1513446153179434
          5.9829880549161283
          4.5808548958661257
          0.0922145310433620
          0.8585844047619524
          0.6964197018150889
          0.0935901408880044
          2.7159556806037108
          2.0198737005245730
          0.0919242844120226
          0.4329027272095113
          0.4257444245818475
          0.0946755041013076
          4.1476452788930240
          3.0726524220008233
          0.0419949393669476
          1.4566850689948894
          1.0260119460481465
          0.0423235886455283
          2.2175955996966952
          1.5579430310649069
          0.0137233068400851
          0.6142269403579714
          0.4045801377100174
          0.0137850993371375
          0.9317820675636813
          0.6129411407276580
          0.0140363803503386
          2.1569178787299141
          1.4546555557274758
          0.1135474350435482
        429.7852446982495280
        429.0425174095632883
          0.0027879830610435
          0.1811376022487536
          0.1103988679918307
          0.0027936684018813
          0.2737821542935094
          0.1668069227994428
          0.0028167844426239
          0.6278130714686290
          0.3904325291019714
          0.0119576557455339
        109.4459095203832817
         98.2339777472420224
          0.0001157324646293
          0.0161730231282944
          0.0089104754256615
          0.0001157806999773
          0.0243433989197689
          0.0134146794089267
          0.0001159768003016
          0.0552399245944880
          0.0307993544620391
          0.0001934466394020
          8.2126210371959818
          5.9126334288474309
1
          1.6097393324689473
          3.8209140423031944
          1.1171718923654648
          2.5284818521002288
          0.7478123216702649
          1.6284858507121125
          0.4110741229272539
          0.8624819989157004
          0.1520894890451006
          0.3097097536560813
          0.0310266775837500
          0.0622835915093586
          0.0005834015271855
          0.0011668844579460
          0.0000002062705197
          0.0000004125410495
          0.1464214823134859
          1.2299202657218882
          1.0398035896123914
          0.1491732350980831
          3.9095840400904920
          3.0079221503516473
          0.1458411097487491
          0.6236605061789174
          0.6446177743876155
          0.1513446153179433
          5.9829880549161283
          4.5808548958661222
          0.0922145310433620
          0.8585844047619523
          0.6964197018150891
          0.0935901408880044
          2.7159556806037117
          2.0198737005245762
          0.0919242844120226
          0.4329027272095113
          0.4257444245818468
          0.0946755041013076
          4.1476452788930276
          3.0726524220008189
          0.0419949393669476
          1.4566850689948894
          1.0260119460481472
          0.0423235886455283
          2.2175955996966965
          1.5579430310649098
          0.0137233068400851
          0.6142269403579714
          0.4045801377100170
          0.0137850993371375
          0.9317820675636810
          0.6129411407276573
          0.0140363803503386
          2.1569178787299155
          1.4546555557274767
          0.1135474350435482
        429.7852446982491301
        429.0425174095624357
          0.0027879830610435
          0.1811376022487537
          0.1103988679918307
          0.0027936684018813
          0.2737821542935093
          0.1668069227994432
          0.0028167844426239
          0.6278130714686285
          0.3904325291019719
          0.0119576557455339
        109.4459095203832533
         98.2339777472417808
          0.0001157324646293
          0.0161730231282944
          0.0089104754256615
          0.0001157806999773
          0.0243433989197689
          0.0134146794089267
          0.0001159768003016
          0.0552399245944880
          0.0307993544620391
          0.0001934466394020
          8.2126210371959925
          5.9126334288474300
1
          1.6097393324689473
          3.8209140423031953
          1.1171718923654648
          2.5284818521002288
          0.7478123216702649
          1.6284858507121132
          0.4110741229272539
          0.8624819989157005
          0.1520894890451006
          0.3097097536560814
          0.0310266775837500
          0.0622835915093586
          0.0005834015271855
          0.0011668844579460
          0.0000002062705197
          0.0000004125410495
          0.1464214823134859
          1.2299202657218877
          1.0398035896123896
          0.1491732350980831
          3.9095840400904911
          3.0079221503516460
          0.1458411097487491
          0.6236605061789172
          0.6446177743876149
          0.1513446153179433
          5.9829880549161221
          4.5808548958661177
          0.0922145310433620
          0.8585844047619522
          0.6964197018150893
          0.0935901408880044
          2.7159556806037117
          2.0198737005245766
          0.0919242844120226
          0.4329027272095114
          0.4257444245818468
          0.0946755041013076
          4.1476452788930240
          3.0726524220008189
          0.0419949393669477
          1.4566850689948887
          1.0260119460481474
          0.0423235886455283
          2.2175955996966961
          1.5579430310649098
          0.0137233068400851
          0.6142269403579714
          0.4045801377100168
          0.0137850993371375
          0.9317820675636809
          0.6129411407276569
          0.0140363803503386
          2.1569178787299159
          1.4546555557274774
          0.1135474350435482
        429.7852446982490733
        429.0425174095622083
          0.0027879830610435
          0.1811376022487537
          0.1103988679918307
          0.0027936684018813
          0.2737821542935094
          0.1668069227994431
          0.0028167844426239
          0.6278130714686287
          0.3904325291019719
          0.0119576557455339
        109.4459095203832391
         98.2339777472417950
          0.0001157324646293
          0.0161730231282944
          0.0089104754256615
          0.0001157806999773
          0.0243433989197689
          0.0134146794089267
          0.0001159768003016
          0.0552399245944880
          0.0307993544620391
          0.0001934466394020
          8.2126210371959907
          5.9126334288474309
