1  82   4   0   0   -12.227804   0.000000

./DATA/2947/200/33/
0
          1.2754811980116516
          7.3980020052551270
          0.7333503471420189
          5.2045052226558282
          0.3977852262087728
          3.6453860636637083
          0.1594374331017075
          2.2225676798969300
          0.0348602096329907
          1.0182656185154089
          0.0030679355678472
          0.3004837568531447
          0.0000070560851250
          0.0144031582580588
          0.0000000000373279
          0.0000331277463195
          0.0035039720712301
          1.2802962488583118
          6.5072159054640615
          0.0097537322140898
          5.9816530162557813
         15.8649794907671708
          0.0025886825590679
          0.6157791448230241
          5.0915594823909558
          0.0150882028447873
         10.0184926796179354
         23.8070866529970715
          0.0017318725822342
          0.8455489659172477
          4.6665555360937381
          0.0048208727534796
          4.0705038258838622
         11.4731649024759381
          0.0012794873989963
          0.3882699654687906
          3.5562243536524898
          0.0074574877414870
          6.8381796854019878
         17.1694430864168730
          0.0014304270882882
          2.1214862460186157
          6.6857842253664987
          0.0022127523681832
          3.5788103125817434
          9.9684795188404731
          0.0002610638411837
          0.8683121175386376
          3.2386358851289541
          0.0004038442978285
          1.4708079259528855
          4.8137251525505738
          0.0010636776057065
          4.2720461962285343
         11.2119836670539428
          0.6153656583525901
       2807.2754023892061923
       4736.7748201920812789
          0.0000229846622642
          0.2484072484935313
          1.2009844422402822
          0.0000355553888821
          0.4222632137053251
          1.7824596902837391
          0.0000936487194727
          1.2285410465353650
          4.0695984797115887
          0.0541784620720596
        783.5076523167682581
       1237.9119785990085347
          0.0000001781660402
          0.0212144325674904
          0.1793892321119426
          0.0000002756082814
          0.0361698110758426
          0.2667641534029750
          0.0000007259200766
          0.1053596351542938
          0.5994834951960875
          0.0004199661131669
         65.3498794756995665
        111.1911142622734587
1
          2.4660006684183764
          6.2074825348484026
          1.7348350742186092
          4.2030204955792385
          1.2151286878879024
          2.8280426019845786
          0.7408558932989772
          1.6411492196996609
          0.3394218728384698
          0.7137039553099300
          0.1001612522843816
          0.2033904401366103
          0.0048010527526863
          0.0096091615904975
          0.0000110425821065
          0.0000220852015408
          0.5351940000575671
          3.6945213531470107
          3.5613007731890272
          0.6751308774614468
         11.2202755776737781
          9.9609797841017880
          0.5095917827052605
          2.5804491377911161
          2.6198863892766608
          0.7894655375130202
         17.6319575868446385
         15.4192444111021114
          0.3692327847524509
          2.6544211098633399
          2.4901824799774368
          0.4501093472144000
          8.1053925158497737
          6.9929877380490986
          0.3544107395338004
          1.7914180785236533
          1.7999449884628183
          0.5161638644576980
         12.6933608904965016
         10.8055555046061329
          0.2277529037685773
          4.7088457580467082
          3.8721022366581095
          0.2535747849276376
          7.3314402135656165
          5.9644875852971380
          0.0903828869442455
          2.2677621887103623
          1.7490639908541759
          0.0973932534889285
          3.5046329033734778
          2.6829107659388622
          0.1260355813813446
          8.6466000140161121
          6.7124579454907272
         11.9758941346873673
       4069.6565593217464993
       3463.0331347832034226
          0.0251377160604402
          0.8331832788704843
          0.5910936804651521
          0.0262430574040559
          1.2765747499494888
          0.9019406520244019
          0.0307492501699406
          3.0610808349796415
          2.2064030898168601
          1.8578178184706593
       1082.7282342013209018
        936.8877573580595026
          0.0020938564922836
          0.1224765859458914
          0.0760334004072982
          0.0021221230789932
          0.1856551264692775
          0.1151569905388281
          0.0022371350023443
          0.4303012718441335
          0.2723054494239783
          0.0480285002696429
         95.8146456662094579
         80.6787395376069583
1
          2.4660006684183764
          6.2074825348484053
          1.7348350742186092
          4.2030204955792367
          1.2151286878879024
          2.8280426019845795
          0.7408558932989772
          1.6411492196996604
          0.3394218728384698
          0.7137039553099301
          0.1001612522843816
          0.2033904401366104
          0.0048010527526863
          0.0096091615904975
          0.0000110425821065
          0.0000220852015408
          0.5351940000575671
          3.6945213531470111
          3.5613007731890280
          0.6751308774614470
         11.2202755776737799
          9.9609797841017649
          0.5095917827052606
          2.5804491377911138
          2.6198863892766631
          0.7894655375130202
         17.6319575868446456
         15.4192444111021132
          0.3692327847524510
          2.6544211098633417
          2.4901824799774337
          0.4501093472144000
          8.1053925158497737
          6.9929877380490728
          0.3544107395338003
          1.7914180785236529
          1.7999449884628149
          0.5161638644576981
         12.6933608904964981
         10.8055555046061560
          0.2277529037685773
          4.7088457580467127
          3.8721022366581104
          0.2535747849276377
          7.3314402135656165
          5.9644875852971611
          0.0903828869442455
          2.2677621887103601
          1.7490639908541727
          0.0973932534889285
          3.5046329033734787
          2.6829107659388622
          0.1260355813813445
          8.6466000140161086
          6.7124579454907103
         11.9758941346873691
       4069.6565593217469541
       3463.0331347832116080
          0.0251377160604402
          0.8331832788704843
          0.5910936804651505
          0.0262430574040559
          1.2765747499494897
          0.9019406520244002
          0.0307492501699406
          3.0610808349796392
          2.2064030898168605
          1.8578178184706589
       1082.7282342013206744
        936.8877573580583658
          0.0020938564922836
          0.1224765859458913
          0.0760334004072982
          0.0021221230789932
          0.1856551264692775
          0.1151569905388280
          0.0022371350023443
          0.4303012718441334
          0.2723054494239784
          0.0480285002696429
         95.8146456662094153
         80.6787395376069156
1
          2.4660006684183768
          6.2074825348484044
          1.7348350742186094
          4.2030204955792367
          1.2151286878879026
          2.8280426019845750
          0.7408558932989772
          1.6411492196996611
          0.3394218728384698
          0.7137039553099295
          0.1001612522843816
          0.2033904401366104
          0.0048010527526863
          0.0096091615904975
          0.0000110425821065
          0.0000220852015408
          0.5351940000575671
          3.6945213531470102
          3.5613007731890285
          0.6751308774614470
         11.2202755776737870
          9.9609797841017684
          0.5095917827052606
          2.5804491377911147
          2.6198863892766626
          0.7894655375130202
         17.6319575868446314
         15.4192444111021096
          0.3692327847524509
          2.6544211098633408
          2.4901824799774315
          0.4501093472144000
          8.1053925158497737
          6.9929877380490719
          0.3544107395338003
          1.7914180785236542
          1.7999449884628136
          0.5161638644576981
         12.6933608904964910
         10.8055555046061560
          0.2277529037685773
          4.7088457580467127
          3.8721022366581122
          0.2535747849276377
          7.3314402135656165
          5.9644875852971593
          0.0903828869442455
          2.2677621887103601
          1.7490639908541721
          0.0973932534889285
          3.5046329033734804
          2.6829107659388627
          0.1260355813813446
          8.6466000140161086
          6.7124579454907138
         11.9758941346873726
       4069.6565593217464993
       3463.0331347832116080
          0.0251377160604402
          0.8331832788704846
          0.5910936804651497
          0.0262430574040559
          1.2765747499494895
          0.9019406520244001
          0.0307492501699406
          3.0610808349796388
          2.2064030898168645
          1.8578178184706586
       1082.7282342013211291
        936.8877573580580247
          0.0020938564922836
          0.1224765859458913
          0.0760334004072981
          0.0021221230789932
          0.1856551264692777
          0.1151569905388280
          0.0022371350023443
          0.4303012718441333
          0.2723054494239781
          0.0480285002696428
         95.8146456662093584
         80.6787395376066598
