1  82   4   1   4   -13.889830   0.000000
  0 
./DATA/2947/110/M029/
0
          9.6995771815735559
          3.6451571704886954
          6.6341127564068678
          2.5943557241843123
          4.5555352485723342
          1.8521712594266022
          2.7739740592312363
          1.1840649876185732
          1.3535022524758060
          0.6139821578548864
          0.4872635235269675
          0.2354419121835180
          0.0468480442092764
          0.0239732199981281
          0.0006276308639103
          0.0002745391484415
         10.0463889489112752
          9.6564404335831959
          1.4945287202898996
         29.0372652111023157
         25.7457484412053148
          3.1019595074429303
          8.0256136658875761
          8.1447635530326554
          1.4201514343722637
         46.0073661902695861
         40.3233795682769127
          4.6350130086783272
          7.2271078340442427
          7.0372646705136761
          1.0906395440265084
         21.0230185800575207
         18.7844854453845436
          2.2905496595726786
          5.6722194929814806
          5.8659535800358817
          1.0219188385399878
         33.2640409850080161
         29.3603951297776256
          3.4217390696323298
         12.3956728238428298
         11.1732543598482721
          1.3941747770129069
         19.5539550187684092
         17.3984495306216900
          2.0808201632074073
          6.2237891035321686
          5.6358919468730173
          0.7274694110825681
          9.7686640329485606
          8.7300561626841873
          1.0839227816272279
         25.8361849186762704
         22.7432429380723669
          2.6831227505086988
      20907.1109311320687993
      17601.0538782892108429
       1916.5631107765050274
          2.5102502430756335
          2.2655554220751957
          0.3062840734540338
          3.9112693576598816
          3.4865797860030181
          0.4553567044524398
         10.0660358133575709
          8.8613783428002435
          1.0962463283177879
       6652.9966555561431960
       5738.7427087064752413
        619.3691099377831506
          0.4805725351995490
          0.4249603911543584
          0.0620552131049815
          0.7402542292637460
          0.6486774552365618
          0.0920779843952828
          1.8264475469189407
          1.5876309570003999
          0.2129042367274478
        819.5539568783245841
        718.1557452789202216
         74.2012555252340889
0
          9.6427058007649329
          3.6714937635824141
          6.6824873667607498
          2.5442589932899624
          4.6705507489612250
          1.7488297347031498
          2.9276566422156440
          1.0499372111175072
          1.4979719446608362
          0.4951010083365900
          0.5768647214230215
          0.1717568334993113
          0.0635651062586971
          0.0160371118365833
          0.0009931774309576
          0.0001919598733215
         11.0953138906534789
          9.0546885603866691
          1.2369027298808946
         29.0287327982298287
         25.7495051225044271
          3.0388494421964287
          9.4419591089467261
          7.4103431896544851
          1.0373103668183639
         45.3087969240993829
         40.7999763138900136
          4.6412037914494313
          8.1051652209828919
          6.5400229331488342
          0.8740898888741081
         21.1941286919354432
         18.7128546931687865
          2.1926912726109129
          6.8027973694026365
          5.2799868690219478
          0.7229874162995260
         32.9807243113076822
         29.6256503890618745
          3.3601901837731369
         12.6856491419477226
         11.0425019440291035
          1.2789131934128601
         19.6293959131959248
         17.4454498215024891
          1.9690941713372969
          6.5059399384075860
          5.4983162145064810
          0.6267509827960520
          9.9858712887862726
          8.6522862288340789
          0.9693362657831806
         25.6950417614164301
         23.0067802613009142
          2.5371440483267431
      21662.8775133455019386
      17764.1592125626484631
       1701.6392496073171969
          2.7018406943907833
          2.1643844465403963
          0.2410064026014529
          4.1033767710093860
          3.3834357970004167
          0.3739827814066739
         10.1967138468508960
          8.8005296851656247
          0.9690110698084670
       6923.4781586627505021
       5902.3551325851904039
        565.6960960936387437
          0.5456310296928835
          0.3874480818755780
          0.0410460961894868
          0.8160700199662173
          0.5978267620345559
          0.0637438061874080
          1.9218857285295061
          1.4930589737252242
          0.1613145341012622
        843.2196867298075631
        754.8225391963223956
         72.1180336762524092
0
          9.7699245844699441
          3.5471093536191614
          6.8241654882717731
          2.4223125175747806
          4.7899697421128549
          1.6630826632502949
          3.0047532598830835
          1.0129870139213759
          1.5279902405819874
          0.4933410039702217
          0.5773109039282346
          0.1760666836202851
          0.0585051117437508
          0.0163171296289589
          0.0007104074990486
          0.0001783865237067
         11.4929058227945511
          9.3024723731744512
          0.9418154678663990
         30.6154100939693983
         24.5873809847958142
          2.7851587584055859
          9.8624418531292619
          7.6854763408803128
          0.7853474856012085
         48.1074503954788639
         38.2552935641230434
          4.4720340666795844
          8.3703091509060812
          6.7814046358871849
          0.6559801838626346
         22.4768188122291477
         17.8425520298142182
          1.9991399447592411
          7.0640873577897114
          5.5483616638536137
          0.5320629737555995
         35.2771066804357645
         27.6706564517076750
          3.2183824955488118
         13.5480875715850679
         10.5404659757212276
          1.1649252956942595
         21.2075290652466819
         16.2558177419278493
          1.8811066084404784
          6.9882728517140471
          5.2891626724259728
          0.5768202427054490
         10.8923558978002859
          8.0993213083423630
          0.9329486652230978
         28.5083878190224134
         20.8552871145717020
          2.5119156106619345
      21273.3823107058633468
      17389.5112462275901635
       1549.5174657465861401
          2.9125630270256626
          2.1231908713106415
          0.2273459550643195
          4.5130007197222080
          3.2252976854702453
          0.3672755406274982
         11.5177013742292988
          8.0601932818963249
          0.9776958189159176
       7113.0191905468846016
       5418.1425405627478540
        524.7996959625231739
          0.5901444659024834
          0.4002147437571766
          0.0403619150981711
          0.9072029481216253
          0.6026481072827216
          0.0647657040418861
          2.2305200455819816
          1.4439908665912506
          0.1684892261163724
        955.5919176120725069
        635.8853308580170278
         70.9216809597930506
1
         10.8637602876902690
          2.4803584235680085
          7.5609272350490562
          1.6434874912522945
          5.2640836573800458
          1.1000984162829708
          3.2469892126574558
          0.6555038786002791
          1.6024241701616977
          0.3166023900610405
          0.5832654293031144
          0.1138561481150774
          0.0563274614636702
          0.0102080327061299
          0.0006448855454697
          0.0000856400172883
         13.9288251373989791
          6.4638346971989407
          0.3304749043963213
         38.1192928204259474
         18.7345945549653230
          0.8545264753154989
         11.6033751741254996
          5.0738163421160989
          0.3277285895164373
         59.9843105401793295
         29.6153360576488716
          1.3758317313547925
         10.0589372256647298
          4.6852688170684669
          0.2102332949011679
         27.7903549782938981
         13.5209121703436992
          0.5425543360935168
          8.2385570134049164
          3.6471980942978708
          0.2104053303631741
         43.7013925186632761
         21.3184848008483101
          0.8750474127478719
         16.5028117791754489
          7.9232728366590441
          0.2491634159410359
         25.9007686419606031
         12.4316424481211367
          0.4029947813919135
          8.2993222395058890
          3.9363094978145821
          0.0845432149872079
         12.9752587076894130
          6.1321403692584999
          0.1372491204453159
         34.2266873195599004
         16.1379661822225238
          0.4040074888413590
      28021.8118647385490476
      13179.0146943301260762
        778.1541363400986029
          3.3173250345354983
          1.5572855883906629
          0.0182887702657967
          5.1526565823426358
          2.4030810603551949
          0.0298392610962279
         13.2594293272221808
          6.1447087911453924
          0.0886076182517424
       9211.1263655284001288
       4231.5854551466427438
        177.5653317649575911
          0.6127180369193400
          0.2839833945971328
          0.0008830596426007
          0.9401639314782476
          0.4321577942446234
          0.0014544369703817
          2.3172488765954573
          1.0545533510896525
          0.0043898835235101
       1155.1464006485191476
        511.7240388066603600
          9.4375282730063166
   0    4  0.757824  0.045460  0.003676 
          0.0040701829287168          -0.1303567074894278           0.0016170694093403
          0.0129075103772423           0.1504484697994702           0.0010252903945437
          0.0064608847059134           0.1521586386035170          -0.0239470710709824
          0.0035842290803132          -0.1145007671376748           0.0175483322786850
          0.0139223799939004           0.3367491576339502          -0.0524972874438451
         -0.0091411858764209          -0.2764407851662208           0.0425348268074914
          0.0266982771462578           0.4541402540294385          -0.0787990504732910
         -0.0276807607836210          -0.3662534454161190           0.0683866469543398
          0.0376696385812299           0.4495390054214215          -0.0836256043737606
         -0.0480261615109733          -0.3409467565475689           0.0750213405456231
          0.0296797545383550           0.3097955703936133          -0.0574200110499161
         -0.0502300452262660          -0.2109188096682069           0.0494299365615010
          0.0027757752811830           0.0767241660456793          -0.0141833840164251
         -0.0158079185641726          -0.0397245235630667           0.0084965921490017
         -0.0002928016252209           0.0029594036257513          -0.0006519837724416
         -0.0004183668522348          -0.0008699863079306           0.0001288657865638
          0.1557829466885230           2.5087407048440951          -0.4212911875343739
         -0.1184707946139689          -1.1371057774164579           0.2039918212341413
         -0.0268846000916080          -0.7043333943129733           0.1214911234644539
          0.0163159416632634           1.2888676767742120          -0.1551329636598618
          0.1384071035644793          -0.7321552908363961           0.0463141270677029
          0.0192345345245000          -0.1303982763390645           0.0002771046310989
          0.3680421882830324           2.6751173676336921          -0.4901100947679051
         -0.3450694590259367          -0.6797333312320950           0.2293736601856303
         -0.0352437964988546          -1.1381857576228487           0.1549872056917370
          0.0891081782325130           0.2353713114939256           0.0422063529811161
          0.1686863373309631           0.1301676419280246          -0.0859817281472469
          0.0569944727333610           0.0096844783249685          -0.0874408319749729
          0.1406311903523916           2.2095803951086248          -0.3732831186285475
         -0.1165330899074358          -1.0228238676149530           0.1866023510276177
         -0.0290586531968308          -0.5917793092850558           0.1103350017531428
          0.0170384871547937           1.7350842779258919          -0.2181099905381076
          0.0997073941937028          -1.0250685971013884           0.0920692899755687
          0.0067908274064101          -0.2510543885135027           0.0122569042752169
          0.3054278677769199           2.2201244480419082          -0.4005922104375471
         -0.2999981011413260          -0.6013628805882583           0.1931516558256724
         -0.0378218831659091          -0.8926936299682647           0.1300377760291349
          0.0582424613817191           1.2711322136764280          -0.0902459542566664
          0.1324828670609502          -0.6058523395611322           0.0040855337215685
          0.0338770780405731          -0.2112437884251582          -0.0661184189267168
          0.0184666994732629           1.9335118078120259          -0.2604314112476376
          0.0583250561923128          -1.1438697945677363           0.1300271949291105
         -0.0060810487664118          -0.3110571011600241           0.0278857720180022
          0.0290515890038085           2.0159567867869903          -0.2141873879712475
          0.0924328325378161          -1.1297676187607890           0.0966333852111239
          0.0100711925023039          -0.3525353897674350          -0.0303212834840919
          0.0176451799274108           1.6927208960082736          -0.2436078830844152
          0.0297057008920481          -0.9751919434150031           0.1311881757238438
         -0.0131428227626016          -0.2700330351384566           0.0374728828819758
          0.0115792460739219           2.0313036428876443          -0.2532534932560904
          0.0613926155262314          -1.1495672198176297           0.1366381884604790
         -0.0040295268849237          -0.3365842355836371           0.0039953465350612
          0.2036865828231696           2.6836549663644731          -0.1012378856717991
         -0.0314478154070063          -1.2387319790130635           0.0036179776228641
          0.0131403901735594          -0.6176839194984983          -0.1771831029777409
       1856.1588388912555274        -779.4785611057537835        -517.4908009159175890
      -1758.3930476194773291         954.9360436028076720          82.3194965900592166
       -177.5039389150367697        -440.6211101634183365         480.6305994738393110
          0.0128653015954061           1.1465395117717565          -0.1745525734721974
          0.0129106869118215          -0.6266658627119353           0.0980395381648377
         -0.0139684579774303          -0.1711280773653216           0.0356600629944568
          0.0031417109192363           1.4837887249869510          -0.2046037065112475
          0.0368055139209938          -0.8078108873007651           0.1188735004125256
         -0.0092128939819809          -0.2231266443367490           0.0236795703242641
          0.0437326148898440           2.4693721363864580          -0.2132126690445084
          0.0472732866174739          -1.2525659884204525           0.1146446225318067
          0.0051755742432023          -0.4262616953477635          -0.0627910123579057
        757.6292368781880668        -216.3897028090542562        -100.0726366037470427
       -727.8183253199302953         321.4687349779529200         -61.2050870036520820
       -107.5075814100021319        -216.7035631280034806         119.1711520207112187
          0.0046782119214503           0.4170139187559942          -0.0677149629577725
          0.0022584602675933          -0.2020478799177347           0.0403284741230094
         -0.0087365566755055          -0.0542229666270862           0.0189058652323033
          0.0005237483452118           0.5719318782060598          -0.0864476348020494
          0.0114033513297838          -0.2781091054806012           0.0546297723103192
         -0.0079526745285049          -0.0731346844807377           0.0198596435353384
         -0.0076188582369647           1.0892493883483592          -0.1273282293471038
          0.0391358808581603          -0.5203167891470128           0.0862617644612961
         -0.0013975348332150          -0.1406787586886322           0.0090884477842545
        110.6060219354060337           6.5855671362453885           9.1777361140117897
       -101.3201852061225310          34.4070546996672348         -37.3066805675804503
        -18.5175488216531043         -36.5197896018717856          -2.0081631378793188
   1
          0.0128309289641638          -0.0119811952218473           0.0214650449000426
          0.0000000000000000           0.0000000000000000           0.0000000000000000
          0.0074305427521351           0.0288678863890906          -0.0001167477782525
          0.0000000000000000           0.0000000000000000           0.0000000000000000
          0.0072456533961405           0.0597725468813771          -0.0114750958668169
          0.0000000000000000           0.0000000000000000           0.0000000000000000
          0.0077041418121298           0.0896107580556147          -0.0179427779992810
          0.0000000000000000           0.0000000000000000           0.0000000000000000
          0.0032376483497776           0.1132185245884962          -0.0215199039367601
          0.0000000000000000           0.0000000000000000           0.0000000000000000
         -0.0058102656852352           0.1096407359127313          -0.0233823263973890
          0.0000000000000000           0.0000000000000000           0.0000000000000000
         -0.0063481265496683           0.0441325207306648          -0.0119580477405240
          0.0000000000000000           0.0000000000000000           0.0000000000000000
         -0.0004369671739216           0.0024328016304009          -0.0007251405965181
          0.0000000000000000           0.0000000000000000           0.0000000000000000
          0.0256385228773416          -0.2987870315376949           0.0293904047610172
          0.0618184452834480           0.9442274070497118          -0.1727725777480298
          0.0000000000000000           0.0000000000000000           0.0000000000000000
          0.1529322524511800           2.5954097452873373          -0.3593526942455519
         -0.0362270293295293          -2.0198224903055109           0.3185403593391183
          0.0000000000000000           0.0000000000000000           0.0000000000000000
          0.2876729686549566          -0.8875398823924412           0.0315635525457044
         -0.1645448125965339           1.7571520872757538          -0.2100979131575444
          0.0000000000000000           0.0000000000000000           0.0000000000000000
          0.5422604278026416           4.9008536712576252          -0.7459226454674294
         -0.3606357618224905          -4.1709477074346930           0.7725279610167487
          0.0000000000000000           0.0000000000000000           0.0000000000000000
          0.0066158564311042          -0.0447316278777202           0.0044159805254375
          0.0594405234952355           0.6223190389550090          -0.1356637574269076
          0.0000000000000000           0.0000000000000000           0.0000000000000000
          0.1301603373886699           2.4793709162288207          -0.3761152229482408
         -0.0437475521237736          -1.8394430014364072           0.2893167130697230
          0.0000000000000000           0.0000000000000000           0.0000000000000000
          0.2060538576590029          -0.5730582802766232           0.0253946502176907
         -0.1174532281885339           1.3011956884301012          -0.1808258971225536
          0.0000000000000000           0.0000000000000000           0.0000000000000000
          0.4531428195741338           4.4751468079364640          -0.7356677567296600
         -0.3238293794265521          -3.6223283923527347           0.6691350438707091
          0.0000000000000000           0.0000000000000000           0.0000000000000000
          0.1011651330112992           2.1489722641269284          -0.3367516228862816
         -0.0386967187590843          -1.4937331866819370           0.2286983519002690
          0.0000000000000000           0.0000000000000000           0.0000000000000000
          0.3384075388653866           3.6780880188992802          -0.6191791049043098
         -0.2460094505443267          -2.7769186781322528           0.4965269002214187
          0.0000000000000000           0.0000000000000000           0.0000000000000000
          0.0708036737155642           1.6366975845551162          -0.2410936302812491
         -0.0216474249806061          -1.0549290805996272           0.1493758941090852
          0.0000000000000000           0.0000000000000000           0.0000000000000000
          0.2261131263178398           2.6707412015188479          -0.4170963260487537
         -0.1487333868464873          -1.8619668902903697           0.3035335085604461
          0.0000000000000000           0.0000000000000000           0.0000000000000000
          1.2494231231481330           7.2579779918646494          -1.3621959890859432
         -1.1341889925821365          -5.3647214534947709           1.1087136795872987
          0.0000000000000000           0.0000000000000000           0.0000000000000000
       2541.8979417292475773        7783.5640764911868246       -2340.2380365226886170
      -3968.8028224960326042       -5057.5325824435985851        2526.0590957822873861
          0.0000000000000000           0.0000000000000000           0.0000000000000000
          0.0397810214745124           1.0327142342439941          -0.1291939475902321
         -0.0034564747396249          -0.6052627980231073           0.0733104412075045
          0.0000000000000000           0.0000000000000000           0.0000000000000000
          0.1236658116451865           1.6158733421332068          -0.2066118881485431
         -0.0610239247642017          -1.0218671803103745           0.1380242357943174
          0.0000000000000000           0.0000000000000000           0.0000000000000000
          0.6266210346815764           4.0892796665641109          -0.6069034084190342
         -0.5072611916284951          -2.7713038067651583           0.4520393189902002
          0.0000000000000000           0.0000000000000000           0.0000000000000000
        924.8723709035010643        3108.3994399092603089        -957.0199500849831793
      -1699.0699854829110791       -1860.6820819422105160         883.2332362230104081
          0.0000000000000000           0.0000000000000000           0.0000000000000000
          0.0095677760463895           0.3654987544575771          -0.0328706597237802
          0.0053548477439307          -0.1804013785074854           0.0161845159637947
          0.0000000000000000           0.0000000000000000           0.0000000000000000
          0.0324728845474975           0.5476856396951912          -0.0441216832524489
         -0.0038187460149683          -0.2917815193099398           0.0264767145402044
          0.0000000000000000           0.0000000000000000           0.0000000000000000
          0.1553593550884235           1.2788694771911773          -0.0973550643041042
         -0.0824922671361996          -0.7461231453894949           0.0680384134623769
          0.0000000000000000           0.0000000000000000           0.0000000000000000
        122.8725014837253013         580.6977136499458538        -157.6185946230422701
       -291.0668265066670415        -307.4136628313429469          91.2506833520955354
          0.0000000000000000           0.0000000000000000           0.0000000000000000
   0
          0.0000000000000000          -0.0000000000000000           0.0000000000000000
          0.0000000000000000           0.0000000000000000           0.0000000000000000
         -0.0000000000000001           0.0000000000000000           0.0000000000000000
          0.0000000000000000           0.0000000000000000           0.0000000000000000
          0.0000000000000001           0.0000000000000000           0.0000000000000000
          0.0000000000000000           0.0000000000000000           0.0000000000000000
          0.0000000000000000           0.0000000000000000           0.0000000000000000
          0.0000000000000000           0.0000000000000000           0.0000000000000000
          0.0000000000000000          -0.0000000000000000          -0.0000000000000000
          0.0000000000000000           0.0000000000000000           0.0000000000000000
          0.0000000000000000           0.0000000000000000           0.0000000000000000
          0.0000000000000000           0.0000000000000000           0.0000000000000000
          0.0000000000000000          -0.0000000000000000          -0.0000000000000000
          0.0000000000000000           0.0000000000000000           0.0000000000000000
          0.0000000000000000           0.0000000000000000          -0.0000000000000000
          0.0000000000000000           0.0000000000000000           0.0000000000000000
         -0.0104646995923978          -0.4052426774442214           0.0775743803818521
          0.0300304610362607           0.3461854574762516          -0.0744860148158932
          0.0000000000000000           0.0000000000000000           0.0000000000000000
          0.0583800308641342           1.4087293201960036          -0.2270696170845576
         -0.0376805266033681          -1.1809171281282895           0.1962542429114451
          0.0000000000000000           0.0000000000000000           0.0000000000000000
          0.0205117749513975          -0.4289823527585671           0.0692180760711438
         -0.0149731677643212           0.3180263025313056          -0.0505886923639518
          0.0000000000000000           0.0000000000000000           0.0000000000000000
          0.1582012358644593           3.1989616425218830          -0.5400699188616805
         -0.1503951430435785          -2.7361788686777766           0.4908918230907239
          0.0000000000000000           0.0000000000000000           0.0000000000000000
         -0.0127296698240851          -0.2487008757285094           0.0576458082136048
          0.0256404595564033           0.2096690235731339          -0.0620347629408388
          0.0000000000000000           0.0000000000000000           0.0000000000000000
          0.0594243765844829           1.2627920304426279          -0.2088277026286605
         -0.0479082853468248          -1.0525027213716931           0.1846266689691983
          0.0000000000000000           0.0000000000000000           0.0000000000000000
          0.0139530893079577          -0.2972946054166823           0.0597203082100808
         -0.0165156216008453           0.2124267144671515          -0.0565386262553382
          0.0000000000000000           0.0000000000000000           0.0000000000000000
          0.1582611821250935           2.7256912069255921          -0.4732267134744502
         -0.1636131114073014          -2.3119167754225010           0.4367842375647354
          0.0000000000000000           0.0000000000000000           0.0000000000000000
          0.0574308606376151           0.9931617945759705          -0.1730644224635811
         -0.0560105536850676          -0.8180053593071386           0.1583010094122748
          0.0000000000000000           0.0000000000000000           0.0000000000000000
          0.1460726518884873           2.0199005908829730          -0.3665956345923336
         -0.1656138572657297          -1.6898735675594811           0.3459816940944793
          0.0000000000000000           0.0000000000000000           0.0000000000000000
          0.0498752751955539           0.6690030601426831          -0.1256450839617195
         -0.0551196080839326          -0.5420790158489555           0.1199323553561416
          0.0000000000000000           0.0000000000000000           0.0000000000000000
          0.1184782299788820           1.2913355595929510          -0.2482131050526031
         -0.1459065502346593          -1.0625406650069633           0.2404910493063974
          0.0000000000000000           0.0000000000000000           0.0000000000000000
          0.5040387969314321           4.6512364336605270          -0.8857705462997063
         -0.7232711448105884          -3.8707926377250130           0.8577324370573202
          0.0000000000000000           0.0000000000000000           0.0000000000000000
        509.3193304462933497        8741.3811151374320616       -1176.5462047321254886
      -1050.6601200136997250       -6878.9599274046104256        1252.4341199616958420
          0.0000000000000000           0.0000000000000000           0.0000000000000000
          0.0362441504721077           0.3604443767587316          -0.0748687017869581
         -0.0439170490720893          -0.2868457168835535           0.0758718951590351
          0.0000000000000000           0.0000000000000000           0.0000000000000000
          0.0790585120253627           0.6646660245252408          -0.1386002594787497
         -0.1058154033425170          -0.5376996698411518           0.1390841382848184
          0.0000000000000000           0.0000000000000000           0.0000000000000000
          0.2972475158780700           2.2332559868476216          -0.4510975273397482
         -0.4631428029156248          -1.8230732083883885           0.4368914204537651
          0.0000000000000000           0.0000000000000000           0.0000000000000000
        171.6810098511238891        3376.7040747778846708        -406.2137618213711221
       -455.2944088110513121       -2503.1110987943911823         417.3310691261590932
          0.0000000000000000           0.0000000000000000           0.0000000000000000
          0.0151961367420505           0.0980888231032278          -0.0243590863185754
         -0.0206843541077418          -0.0771368301507765           0.0279710281205892
          0.0000000000000000           0.0000000000000000           0.0000000000000000
          0.0291817573500823           0.1717310443416348          -0.0426260477452876
         -0.0445679054374211          -0.1375867011943710           0.0462512334273634
          0.0000000000000000           0.0000000000000000           0.0000000000000000
          0.0924735445335225           0.5287678006765379          -0.1270005252713958
         -0.1678208248096934          -0.4262143788639027           0.1240699650094570
          0.0000000000000000           0.0000000000000000           0.0000000000000000
         19.0865792279655615         568.1494028504542939         -65.0018813246488776
        -96.5455816030157621        -372.8534774322797034          50.0363286182915914
          0.0000000000000000           0.0000000000000000           0.0000000000000000
   2
         -0.0087607460354471          -0.1183755122675804          -0.0198479754907022
          0.0000000000000000           0.0000000000000000           0.0000000000000000
         -0.0009696580462216           0.1232907522144264          -0.0238303232927297
          0.0000000000000000           0.0000000000000000           0.0000000000000000
          0.0066767265977599           0.2769766107525730          -0.0410221915770283
          0.0000000000000000           0.0000000000000000           0.0000000000000000
          0.0189941353341279           0.3645294959738238          -0.0608562724740099
          0.0000000000000000           0.0000000000000000           0.0000000000000000
          0.0344319902314523           0.3363204808329253          -0.0621057004370005
          0.0000000000000000           0.0000000000000000           0.0000000000000000
          0.0354900202235901           0.2001548344808819          -0.0340376846525270
          0.0000000000000000           0.0000000000000000           0.0000000000000000
          0.0091239018308512           0.0325916453150145          -0.0022253362759010
          0.0000000000000000           0.0000000000000000           0.0000000000000000
          0.0001441655487007           0.0005266019953505           0.0000731568240765
          0.0000000000000000           0.0000000000000000           0.0000000000000000
          0.1151136471984486           1.4869127066824566          -0.2464716296029180
          0.1191547308532394           1.6783918507419076          -0.2966760893774331
          0.0000000000000000           0.0000000000000000           0.0000000000000000
          0.0025980229048617           2.8081947000527312          -0.4269191465983194
         -0.1171597722895412          -1.6373261650869224           0.2794460279926356
          0.0000000000000000           0.0000000000000000           0.0000000000000000
          0.3089999102281372           2.3436889025301508          -0.4949616717287454
          0.0974231849448530           1.9881891950604653          -0.2965433415703325
          0.0000000000000000           0.0000000000000000           0.0000000000000000
          0.0839686616409627           4.9862528892706983          -0.8558567057195476
         -0.3752058213407100          -4.6432468365971982           0.8557008931698062
          0.0000000000000000           0.0000000000000000           0.0000000000000000
          0.1066168558180852           1.3876153553804247          -0.2256842696775418
          0.1092784912094611           1.2934641201669785          -0.2470046663886673
          0.0000000000000000           0.0000000000000000           0.0000000000000000
          0.0252515986161162           3.0529835476233864          -0.4342208118179155
         -0.1195293325042351          -1.2813989246033650           0.2494314457206789
          0.0000000000000000           0.0000000000000000           0.0000000000000000
          0.2633877940965061           1.8966887965824770          -0.3900394874666589
          0.0956865590599497           1.5364596768929384          -0.2577974246493802
          0.0000000000000000           0.0000000000000000           0.0000000000000000
          0.1006572796925673           5.2274251810684023          -0.8071125717474161
         -0.3619290883674432          -3.6132664126477470           0.7350747995693109
          0.0000000000000000           0.0000000000000000           0.0000000000000000
          0.0399580149444414           2.9283310200444985          -0.4212845230354612
         -0.1111891377474753          -0.8320091370671829           0.1904976762808949
          0.0000000000000000           0.0000000000000000           0.0000000000000000
          0.0932563759587915           4.8722107254935434          -0.7289891841018925
         -0.3166002298649540          -2.3366748333956768           0.5365262039325518
          0.0000000000000000           0.0000000000000000           0.0000000000000000
          0.0371484840918047           2.3326331480087283          -0.3647059473718852
         -0.0877164382065519          -0.4488565073123415           0.1201872426025336
          0.0000000000000000           0.0000000000000000           0.0000000000000000
          0.0604438803897088           3.8163730530741482          -0.6077666519448026
         -0.2375805212605259          -1.2657981488779309           0.3239042532267818
          0.0000000000000000           0.0000000000000000           0.0000000000000000
          0.3225304168501628          10.8540492768529209          -1.7517400091199029
         -1.1094943840742038          -5.5412647461317182           1.3544955009132864
          0.0000000000000000           0.0000000000000000           0.0000000000000000
       1559.2417494842343331        7503.3814851999031816       -1211.1016932953916694
      -1960.1184561566833509       -6609.6729839879208157        1817.0157100357359923
          0.0000000000000000           0.0000000000000000           0.0000000000000000
          0.0226483414033652           1.4701298145440629          -0.2612211006787616
         -0.0538604174627159          -0.1829127580642192           0.0580704785684170
          0.0000000000000000           0.0000000000000000           0.0000000000000000
          0.0224585314538950           2.3823220462310810          -0.4310555191780160
         -0.1400564631896631          -0.5274784558356268           0.1486512656197195
          0.0000000000000000           0.0000000000000000           0.0000000000000000
          0.0678686907729853           6.5624591029175781          -1.1838629910205862
         -0.6243661971987698          -2.3401670569183124           0.5958429248936955
          0.0000000000000000           0.0000000000000000           0.0000000000000000
        568.8803510222873001        3884.2129298388658754        -481.0348756761631535
       -912.3277700262540293       -2603.6041276640662545         702.6247157613001946
          0.0000000000000000           0.0000000000000000           0.0000000000000000
          0.0053433562216701           0.4941498099648952          -0.1069898473572688
         -0.0160483494191489          -0.0287815351740607           0.0135075675320135
          0.0000000000000000           0.0000000000000000           0.0000000000000000
         -0.0016669825780513           0.7961761034975167          -0.1778337674920810
         -0.0398986210495907          -0.0922753742024469           0.0308765784698200
          0.0000000000000000           0.0000000000000000           0.0000000000000000
         -0.0389254084251275           2.1324540322991714          -0.4835721954251381
         -0.1684932008831320          -0.4332738690942045           0.1125481581622226
          0.0000000000000000           0.0000000000000000           0.0000000000000000
         30.0258464392557443        1042.2123998850725002        -149.8684480261476040
       -188.1137826288406529        -443.0673849261983150          96.3727846943701252
          0.0000000000000000           0.0000000000000000           0.0000000000000000
   3
          0.0129075103772424           0.1504484697994702           0.0010252903945439
          0.0000000000000000           0.0000000000000000           0.0000000000000000
          0.0035842290803132          -0.1145007671376748           0.0175483322786850
          0.0000000000000000           0.0000000000000000           0.0000000000000000
         -0.0091411858764209          -0.2764407851662207           0.0425348268074914
          0.0000000000000000           0.0000000000000000           0.0000000000000000
         -0.0276807607836210          -0.3662534454161190           0.0683866469543397
          0.0000000000000000           0.0000000000000000           0.0000000000000000
         -0.0480261615109732          -0.3409467565475689           0.0750213405456231
          0.0000000000000000           0.0000000000000000           0.0000000000000000
         -0.0502300452262660          -0.2109188096682069           0.0494299365615010
          0.0000000000000000           0.0000000000000000           0.0000000000000000
         -0.0158079185641726          -0.0397245235630667           0.0084965921490017
          0.0000000000000000           0.0000000000000000           0.0000000000000000
         -0.0004183668522348          -0.0008699863079306           0.0001288657865638
          0.0000000000000000           0.0000000000000000           0.0000000000000000
         -0.2460131512761100          -3.2283584027698291           0.6058803822985955
          0.0004867866645662          -0.1063372507257924          -0.0020345108771110
          0.0000000000000000           0.0000000000000000           0.0000000000000000
          0.2659494602266195           1.3590973345169748          -0.3555744339967538
         -0.0157869177987827          -1.5631260905782833           0.2455709670682162
          0.0000000000000000           0.0000000000000000           0.0000000000000000
         -0.4416435315172477          -4.0075844635213835           0.8145781068948514
         -0.0486220079163681          -0.2946097708558894           0.0864683304057509
          0.0000000000000000           0.0000000000000000           0.0000000000000000
          0.5822816914882061           5.1673270110522216          -1.1083315256958399
         -0.0811694168430668          -3.2081874505608714           0.5816792862964056
          0.0000000000000000           0.0000000000000000           0.0000000000000000
         -0.2279059234169699          -2.6349801790592196           0.5226655456882894
         -0.0062328120042620          -0.1824034668300465          -0.0004765472186477
          0.0000000000000000           0.0000000000000000           0.0000000000000000
          0.2110802277032381           0.5870877143428731          -0.2439939046851027
         -0.0383028395765805          -1.5032639287670715           0.2456603592753673
          0.0000000000000000           0.0000000000000000           0.0000000000000000
         -0.3892584200624174          -3.1528584158005528           0.6881075053539260
         -0.0492826637468566          -0.2790616367810482           0.0468624173275534
          0.0000000000000000           0.0000000000000000           0.0000000000000000
          0.4887138821779919           3.2912773710036389          -0.8452113953928604
         -0.1134227188914929          -2.9207825606550961           0.5391362303155836
          0.0000000000000000           0.0000000000000000           0.0000000000000000
          0.1438198382084159          -0.1186173905820153          -0.1067594802088073
         -0.0601792324483598          -1.2593796794756618           0.2313685535224570
          0.0000000000000000           0.0000000000000000           0.0000000000000000
          0.3624507347098998           1.3645997409386061          -0.4951834709353212
         -0.1398247791147569          -2.3138588822187547           0.4625807463176747
          0.0000000000000000           0.0000000000000000           0.0000000000000000
          0.0859779504987217          -0.4315775959930455          -0.0053498466555406
         -0.0678091412698845          -0.8813629901069188           0.1942451014203322
          0.0000000000000000           0.0000000000000000           0.0000000000000000
          0.2382589062623951           0.1861917339914161          -0.1993451597401736
         -0.1397295597321966          -1.5487825470020278           0.3582588110843651
          0.0000000000000000           0.0000000000000000           0.0000000000000000
          0.9144241341790434           4.4076930700700636          -1.1906797661146393
         -0.6020032360508697          -5.0084190290443606           1.0153621358901679
          0.0000000000000000           0.0000000000000000           0.0000000000000000
       -588.9585350766380998       17389.4142638040648308       -3035.2423905754203588
      -1105.1781154031245933       -8343.9447511276684963         746.7784399620646809
          0.0000000000000000           0.0000000000000000           0.0000000000000000
          0.0420602368982839          -0.4043347584750343           0.0404175330937075
         -0.0583755423855159          -0.4850256238158430           0.1359365528819484
          0.0000000000000000           0.0000000000000000           0.0000000000000000
          0.1287093617844624          -0.2525193327768790          -0.0195671513227477
         -0.1110354212240169          -0.8209635269865657           0.2351116083770502
          0.0000000000000000           0.0000000000000000           0.0000000000000000
          0.5163589099961098           1.0817188177683159          -0.3547988199714679
         -0.4095982327533976          -2.4665734029297957           0.6126515889918674
          0.0000000000000000           0.0000000000000000           0.0000000000000000
       -298.3378880029126208        6340.4963757928035193       -1233.0427651664874702
       -525.2185439470656547       -3142.3143971114559463         159.2254415679568069
          0.0000000000000000           0.0000000000000000           0.0000000000000000
          0.0094166469283764          -0.1617959935902700           0.0314824445117614
         -0.0298108538398149          -0.1352298878835771           0.0554430323418956
          0.0000000000000000           0.0000000000000000           0.0000000000000000
          0.0341074373291587          -0.1737186022750644           0.0346710717768547
         -0.0522796515540949          -0.2195456445455899           0.0906470387978630
          0.0000000000000000           0.0000000000000000           0.0000000000000000
          0.1477077814689268          -0.0820154251103774           0.0280589850915691
         -0.1613268933079416          -0.6002555530971055           0.2223957194643222
          0.0000000000000000           0.0000000000000000           0.0000000000000000
        -49.6283794740521031         896.7973052183305072        -187.0509565499941402
       -112.5198713740268488        -474.7443258354459203           0.4250326904514401
          0.0000000000000000           0.0000000000000000           0.0000000000000000
