1  82   4   1   0   -11.556368   0.000000

./DATA/2947/200/22/
0
          1.9036054301599816
          9.2536619816334191
          1.1293840670485813
          6.5658109517306782
          0.6454670938127798
          4.6651204181234656
          0.2858563772052709
          2.9428953754140843
          0.0758505512273293
          1.4638934526244147
          0.0092959394321068
          0.5064993251601793
          0.0000495881149742
          0.0369318340967208
          0.0000000014134735
          0.0001971750875273
          0.0735392813251995
          2.7040171673065907
         11.3614014328497870
          0.2047690853416224
         11.6993115382618438
         27.0218966036025918
          0.0542595919898182
          1.4815051540609123
          9.7207453839986915
          0.3167192000226641
         19.4720938959713976
         41.0417357255044095
          0.0400354546290791
          1.8268343394402902
          8.2925947856287721
          0.1114690211836038
          8.1419132719330314
         19.8487068053064455
          0.0295494961408503
          0.9657083137063542
          6.9432189928064316
          0.1724166292498996
         13.5958661786918160
         30.0554430321618824
          0.0390909139911180
          4.4429825812167820
         11.9192876425444290
          0.0604669439861027
          7.4551160672893060
         17.9606372402629439
          0.0090226226620395
          1.9648506314373837
          6.0645633607497942
          0.0139568700791501
          3.3140298480793509
          9.0872957270907548
          0.0367559980765909
          9.6533727658475605
         21.9928438854853425
         21.2518780980696498
       7524.0163501733977682
      13372.1899727352792979
          0.0011118759553938
          0.6401509494773201
          2.4449431742561156
          0.0017199642744719
          1.0850131654385400
          3.6447207364751533
          0.0045299788874843
          3.1632454184838936
          8.5619004192098416
          2.6201829411438884
       2269.4320289255088028
       3907.1564049517783133
          0.0000169004508389
          0.0737184621909958
          0.4470613056611245
          0.0000261435827677
          0.1255309132050882
          0.6646205694669308
          0.0000688587633501
          0.3659688008483304
          1.5105364901181162
          0.0398358063096567
        238.3957697589565043
        396.2613749949016437
1
          3.0845539938778082
          8.0727134179155939
          2.1886036505768924
          5.5065913682023666
          1.5550401393744886
          3.7555473725617570
          0.9809651251380279
          2.2477866274813270
          0.4879644842081380
          1.0517795196436053
          0.1688331083867265
          0.3469621562055599
          0.0123106113655736
          0.0246708108461214
          0.0000657250291758
          0.0001314514718250
          1.0189004479146078
          6.4378057818395096
          6.6822516517274604
          1.3816543363468003
         19.1510595757953546
         18.3932633150638800
          0.9937721977043994
          4.9867875786106408
          5.2759503537343893
          1.7192799745687859
         30.4132951665223921
         28.6979736804071734
          0.7192875962926703
          4.6987661109806105
          4.7414108724248720
          0.9421703389362196
         14.0621016163095796
         13.0978171431773323
          0.7045936228495222
          3.5415281874073550
          3.6923549923967491
          1.1503591081366209
         22.2681991980653393
         20.4051675339016754
          0.4980168452604571
          8.4311522649143082
          7.4721920275775711
          0.5891825883267469
         13.2804316726182776
         11.6066059905933709
          0.2122443606487028
          4.2735037296815896
          3.5526885245189295
          0.2413338272195835
          6.6802061129811126
          5.4937425050485471
          0.3606604392318749
         17.1583659671423092
         14.1639462430352427
         51.5621877864776437
      11319.6743896416992357
       9546.2216235785817844
          0.0665571035060527
          1.7102315589844126
          1.3094173371983677
          0.0723641990791939
          2.6467564813045628
          2.0123331858044149
          0.0961048212603011
          6.5701391097805963
          5.0634318855403269
          9.9758538361936822
       3341.2965719373046340
       2827.9361910449383686
          0.0073652568411332
          0.3078831774888155
          0.2055482339730112
          0.0076067044387674
          0.4697106085021155
          0.3128603133139047
          0.0085903114716253
          1.1118333040849413
          0.7561505341732365
          0.4047374391334500
        342.8300317046532655
        291.4622114163811375
1
          3.0845539938778086
          8.0727134179155939
          2.1886036505768929
          5.5065913682023684
          1.5550401393744886
          3.7555473725617565
          0.9809651251380280
          2.2477866274813265
          0.4879644842081379
          1.0517795196436059
          0.1688331083867265
          0.3469621562055600
          0.0123106113655736
          0.0246708108461214
          0.0000657250291758
          0.0001314514718250
          1.0189004479146073
          6.4378057818395114
          6.6822516517274515
          1.3816543363468003
         19.1510595757953759
         18.3932633150638729
          0.9937721977043995
          4.9867875786106408
          5.2759503537343919
          1.7192799745687857
         30.4132951665223956
         28.6979736804071486
          0.7192875962926704
          4.6987661109806043
          4.7414108724248694
          0.9421703389362196
         14.0621016163095849
         13.0978171431773287
          0.7045936228495221
          3.5415281874073536
          3.6923549923967420
          1.1503591081366205
         22.2681991980653358
         20.4051675339017322
          0.4980168452604570
          8.4311522649143047
          7.4721920275775764
          0.5891825883267471
         13.2804316726182741
         11.6066059905933905
          0.2122443606487027
          4.2735037296815914
          3.5526885245189295
          0.2413338272195834
          6.6802061129811197
          5.4937425050485356
          0.3606604392318749
         17.1583659671422986
         14.1639462430353174
         51.5621877864776437
      11319.6743896417028736
       9546.2216235786036123
          0.0665571035060527
          1.7102315589844126
          1.3094173371983726
          0.0723641990791939
          2.6467564813045676
          2.0123331858044149
          0.0961048212603011
          6.5701391097805955
          5.0634318855403295
          9.9758538361936857
       3341.2965719373055435
       2827.9361910449465540
          0.0073652568411332
          0.3078831774888157
          0.2055482339730113
          0.0076067044387674
          0.4697106085021153
          0.3128603133139050
          0.0085903114716253
          1.1118333040849409
          0.7561505341732382
          0.4047374391334500
        342.8300317046533223
        291.4622114163819901
1
          3.0845539938778082
          8.0727134179155957
          2.1886036505768929
          5.5065913682023604
          1.5550401393744888
          3.7555473725617543
          0.9809651251380280
          2.2477866274813292
          0.4879644842081379
          1.0517795196436051
          0.1688331083867265
          0.3469621562055599
          0.0123106113655736
          0.0246708108461214
          0.0000657250291758
          0.0001314514718250
          1.0189004479146075
          6.4378057818395105
          6.6822516517274559
          1.3816543363468003
         19.1510595757953759
         18.3932633150638196
          0.9937721977043994
          4.9867875786106408
          5.2759503537344026
          1.7192799745687857
         30.4132951665223956
         28.6979736804071415
          0.7192875962926701
          4.6987661109806060
          4.7414108724248498
          0.9421703389362196
         14.0621016163095849
         13.0978171431773358
          0.7045936228495221
          3.5415281874073519
          3.6923549923967425
          1.1503591081366205
         22.2681991980653251
         20.4051675339017358
          0.4980168452604571
          8.4311522649143065
          7.4721920275775817
          0.5891825883267472
         13.2804316726182670
         11.6066059905933940
          0.2122443606487027
          4.2735037296815914
          3.5526885245189299
          0.2413338272195834
          6.6802061129811241
          5.4937425050485391
          0.3606604392318749
         17.1583659671422986
         14.1639462430353174
         51.5621877864776579
      11319.6743896417046926
       9546.2216235786327161
          0.0665571035060527
          1.7102315589844121
          1.3094173371983722
          0.0723641990791939
          2.6467564813045663
          2.0123331858044224
          0.0961048212603011
          6.5701391097805955
          5.0634318855403251
          9.9758538361936857
       3341.2965719373069078
       2827.9361910449470088
          0.0073652568411332
          0.3078831774888157
          0.2055482339730114
          0.0076067044387674
          0.4697106085021153
          0.3128603133139048
          0.0085903114716253
          1.1118333040849402
          0.7561505341732384
          0.4047374391334501
        342.8300317046533223
        291.4622114163823312
