1  82   4   1   0   -8.604053   0.000000

./DATA/2947/200/14/
0
          2.5454333525570227
         10.9360730132690858
          1.5418754890777362
          7.8123078490026572
          0.9085084964736498
          5.6023422247489636
          0.4267490784218508
          3.6048961562701836
          0.1278446740055551
          1.8838381612699453
          0.0195111385557132
          0.7224132956319855
          0.0001842114867271
          0.0699544405034662
          0.0000000165163171
          0.0006623679147436
          0.2377424024108295
          4.6564572320718405
         16.9900263094817952
          0.6625544378791742
         19.1313957685291385
         39.7893533904694081
          0.1747913076360154
          2.8009284931940543
         15.2196871280340922
          1.0244153785727048
         31.7508055661086921
         60.8183412900097409
          0.1379786644288059
          3.1952975206155836
         12.5579644009724536
          0.3844221380743190
         13.4970133864227684
         29.5543602724444874
          0.1015594472031933
          1.8648313474433384
         11.0660976541787583
          0.5944463944942195
         22.4682630790577171
         45.0588893971231386
          0.1506825176156373
          7.5651055666802280
         18.1214633681033064
          0.2330383698327204
         12.6530336452541849
         27.5021463311128400
          0.0407194148397685
          3.4992470093044958
          9.5268999167818684
          0.0629818108585345
          5.8843911484030089
         14.3707706720835269
          0.1657911267099205
         17.2074484505051188
         35.7531920705544479
         95.6635269253766154
      15595.3464880880237615
      26251.3682035628007725
          0.0062986608591028
          1.2324129348305533
          4.0528920779011823
          0.0097430370967420
          2.0839347902258143
          6.0715596868689659
          0.0256561852575604
          6.0943934760051981
         14.6225682633196890
         14.8275004647630109
       4947.8915802040928611
       8475.3302607291916502
          0.0001512517887761
          0.1714380404903127
          0.8429421537499923
          0.0002339723648420
          0.2915756871891180
          1.2546898835170996
          0.0006162341728377
          0.8514299753193317
          2.8920129675044803
          0.3564523694186181
        593.5729312840958301
        998.5667917728549128
1
          3.6453576710896951
          9.8361486947364138
          2.6041026163342180
          6.7500807217461745
          1.8674474082496553
          4.6434033129729597
          1.2016320520900607
          2.8300131826019728
          0.6279460537566484
          1.3837367815188517
          0.2408044318773286
          0.5011200023103705
          0.0233181468344887
          0.0468205051557045
          0.0002207893049145
          0.0004415951261462
          1.6383644318850967
          9.6021077532416133
         10.6437537588377467
          2.3262777348817401
         28.2508120467258941
         29.0062138152700868
          1.6315958193416500
          7.8169092777374578
          8.7469018317850793
          3.0074224253349362
         45.1143178647061092
         45.4718219446500100
          1.1718972650369150
          7.0932809107796677
          7.6260624102002685
          1.6101545528028054
         20.9816022048316668
         20.8440390393071375
          1.1707176562783077
          5.6575735727103327
          6.2041972198366580
          2.0472322318100904
         33.4342161608144721
         32.6401504780504297
          0.8746721312593970
         12.8533331717767840
         12.1092461493629511
          1.0799573847526305
         20.3925273329880135
         18.9157336284591189
          0.3891572707890685
          6.7393677393779639
          5.9383413307591315
          0.4616206828583219
         10.6187361318066724
          9.2377868166800017
          0.7624904338814014
         28.0462966627752088
         24.3176445511129451
        161.0235795024215406
      22377.3138060663841316
      19404.0408330074023979
          0.1312166000405950
          2.8502991634631161
          2.3100879100871343
          0.1480214820243022
          4.4463084239393247
          3.5709076082279276
          0.2173235749183464
         11.3451961843781834
          9.1800981652859175
         34.0244066144894433
       7231.4685539918145878
       6172.5563807917105805
          0.0173510112131430
          0.5844054269038138
          0.4127750079121244
          0.0183095425375298
          0.8970327329993777
          0.6311572675341485
          0.0222302457997705
          2.1673581451765549
          1.5544707860203213
          1.7257664875204755
        860.1173053015598953
        730.6531036372883818
1
          3.6453576710896951
          9.8361486947364156
          2.6041026163342171
          6.7500807217461727
          1.8674474082496555
          4.6434033129729588
          1.2016320520900610
          2.8300131826019745
          0.6279460537566481
          1.3837367815188513
          0.2408044318773286
          0.5011200023103705
          0.0233181468344887
          0.0468205051557046
          0.0002207893049145
          0.0004415951261462
          1.6383644318850963
          9.6021077532415919
         10.6437537588377484
          2.3262777348817409
         28.2508120467258941
         29.0062138152701081
          1.6315958193416500
          7.8169092777374516
          8.7469018317850313
          3.0074224253349371
         45.1143178647060736
         45.4718219446498466
          1.1718972650369150
          7.0932809107796668
          7.6260624102002881
          1.6101545528028047
         20.9816022048316952
         20.8440390393071340
          1.1707176562783084
          5.6575735727103318
          6.2041972198366411
          2.0472322318100904
         33.4342161608144579
         32.6401504780504936
          0.8746721312593972
         12.8533331717767751
         12.1092461493629191
          1.0799573847526305
         20.3925273329880383
         18.9157336284591189
          0.3891572707890684
          6.7393677393779674
          5.9383413307591253
          0.4616206828583217
         10.6187361318066529
          9.2377868166800283
          0.7624904338814016
         28.0462966627752053
         24.3176445511127817
        161.0235795024215122
      22377.3138060663950455
      19404.0408330074569676
          0.1312166000405950
          2.8502991634631147
          2.3100879100871219
          0.1480214820243022
          4.4463084239393273
          3.5709076082279272
          0.2173235749183464
         11.3451961843781781
          9.1800981652859299
         34.0244066144894148
       7231.4685539918127688
       6172.5563807916823862
          0.0173510112131430
          0.5844054269038140
          0.4127750079121256
          0.0183095425375298
          0.8970327329993775
          0.6311572675341484
          0.0222302457997705
          2.1673581451765558
          1.5544707860203208
          1.7257664875204759
        860.1173053015588721
        730.6531036372890640
1
          3.6453576710896951
          9.8361486947364121
          2.6041026163342176
          6.7500807217461736
          1.8674474082496555
          4.6434033129729633
          1.2016320520900610
          2.8300131826019714
          0.6279460537566482
          1.3837367815188519
          0.2408044318773286
          0.5011200023103706
          0.0233181468344887
          0.0468205051557045
          0.0002207893049145
          0.0004415951261462
          1.6383644318850963
          9.6021077532415973
         10.6437537588377342
          2.3262777348817405
         28.2508120467259047
         29.0062138152701010
          1.6315958193416495
          7.8169092777374507
          8.7469018317850686
          3.0074224253349366
         45.1143178647060594
         45.4718219446498111
          1.1718972650369153
          7.0932809107796668
          7.6260624102002890
          1.6101545528028052
         20.9816022048316952
         20.8440390393071553
          1.1707176562783081
          5.6575735727103327
          6.2041972198366437
          2.0472322318100904
         33.4342161608144579
         32.6401504780505647
          0.8746721312593970
         12.8533331717767645
         12.1092461493629138
          1.0799573847526311
         20.3925273329880277
         18.9157336284590905
          0.3891572707890684
          6.7393677393779692
          5.9383413307591280
          0.4616206828583216
         10.6187361318066547
          9.2377868166800301
          0.7624904338814016
         28.0462966627752053
         24.3176445511127781
        161.0235795024215406
      22377.3138060663950455
      19404.0408330074496916
          0.1312166000405950
          2.8502991634631134
          2.3100879100871219
          0.1480214820243021
          4.4463084239393273
          3.5709076082279281
          0.2173235749183464
         11.3451961843781817
          9.1800981652859424
         34.0244066144894148
       7231.4685539918118593
       6172.5563807916805672
          0.0173510112131430
          0.5844054269038140
          0.4127750079121257
          0.0183095425375298
          0.8970327329993772
          0.6311572675341484
          0.0222302457997705
          2.1673581451765562
          1.5544707860203202
          1.7257664875204759
        860.1173053015579626
        730.6531036372887229
