4.89932403
  in kB    3427.53421  3427.53421  3427.53421    -0.00000    -0.00000     0.00000
 POSITION                                       TOTAL-FORCE (eV/Angst)
 -----------------------------------------------------------------------------------
      0.00000      0.00000      0.00000         0.000000      0.000000      0.000000
      0.00000      1.64440      1.64440         0.000000      0.000000      0.000000
      1.64440      1.64440      0.00000         0.000000      0.000000      0.000000
      1.64440      0.00000      1.64440         0.000000      0.000000      0.000000
 -----------------------------------------------------------------------------------
    total drift:                                0.000000     -0.000000     -0.000000
