-12.05108154
  in kB      -2.43450    35.67723    50.14305   -25.02375    -7.35478     8.88768
 POSITION                                       TOTAL-FORCE (eV/Angst)
 -----------------------------------------------------------------------------------
      1.67938     -1.18331     -1.77512         0.988235     -0.765952      0.110080
      1.42250      1.83606     -0.78749        -0.634510      0.139844     -0.065949
      4.67028     -0.13455     -1.78527        -0.220213      0.780274      0.749497
      2.50543      1.02128     -2.83774        -0.133511     -0.154165     -0.793628
 -----------------------------------------------------------------------------------
    total drift:                               -0.003913      0.002507      0.000110
